070322|A50CHIN-C22|0.055|0.000|0.000|0.000|0.00|0
070324|A50CHIN-C24|0.815|0.000|0.000|0.000|0.00|0
070326|A50CHIN-C26|0.495|0.000|0.000|0.000|0.00|0
070328|A50CHIN-C28|0.190|0.200|0.215|+0.025|+13.16|35,080
070330|A50CHIN-C30|0.245|0.265|0.275|+0.030|+12.24|17,530
070332|A50CHIN-C32|0.720|0.000|0.000|0.000|0.00|0
070334|A50CHIN-C34|0.870|0.905|0.895|+0.025|+2.87|30
070336|A50CHIN-C36|0.460|0.475|0.490|+0.030|+6.52|38,098
070338|A50CHIN-C38|0.180|0.185|0.195|+0.015|+8.33|131,998
070321|A50CHIN-H21|0.050|0.000|0.000|0.000|0.00|0
070323|A50CHIN-H23|0.005|0.000|0.000|0.000|0.00|0
070325|A50CHIN-H25|0.035|0.000|0.000|0.000|0.00|0
070327|A50CHIN-H27|0.080|0.075|0.080|0.000|0.00|738
070329|A50CHIN-H29|0.440|0.430|0.415|-0.025|-5.68|40,372
7054|AASIA|0.160|0.000|0.000|0.000|0.00|0
5238|AAX|0.250|0.250|0.245|-0.005|-2.00|29,558
523821|AAX-C21|0.005|0.000|0.000|0.000|0.00|0
5238WA|AAX-WA|0.050|0.045|0.045|-0.005|-10.00|15,320
0800EA|ABFMY1|1.179|0.000|0.000|0.000|0.00|0
7086|ABLEGRP|0.070|0.000|0.000|0.000|0.00|0
2488|ABMB|4.140|4.140|4.070|-0.070|-1.69|4,972
2488CY|ABMB-CY|0.100|0.000|0.000|0.000|0.00|0
7131|ACME|0.250|0.000|0.000|0.000|0.00|0
7120|ACOSTEC|0.420|0.425|0.415|-0.005|-1.19|15,193
5281|ADVCON|0.430|0.435|0.425|-0.005|-1.16|27,242
7191|ADVENTA|0.350|0.355|0.355|+0.005|+1.43|270
9148|ADVPKG|1.860|0.000|0.000|0.000|0.00|0
7146|AEM|0.105|0.105|0.110|+0.005|+4.76|501
7146WA|AEM-WA|0.010|0.005|0.005|-0.005|-50.00|900
0181|AEMULUS|0.240|0.240|0.240|0.000|0.00|2,431
6599|AEON|1.460|1.460|1.450|-0.010|-0.68|26,905
6599CO|AEON-CO|0.030|0.030|0.030|0.000|0.00|11,585
6599CP|AEON-CP|0.050|0.000|0.000|0.000|0.00|0
6599CQ|AEON-CQ|0.030|0.000|0.000|0.000|0.00|0
5139|AEONCR|16.960|16.920|16.800|-0.160|-0.94|1,647
5139LA|AEONCR-LA|1.530|1.530|1.590|+0.060|+3.92|75
5185|AFFIN|2.230|2.220|2.220|-0.010|-0.45|292
5198|AFUJIYA|0.510|0.520|0.520|+0.010|+1.96|10
7315|AHB|0.145|0.145|0.135|-0.010|-6.90|9,460
7315WB|AHB-WB|0.015|0.010|0.010|-0.005|-33.33|2,749
7090|AHEALTH|9.140|9.180|9.020|-0.120|-1.31|1,016
4952|AHP|0.760|0.755|0.775|+0.015|+1.97|120
0122|AIM|0.250|0.000|0.000|0.000|0.00|0
5099|AIRASIA|2.740|2.750|2.700|-0.040|-1.46|23,001
509959|AIRASIAC59|0.020|0.000|0.000|0.000|0.00|0
509967|AIRASIAC67|0.085|0.080|0.080|-0.005|-5.88|5,477
509968|AIRASIAC68|0.005|0.000|0.000|0.000|0.00|0
509969|AIRASIAC69|0.005|0.000|0.000|0.000|0.00|0
509970|AIRASIAC70|0.005|0.000|0.000|0.000|0.00|0
509971|AIRASIAC71|0.065|0.000|0.000|0.000|0.00|0
509972|AIRASIAC72|0.175|0.000|0.000|0.000|0.00|0
509973|AIRASIAC73|0.190|0.190|0.190|0.000|0.00|1,000
509974|AIRASIAC74|0.325|0.310|0.305|-0.020|-6.15|250
509975|AIRASIAC75|0.120|0.115|0.115|-0.005|-4.17|1,000
509976|AIRASIAC76|0.070|0.000|0.000|0.000|0.00|0
509977|AIRASIAC77|0.070|0.070|0.070|0.000|0.00|30,700
509978|AIRASIAC78|0.095|0.000|0.000|0.000|0.00|0
509979|AIRASIAC79|0.045|0.000|0.000|0.000|0.00|0
509980|AIRASIAC80|0.050|0.000|0.000|0.000|0.00|0
5014|AIRPORT|7.340|7.350|7.290|-0.050|-0.68|31,856
5014C4|AIRPORT-C4|0.025|0.000|0.000|0.000|0.00|0
5014C5|AIRPORT-C5|0.030|0.000|0.000|0.000|0.00|0
5014C6|AIRPORT-C6|0.075|0.000|0.000|0.000|0.00|0
5014C7|AIRPORT-C7|0.050|0.000|0.000|0.000|0.00|0
2682|AISB|0.265|0.000|0.000|0.000|0.00|0
2658|AJI|17.980|17.980|17.880|-0.100|-0.56|641
7609|AJIYA|0.530|0.530|0.530|0.000|0.00|403
7609WA|AJIYA-WA|0.090|0.090|0.100|+0.010|+11.11|49
5115|ALAM|0.110|0.110|0.105|-0.005|-4.55|5,787
5116|ALAQAR|1.340|1.350|1.390|+0.050|+3.73|4,459
2674|ALCOM|0.525|0.525|0.530|+0.005|+0.95|285
1163|ALLIANZ|14.480|14.560|14.500|+0.020|+0.14|22
1163PA|ALLIANZ-PA|14.300|0.000|0.000|0.000|0.00|0
5269|ALSREIT|0.845|0.840|0.850|+0.005|+0.59|22
1015|AMBANK|4.520|4.530|4.530|+0.010|+0.22|55,810
101510|AMBANK-C10|0.175|0.000|0.000|0.000|0.00|0
101511|AMBANK-C11|0.165|0.000|0.000|0.000|0.00|0
101512|AMBANK-C12|0.125|0.000|0.000|0.000|0.00|0
101513|AMBANK-C13|0.085|0.000|0.000|0.000|0.00|0
0159|AMEDIA|0.155|0.155|0.155|0.000|0.00|600
5120|AMFIRST|0.530|0.535|0.535|+0.005|+0.94|640
03011|AMLEX|0.200|0.000|0.000|0.000|0.00|0
1007|AMPROP|0.520|0.515|0.535|+0.015|+2.88|425
1007PA|AMPROP-PA|0.250|0.250|0.250|0.000|0.00|281
1007PB|AMPROP-PB|0.580|0.000|0.000|0.000|0.00|0
7031|AMTEL|0.665|0.000|0.000|0.000|0.00|0
5959|AMVERTON|1.170|1.170|1.180|+0.010|+0.85|3,252
6351|AMWAY|6.000|6.000|6.000|0.000|0.00|20
7083|ANALABS|1.110|1.100|1.100|-0.010|-0.90|8
4758|ANCOM|0.485|0.470|0.485|0.000|0.00|902
0048|ANCOMLB|0.085|0.080|0.080|-0.005|-5.88|347
6556|ANNJOO|1.530|1.540|1.570|+0.040|+2.61|7,074
6556PA|ANNJOO-PA|0.490|0.550|0.550|+0.060|+12.24|55
9342|ANZO|0.040|0.040|0.040|0.000|0.00|20,712
9342WA|ANZO-WA|0.005|0.000|0.000|0.000|0.00|0
9342WB|ANZO-WB|0.025|0.000|0.000|0.000|0.00|0
9342WC|ANZO-WC|0.005|0.000|0.000|0.000|0.00|0
5568|APB|0.665|0.650|0.650|-0.015|-2.26|79
5088|APEX|1.060|1.050|1.050|-0.010|-0.94|160
5194|APFT|0.015|0.020|0.015|0.000|0.00|119,500
5015|APM|3.010|3.010|3.000|-0.010|-0.33|343
6432|APOLLO|3.900|3.950|3.950|+0.050|+1.28|22
0119|APPASIA|0.085|0.085|0.085|0.000|0.00|280
0119WA|APPASIA-WA|0.040|0.035|0.035|-0.005|-12.50|600
7214|ARANK|0.520|0.520|0.515|-0.005|-0.96|1,182
7007|ARK|0.360|0.000|0.000|0.000|0.00|0
7007WB|ARK-WB|0.090|0.000|0.000|0.000|0.00|0
5210|ARMADA|0.185|0.185|0.185|0.000|0.00|761,224
521040|ARMADA-C40|0.005|0.000|0.000|0.000|0.00|0
521043|ARMADA-C43|0.005|0.000|0.000|0.000|0.00|0
521045|ARMADA-C45|0.005|0.000|0.000|0.000|0.00|0
521046|ARMADA-C46|0.005|0.000|0.000|0.000|0.00|0
521047|ARMADA-C47|0.005|0.000|0.000|0.000|0.00|0
521048|ARMADA-C48|0.005|0.000|0.000|0.000|0.00|0
521049|ARMADA-C49|0.005|0.000|0.000|0.000|0.00|0
521050|ARMADA-C50|0.015|0.000|0.000|0.000|0.00|0
5127|ARREIT|0.835|0.840|0.840|+0.005|+0.60|63
1481|ASB|0.135|0.135|0.135|0.000|0.00|8,234
0068|ASDION|0.270|0.270|0.270|0.000|0.00|10,573
7722|ASIABRN|0.480|0.475|0.480|0.000|0.00|60
7129|ASIAFLE|2.480|2.480|2.480|0.000|0.00|180
4057|ASIAPAC|0.120|0.120|0.120|0.000|0.00|90
4057LC|ASIAPAC-LC|0.580|0.000|0.000|0.000|0.00|0
4057WB|ASIAPAC-WB|0.045|0.000|0.000|0.000|0.00|0
0105|ASIAPLY|0.080|0.070|0.075|-0.005|-6.25|2,903
0105PA|ASIAPLY-PA|0.035|0.000|0.000|0.000|0.00|0
0105WA|ASIAPLY-WA|0.015|0.000|0.000|0.000|0.00|0
0105WB|ASIAPLY-WB|0.025|0.000|0.000|0.000|0.00|0
7162|ASTINO|0.670|0.000|0.000|0.000|0.00|0
6399|ASTRO|1.530|1.500|1.490|-0.040|-2.61|15,624
639910|ASTRO-C10|0.115|0.085|0.085|-0.030|-26.09|20
639911|ASTRO-C11|0.110|0.000|0.000|0.000|0.00|0
639912|ASTRO-C12|0.065|0.065|0.065|0.000|0.00|200
639913|ASTRO-C13|0.070|0.060|0.060|-0.010|-14.29|16,000
639914|ASTRO-C14|0.065|0.000|0.000|0.000|0.00|0
0072|AT|0.050|0.000|0.000|0.000|0.00|0
0072WB|AT-WB|0.005|0.000|0.000|0.000|0.00|0
8176|ATAIMS|1.750|1.750|1.750|0.000|0.00|7,324
7048|ATLAN|4.500|4.490|4.500|0.000|0.00|60
5130|ATRIUM|1.120|1.120|1.120|0.000|0.00|790
7099|ATTA|0.605|0.605|0.600|-0.005|-0.83|20
7099LA|ATTA-LA|0.075|0.000|0.000|0.000|0.00|0
7099PA|ATTA-PA|0.120|0.000|0.000|0.000|0.00|0
7099WB|ATTA-WB|0.110|0.000|0.000|0.000|0.00|0
7099WC|ATTA-WC|0.090|0.000|0.000|0.000|0.00|0
7181|ATURMJU|0.370|0.370|0.370|0.000|0.00|28,706
7181PA|ATURMJU-PA|0.190|0.190|0.195|+0.005|+2.63|51,024
8885|AVI|0.140|0.140|0.135|-0.005|-3.57|15,378
7579|AWC|0.775|0.775|0.770|-0.005|-0.65|3,829
7579WA|AWC-WA|0.265|0.260|0.260|-0.005|-1.89|2,950
6888|AXIATA|4.180|4.170|4.120|-0.060|-1.44|50,359
688828|AXIATA-C28|0.020|0.000|0.000|0.000|0.00|0
688830|AXIATA-C30|0.040|0.000|0.000|0.000|0.00|0
688831|AXIATA-C31|0.005|0.000|0.000|0.000|0.00|0
688832|AXIATA-C32|0.105|0.000|0.000|0.000|0.00|0
688833|AXIATA-C33|0.170|0.165|0.165|-0.005|-2.94|15,794
688834|AXIATA-C34|0.180|0.000|0.000|0.000|0.00|0
688835|AXIATA-C35|0.135|0.000|0.000|0.000|0.00|0
688836|AXIATA-C36|0.200|0.000|0.000|0.000|0.00|0
688837|AXIATA-C37|0.080|0.080|0.075|-0.005|-6.25|4
5106|AXREIT|1.790|1.810|1.800|+0.010|+0.56|14,609
2305|AYER|4.410|0.000|0.000|0.000|0.00|0
5021|AYS|0.340|0.330|0.335|-0.005|-1.47|564
7078|AZRB|0.515|0.520|0.515|0.000|0.00|14,720
7078WA|AZRB-WA|0.270|0.270|0.260|-0.010|-3.70|1,112
0098|BAHVEST|0.665|0.665|0.690|+0.025|+3.76|60,927
0098WA|BAHVEST-WA|0.425|0.425|0.440|+0.015|+3.53|33,221
7251|BARAKAH|0.100|0.105|0.100|0.000|0.00|177,948
4162|BAT|35.700|35.880|35.000|-0.700|-1.96|2,477
4162CM|BAT-CM|0.090|0.000|0.000|0.000|0.00|0
4162CN|BAT-CN|0.130|0.000|0.000|0.000|0.00|0
4162CO|BAT-CO|0.075|0.000|0.000|0.000|0.00|0
5248|BAUTO|2.320|2.320|2.290|-0.030|-1.29|22,664
5248C1|BAUTO-C1|0.080|0.000|0.000|0.000|0.00|0
5248CY|BAUTO-CY|0.140|0.000|0.000|0.000|0.00|0
5248CZ|BAUTO-CZ|0.205|0.190|0.185|-0.020|-9.76|1,300
6602|BCB|0.295|0.280|0.280|-0.015|-5.08|1,554
0187|BCMALL|0.195|0.195|0.195|0.000|0.00|3,125
6173|BDB|0.420|0.420|0.410|-0.010|-2.38|7,913
5190|BENALEC|0.190|0.190|0.190|0.000|0.00|4,726
9814|BERTAM|0.275|0.280|0.280|+0.005|+1.82|1,400
8133|BHIC|1.240|0.000|0.000|0.000|0.00|0
7005|BIG|0.390|0.410|0.400|+0.010|+2.56|641
5258|BIMB|4.210|4.210|4.210|0.000|0.00|8,262
5258WA|BIMB-WA|0.255|0.250|0.260|+0.005|+1.96|1,775
0195|BINACOM|0.390|0.000|0.000|0.000|0.00|0
6998|BINTAI|0.135|0.130|0.135|0.000|0.00|2,001
6998WA|BINTAI-WA|0.045|0.040|0.045|0.000|0.00|910
0179|BIOHLDG|0.205|0.210|0.205|0.000|0.00|6,615
0179WA|BIOHLDG-WA|0.080|0.080|0.080|0.000|0.00|1,000
7243|BIOOSMO|0.060|0.055|0.050|-0.010|-16.67|49,163
5032|BIPORT|4.740|0.000|0.000|0.000|0.00|0
3239|BJASSET|0.310|0.305|0.310|0.000|0.00|1,468
3239WB|BJASSET-WB|0.055|0.055|0.055|0.000|0.00|50
3395|BJCORP|0.270|0.270|0.270|0.000|0.00|465,794
339510|BJCORP-C10|0.005|0.000|0.000|0.000|0.00|0
339511|BJCORP-C11|0.015|0.000|0.000|0.000|0.00|0
3395LD|BJCORP-LD|0.340|0.345|0.345|+0.005|+1.47|100
3395LE|BJCORP-LE|0.385|0.000|0.000|0.000|0.00|0
3395WB|BJCORP-WB|0.045|0.045|0.045|0.000|0.00|1,880
3395WC|BJCORP-WC|0.070|0.070|0.070|0.000|0.00|10,158
5196|BJFOOD|1.590|1.600|1.620|+0.030|+1.89|1,585
4219|BJLAND|0.255|0.255|0.250|-0.005|-1.96|52,804
6025|BJMEDIA|0.150|0.000|0.000|0.000|0.00|0
1562|BJTOTO|2.320|2.330|2.350|+0.030|+1.29|5,653
1562CW|BJTOTO-CW|0.060|0.000|0.000|0.000|0.00|0
1562CX|BJTOTO-CX|0.090|0.000|0.000|0.000|0.00|0
1899|BKAWAN|16.960|17.000|16.960|0.000|0.00|53
5069|BLDPLNT|6.740|6.720|6.720|-0.020|-0.30|350
0508C5|BOC-C5|0.130|0.090|0.090|-0.040|-30.77|100
0168|BOILERM|0.545|0.000|0.000|0.000|0.00|0
9288|BONIA|0.255|0.250|0.250|-0.005|-1.96|1,268
7036|BORNOIL|0.045|0.045|0.045|0.000|0.00|25,283
7036WC|BORNOIL-WC|0.020|0.000|0.000|0.000|0.00|0
7036WD|BORNOIL-WD|0.020|0.020|0.020|0.000|0.00|1,100
6297|BOXPAK|1.080|0.000|0.000|0.000|0.00|0
6297WA|BOXPAK-WA|0.175|0.000|0.000|0.000|0.00|0
5254|BPLANT|0.780|0.780|0.780|0.000|0.00|3,087
5100|BPPLAS|1.080|0.000|0.000|0.000|0.00|0
5932|BPURI|0.180|0.185|0.185|+0.005|+2.78|10,587
9474|BRAHIMS|0.145|0.145|0.145|0.000|0.00|10,102
8761|BREM|0.770|0.000|0.000|0.000|0.00|0
9938|BRIGHT|0.200|0.190|0.190|-0.010|-5.00|23
7221|BSLCORP|0.360|0.355|0.330|-0.030|-8.33|1,269
2771|BSTEAD|1.280|1.280|1.280|0.000|0.00|945
0011|BTECH|0.365|0.365|0.355|-0.010|-2.74|14,107
7188|BTM|0.115|0.000|0.000|0.000|0.00|0
7188WA|BTM-WA|0.005|0.000|0.000|0.000|0.00|0
7188WB|BTM-WB|0.040|0.000|0.000|0.000|0.00|0
1818|BURSA|6.810|6.820|6.930|+0.120|+1.76|7,973
181820|BURSA-C20|0.005|0.000|0.000|0.000|0.00|0
181821|BURSA-C21|0.075|0.000|0.000|0.000|0.00|0
181822|BURSA-C22|0.045|0.050|0.050|+0.005|+11.11|400
181823|BURSA-C23|0.040|0.040|0.040|0.000|0.00|500
7174|CAB|0.595|0.595|0.595|0.000|0.00|2,157
7174WA|CAB-WA|0.450|0.000|0.000|0.000|0.00|0
0191|CABNET|0.290|0.270|0.275|-0.015|-5.17|560
0191WA|CABNET-WA|0.055|0.050|0.050|-0.005|-9.09|45
7154|CAELY|0.910|0.905|0.900|-0.010|-1.10|1,120
7154WA|CAELY-WA|0.560|0.530|0.540|-0.020|-3.57|30
7128|CAMRES|0.250|0.250|0.250|0.000|0.00|300
5105|CANONE|2.980|3.000|2.970|-0.010|-0.34|2,959
5229|CAP|0.010|0.000|0.000|0.000|0.00|0
0163|CAREPLS|0.160|0.160|0.160|0.000|0.00|2,978
5257|CARIMIN|0.845|0.855|0.845|0.000|0.00|86,298
5245|CARING|1.960|1.950|1.950|-0.010|-0.51|220
2836|CARLSBG|26.340|26.540|26.700|+0.360|+1.37|7,388
7076|CBIP|1.050|1.050|1.070|+0.020|+1.90|257
7076WA|CBIP-WA|0.010|0.010|0.010|0.000|0.00|420
2925|CCB|1.600|1.570|1.610|+0.010|+0.63|392
7035|CCK|0.610|0.610|0.595|-0.015|-2.46|17,192
7035WA|CCK-WA|0.125|0.120|0.115|-0.010|-8.00|13,551
2879|CCM|1.920|1.900|1.900|-0.020|-1.04|82
5195|CENSOF|0.145|0.145|0.145|0.000|0.00|2,480
5195WB|CENSOF-WB|0.005|0.000|0.000|0.000|0.00|0
8982|CEPAT|0.590|0.590|0.590|0.000|0.00|129
8435|CEPCO|0.645|0.000|0.000|0.000|0.00|0
8044|CFM|1.260|1.140|1.120|-0.140|-11.11|45
0579C1|CGARDEN-C1|0.135|0.000|0.000|0.000|0.00|0
7209|CHEETAH|0.300|0.000|0.000|0.000|0.00|0
7187|CHGP|0.350|0.000|0.000|0.000|0.00|0
7187WA|CHGP-WA|0.175|0.000|0.000|0.000|0.00|0
5738|CHHB|1.530|0.000|0.000|0.000|0.00|0
5738WB|CHHB-WB|0.385|0.000|0.000|0.000|0.00|0
0829EA|CHINAETF-MYR|5.630|0.000|0.000|0.000|0.00|0
0829EB|CHINAETF-USD|1.275|0.000|0.000|0.000|0.00|0
5273|CHINHIN|0.800|0.790|0.800|0.000|0.00|300
1929|CHINTEK|6.580|6.600|6.570|-0.010|-0.15|37
5007|CHINWEL|1.790|1.790|1.790|0.000|0.00|171
0501CG|CHMOBIL-CG|0.135|0.000|0.000|0.000|0.00|0
5797|CHOOBEE|1.590|1.560|1.560|-0.030|-1.89|24
7016|CHUAN|0.405|0.405|0.390|-0.015|-3.70|210
8052|CICB|0.590|0.000|0.000|0.000|0.00|0
2828|CIHLDG|1.410|0.000|0.000|0.000|0.00|0
1023|CIMB|5.120|5.130|5.070|-0.050|-0.98|172,387
102340|CIMB-C40|0.005|0.000|0.000|0.000|0.00|0
102341|CIMB-C41|0.075|0.000|0.000|0.000|0.00|0
102342|CIMB-C42|0.050|0.000|0.000|0.000|0.00|0
102343|CIMB-C43|0.025|0.000|0.000|0.000|0.00|0
102344|CIMB-C44|0.035|0.000|0.000|0.000|0.00|0
102345|CIMB-C45|0.050|0.050|0.050|0.000|0.00|32,800
102346|CIMB-C46|0.080|0.000|0.000|0.000|0.00|0
102347|CIMB-C47|0.055|0.000|0.000|0.000|0.00|0
0822EA|CIMBA40|1.850|0.000|0.000|0.000|0.00|0
0823EA|CIMBC50|1.570|1.595|1.595|+0.025|+1.59|10
7117|CJCEN|0.435|0.430|0.435|0.000|0.00|2,495
0514C3|CKHUTCH-C3|0.075|0.000|0.000|0.000|0.00|0
03001|CLOUD|0.300|0.000|0.000|0.000|0.00|0
7018|CME|0.040|0.040|0.035|-0.005|-12.50|150
7018LA|CME-LA|0.025|0.000|0.000|0.000|0.00|0
7018WA|CME-WA|0.025|0.000|0.000|0.000|0.00|0
5180|CMMT|1.120|1.120|1.110|-0.010|-0.89|3,086
2852|CMSB|3.350|3.340|3.380|+0.030|+0.90|7,679
285214|CMSB-C14|0.085|0.000|0.000|0.000|0.00|0
285215|CMSB-C15|0.110|0.000|0.000|0.000|0.00|0
7986|CNASIA|0.450|0.000|0.000|0.000|0.00|0
5104|CNI|0.075|0.000|0.000|0.000|0.00|0
5188|CNOUHUA|0.050|0.045|0.050|0.000|0.00|9,420
5071|COASTAL|1.030|1.050|1.050|+0.020|+1.94|764
7205|COCOLND|1.990|1.950|1.950|-0.040|-2.01|20
7195|COMCORP|0.115|0.105|0.105|-0.010|-8.70|1,994
2127|COMFORT|0.810|0.845|0.855|+0.045|+5.56|19,132
5136|COMPLET|0.870|0.870|0.860|-0.010|-1.15|1,070
5037|COMPUGT|0.025|0.025|0.025|0.000|0.00|106,489
0102|CONNECT|0.110|0.105|0.105|-0.005|-4.55|100
0102PA|CONNECT-PA|0.030|0.000|0.000|0.000|0.00|0
0102WA|CONNECT-WA|0.030|0.000|0.000|0.000|0.00|0
0102WB|CONNECT-WB|0.040|0.000|0.000|0.000|0.00|0
8591|CRESBLD|1.120|1.130|1.080|-0.040|-3.57|9,003
6718|CRESNDO|1.290|1.340|1.320|+0.030|+2.33|3,279
03016|CRG|0.050|0.045|0.045|-0.005|-10.00|600
7202|CSCENIC|1.110|1.100|1.090|-0.020|-1.80|606
5094|CSCSTEL|1.050|1.060|1.040|-0.010|-0.95|1,473
5214|CSL|0.010|0.000|0.000|0.000|0.00|0
0051|CUSCAPI|0.205|0.210|0.205|0.000|0.00|33,776
5049|CVIEW|1.510|1.510|1.510|0.000|0.00|21
9423|CWG|0.425|0.420|0.420|-0.005|-1.18|100
7157|CYL|0.420|0.405|0.420|0.000|0.00|57
5082|CYMAO|0.345|0.000|0.000|0.000|0.00|0
5184|CYPARK|1.680|1.690|1.680|0.000|0.00|1,023
7204|D&O|0.695|0.700|0.685|-0.010|-1.44|12,582
8125|DAIBOCI|1.580|1.580|1.580|0.000|0.00|4,208
8125WB|DAIBOCI-WB|0.135|0.130|0.140|+0.005|+3.70|31
5355|DAIMAN|2.990|0.000|0.000|0.000|0.00|0
5276|DANCO|0.635|0.630|0.620|-0.015|-2.36|7,345
5276WA|DANCO-WA|0.385|0.385|0.365|-0.020|-5.19|3,747
8338|DATAPRP|0.215|0.215|0.215|0.000|0.00|6,749
0091|DAYA|0.010|0.010|0.005|-0.005|-50.00|2,630
5141|DAYANG|1.340|1.370|1.390|+0.050|+3.73|625,986
7179|DBE|0.030|0.030|0.030|0.000|0.00|400
7179WB|DBE-WB|0.010|0.000|0.000|0.000|0.00|0
3484|DBHD|0.510|0.505|0.505|-0.005|-0.98|7,763
3484WA|DBHD-WA|0.110|0.115|0.110|0.000|0.00|909
7119|DEGEM|1.050|0.000|0.000|0.000|0.00|0
5132|DELEUM|1.090|1.100|1.110|+0.020|+1.83|1,385
7212|DESTINI|0.290|0.295|0.300|+0.010|+3.45|104,643
0152|DGB|0.130|0.120|0.120|-0.010|-7.69|950
0152WB|DGB-WB|0.030|0.025|0.025|-0.005|-16.67|75
0131|DGSB|0.075|0.075|0.075|0.000|0.00|2,492
7277|DIALOG|3.160|3.180|3.170|+0.010|+0.32|48,777
727733|DIALOG-C33|0.005|0.000|0.000|0.000|0.00|0
727735|DIALOG-C35|0.005|0.000|0.000|0.000|0.00|0
727736|DIALOG-C36|0.040|0.000|0.000|0.000|0.00|0
727737|DIALOG-C37|0.035|0.000|0.000|0.000|0.00|0
727738|DIALOG-C38|0.025|0.000|0.000|0.000|0.00|0
727739|DIALOG-C39|0.050|0.000|0.000|0.000|0.00|0
727740|DIALOG-C40|0.100|0.095|0.095|-0.005|-5.00|7,634
727741|DIALOG-C41|0.090|0.000|0.000|0.000|0.00|0
727742|DIALOG-C42|0.135|0.000|0.000|0.000|0.00|0
727743|DIALOG-C43|0.100|0.000|0.000|0.000|0.00|0
727744|DIALOG-C44|0.060|0.000|0.000|0.000|0.00|0
6947|DIGI|4.610|4.600|4.590|-0.020|-0.43|16,201
694724|DIGI-C24|0.040|0.000|0.000|0.000|0.00|0
694725|DIGI-C25|0.105|0.000|0.000|0.000|0.00|0
694726|DIGI-C26|0.115|0.000|0.000|0.000|0.00|0
694727|DIGI-C27|0.110|0.000|0.000|0.000|0.00|0
694728|DIGI-C28|0.040|0.000|0.000|0.000|0.00|0
0029|DIGISTA|0.045|0.045|0.045|0.000|0.00|260
0029WB|DIGISTA-WB|0.015|0.000|0.000|0.000|0.00|0
0400GA|DIN040000223|99.700|0.000|0.000|0.000|0.00|0
0400GC|DIN042300721|100.500|0.000|0.000|0.000|0.00|0
0400GB|DIN045801028|100.700|0.000|0.000|0.000|0.00|0
7528|DKLS|1.750|0.000|0.000|0.000|0.00|0
5908|DKSH|2.360|2.360|2.350|-0.010|-0.42|677
3026|DLADY|64.000|63.600|64.000|0.000|0.00|21
4456|DNEX|0.280|0.285|0.290|+0.010|+3.57|74,606
4456WD|DNEX-WD|0.075|0.070|0.070|-0.005|-6.67|6,882
7114|DNONCE|0.455|0.465|0.465|+0.010|+2.20|1,300
7114WA|DNONCE-WA|0.185|0.185|0.195|+0.010|+5.41|3,362
5835|DOLMITE|0.110|0.000|0.000|0.000|0.00|0
5265|DOLPHIN|0.135|0.135|0.140|+0.005|+3.70|1,425
5265WA|DOLPHIN-WA|0.030|0.030|0.030|0.000|0.00|320
7169|DOMINAN|1.250|1.260|1.260|+0.010|+0.80|36
7169WA|DOMINAN-WA|0.075|0.085|0.085|+0.010|+13.33|500
7148|DPHARMA|1.190|1.190|1.190|0.000|0.00|8,150
0205|DPIH|0.190|0.190|0.190|0.000|0.00|5,420
7198|DPS|0.070|0.075|0.075|+0.005|+7.14|2,120
7198WB|DPS-WB|0.030|0.000|0.000|0.000|0.00|0
1619|DRBHCOM|1.910|1.920|1.920|+0.010|+0.52|45,523
161960|DRBHCOMC60|0.020|0.020|0.025|+0.005|+25.00|14,821
161962|DRBHCOMC62|0.005|0.000|0.000|0.000|0.00|0
161964|DRBHCOMC64|0.005|0.005|0.005|0.000|0.00|2,000
161966|DRBHCOMC66|0.005|0.000|0.000|0.000|0.00|0
161967|DRBHCOMC67|0.015|0.000|0.000|0.000|0.00|0
161968|DRBHCOMC68|0.090|0.090|0.090|0.000|0.00|28,300
161969|DRBHCOMC69|0.125|0.135|0.135|+0.010|+8.00|420
161970|DRBHCOMC70|0.155|0.155|0.160|+0.005|+3.23|8,449
161971|DRBHCOMC71|0.130|0.125|0.125|-0.005|-3.85|300
161972|DRBHCOMC72|0.125|0.125|0.125|0.000|0.00|4,000
161973|DRBHCOMC73|0.090|0.000|0.000|0.000|0.00|0
161974|DRBHCOMC74|0.085|0.090|0.090|+0.005|+5.88|500
161975|DRBHCOMC75|0.075|0.080|0.080|+0.005|+6.67|3,300
5216|DSONIC|0.510|0.510|0.525|+0.015|+2.94|39,624
5216WA|DSONIC-WA|0.085|0.080|0.085|0.000|0.00|2,750
7233|DUFU|1.590|1.600|1.640|+0.050|+3.14|29,433
3948|DUTALND|0.490|0.490|0.495|+0.005|+1.02|1,202
7165|DWL|0.790|0.000|0.000|0.000|0.00|0
7165PA|DWL-PA|0.210|0.000|0.000|0.000|0.00|0
7165WA|DWL-WA|0.225|0.000|0.000|0.000|0.00|0
5178|DYNACIA|0.090|0.090|0.090|0.000|0.00|65,589
5178PA|DYNACIA-PA|0.045|0.050|0.045|0.000|0.00|32,020
5178WA|DYNACIA-WA|0.040|0.035|0.035|-0.005|-12.50|100
3417|E&O|0.900|0.900|0.915|+0.015|+1.67|15,001
341713|E&O-C13|0.105|0.000|0.000|0.000|0.00|0
341714|E&O-C14|0.150|0.000|0.000|0.000|0.00|0
3417WB|E&O-WB|0.005|0.005|0.005|0.000|0.00|200
0154|EAH|0.020|0.000|0.000|0.000|0.00|0
0154WC|EAH-WC|0.005|0.000|0.000|0.000|0.00|0
0154WD|EAH-WD|0.005|0.005|0.005|0.000|0.00|5,504
0154WE|EAH-WE|0.010|0.000|0.000|0.000|0.00|0
2097|EASTLND|0.100|0.100|0.100|0.000|0.00|1,921
5259|EATECH|0.435|0.440|0.445|+0.010|+2.30|4,545
2143|ECM|0.270|0.000|0.000|0.000|0.00|0
3557|ECOFIRS|0.295|0.295|0.300|+0.005|+1.69|4,271
3557WC|ECOFIRS-WC|0.015|0.010|0.020|+0.005|+33.33|46
0059|ECOHLDS|0.290|0.290|0.290|0.000|0.00|200
5253|ECONBHD|0.475|0.480|0.480|+0.005|+1.05|146,319
5253WA|ECONBHD-WA|0.110|0.115|0.115|+0.005|+4.55|14,835
8206|ECOWLD|0.910|0.915|0.905|-0.005|-0.55|5,352
8206CQ|ECOWLD-CQ|0.005|0.000|0.000|0.000|0.00|0
8206CS|ECOWLD-CS|0.035|0.000|0.000|0.000|0.00|0
8206CT|ECOWLD-CT|0.020|0.000|0.000|0.000|0.00|0
8206WA|ECOWLD-WA|0.190|0.175|0.175|-0.015|-7.89|291
5036|EDARAN|0.530|0.530|0.540|+0.010|+1.89|8,361
7471|EDEN|0.130|0.130|0.140|+0.010|+7.69|131,425
7471WB|EDEN-WB|0.045|0.045|0.055|+0.010|+22.22|15,284
1368|EDGENTA|2.810|2.810|2.810|0.000|0.00|2,067
0107|EDUSPEC|0.030|0.030|0.030|0.000|0.00|1,514
0064|EFFICEN|0.190|0.190|0.190|0.000|0.00|800
0065|EFORCE|0.475|0.475|0.465|-0.010|-2.11|18,656
0065WA|EFORCE-WA|0.130|0.125|0.120|-0.010|-7.69|13,197
8907|EG|0.460|0.465|0.455|-0.005|-1.09|3,470
8907PA|EG-PA|0.500|0.455|0.455|-0.045|-9.00|200
8907WC|EG-WC|0.145|0.145|0.145|0.000|0.00|300
5081|EIG|0.660|0.590|0.655|-0.005|-0.76|21
5208|EITA|1.300|1.300|1.300|0.000|0.00|70
7182|EKA|0.060|0.055|0.065|+0.005|+8.33|1,103
8877|EKOVEST|0.505|0.510|0.495|-0.010|-1.98|74,537
8877CS|EKOVEST-CS|0.035|0.025|0.020|-0.015|-42.86|2
8877CT|EKOVEST-CT|0.025|0.025|0.025|0.000|0.00|4,800
8877WB|EKOVEST-WB|0.060|0.060|0.055|-0.005|-8.33|84,836
9016|EKSONS|0.810|0.000|0.000|0.000|0.00|0
5228|ELKDESA|1.370|1.390|1.390|+0.020|+1.46|377
5228LA|ELKDESA-LA|1.130|0.000|0.000|0.000|0.00|0
0090|ELSOFT|0.965|0.970|0.980|+0.015|+1.55|4,947
7217|EMETALL|0.420|0.415|0.420|0.000|0.00|200
9091|EMICO|0.170|0.165|0.170|0.000|0.00|501
6076|ENCORP|0.385|0.000|0.000|0.000|0.00|0
7149|ENGKAH|0.980|0.900|0.900|-0.080|-8.16|128
5056|ENGTEX|0.820|0.820|0.845|+0.025|+3.05|370
8613|ENRA|1.450|0.000|0.000|0.000|0.00|0
7773|EPMB|0.370|0.000|0.000|0.000|0.00|0
0190|ESAFE|0.205|0.215|0.215|+0.010|+4.88|100
0100|ESCERAM|0.160|0.000|0.000|0.000|0.00|0
03021|ETH|0.170|0.000|0.000|0.000|0.00|0
6815|EUPE|0.660|0.000|0.000|0.000|0.00|0
7208|EURO|0.130|0.000|0.000|0.000|0.00|0
7094|EUROSP|0.480|0.000|0.000|0.000|0.00|0
5101|EVERGRN|0.365|0.370|0.365|0.000|0.00|300
7249|EWEIN|0.575|0.570|0.570|-0.005|-0.87|4,396
5283|EWINT|0.750|0.755|0.745|-0.005|-0.67|2,070
5283WA|EWINT-WA|0.145|0.145|0.150|+0.005|+3.45|6,700
3689|F&N|34.580|35.340|34.700|+0.120|+0.35|1,109
2984|FACBIND|1.280|0.000|0.000|0.000|0.00|0
7047|FAJAR|0.375|0.375|0.375|0.000|0.00|7,766
7047WB|FAJAR-WB|0.025|0.025|0.025|0.000|0.00|6,611
5029|FAREAST|2.760|0.000|0.000|0.000|0.00|0
6041|FARLIM|0.355|0.360|0.365|+0.010|+2.82|1,345
7229|FAVCO|2.650|2.650|2.670|+0.020|+0.75|110
06505D|FBMKLCI-C5D|0.085|0.000|0.000|0.000|0.00|0
06505I|FBMKLCI-C5I|0.005|0.000|0.000|0.000|0.00|0
06505J|FBMKLCI-C5J|0.020|0.000|0.000|0.000|0.00|0
06505K|FBMKLCI-C5K|0.005|0.000|0.000|0.000|0.00|0
06505L|FBMKLCI-C5L|0.070|0.000|0.000|0.000|0.00|0
06505M|FBMKLCI-C5M|0.100|0.000|0.000|0.000|0.00|0
06505N|FBMKLCI-C5N|0.025|0.000|0.000|0.000|0.00|0
06505O|FBMKLCI-C5O|0.025|0.000|0.000|0.000|0.00|0
06505P|FBMKLCI-C5P|0.130|0.125|0.125|-0.005|-3.85|1,262
06505Q|FBMKLCI-C5Q|0.210|0.210|0.205|-0.005|-2.38|3,612
06505R|FBMKLCI-C5R|0.040|0.045|0.045|+0.005|+12.50|750
06505S|FBMKLCI-C5S|0.110|0.110|0.110|0.000|0.00|1,530
06505T|FBMKLCI-C5T|0.190|0.185|0.180|-0.010|-5.26|1,880
06505U|FBMKLCI-C5U|0.150|0.000|0.000|0.000|0.00|0
06505V|FBMKLCI-C5V|0.055|0.050|0.050|-0.005|-9.09|400
06505W|FBMKLCI-C5W|0.030|0.025|0.025|-0.005|-16.67|5,100
06505X|FBMKLCI-C5X|0.390|0.165|0.175|-0.215|-55.13|1,056
06505Y|FBMKLCI-C5Y|0.500|0.290|0.295|-0.205|-41.00|1,124
0820EA|FBMKLCI-EA|1.770|0.000|0.000|0.000|0.00|0
06506F|FBMKLCI-H6F|0.020|0.000|0.000|0.000|0.00|0
06506K|FBMKLCI-H6K|0.230|0.000|0.000|0.000|0.00|0
06506L|FBMKLCI-H6L|0.145|0.150|0.150|+0.005|+3.45|6,230
06506M|FBMKLCI-H6M|0.220|0.000|0.000|0.000|0.00|0
06506N|FBMKLCI-H6N|0.225|0.000|0.000|0.000|0.00|0
06506O|FBMKLCI-H6O|0.370|0.370|0.380|+0.010|+2.70|17,000
06506P|FBMKLCI-H6P|0.070|0.065|0.075|+0.005|+7.14|9,601
06506Q|FBMKLCI-H6Q|0.115|0.115|0.115|0.000|0.00|200
06506R|FBMKLCI-H6R|0.240|0.000|0.000|0.000|0.00|0
06506S|FBMKLCI-H6S|0.325|0.000|0.000|0.000|0.00|0
06506T|FBMKLCI-H6T|0.120|0.000|0.000|0.000|0.00|0
06506U|FBMKLCI-H6U|0.255|0.000|0.000|0.000|0.00|0
06506V|FBMKLCI-H6V|0.285|0.000|0.000|0.000|0.00|0
06506W|FBMKLCI-H6W|0.165|0.000|0.000|0.000|0.00|0
06506X|FBMKLCI-H6X|0.135|0.150|0.145|+0.010|+7.41|505
06506Y|FBMKLCI-H6Y|0.150|0.000|0.000|0.000|0.00|0
06506Z|FBMKLCI-H6Z|0.360|0.000|0.000|0.000|0.00|0
06508A|FBMKLCI-H8A|0.490|0.395|0.395|-0.095|-19.39|140
2755|FCW|0.715|0.000|0.000|0.000|0.00|0
5222|FGV|1.150|1.160|1.150|0.000|0.00|71,811
522255|FGV-C55|0.005|0.005|0.010|+0.005|+100.00|1,832
522256|FGV-C56|0.005|0.000|0.000|0.000|0.00|0
522258|FGV-C58|0.010|0.000|0.000|0.000|0.00|0
522259|FGV-C59|0.035|0.000|0.000|0.000|0.00|0
522260|FGV-C60|0.005|0.000|0.000|0.000|0.00|0
522261|FGV-C61|0.025|0.000|0.000|0.000|0.00|0
522262|FGV-C62|0.085|0.090|0.085|0.000|0.00|7,000
522263|FGV-C63|0.165|0.165|0.165|0.000|0.00|4,835
522264|FGV-C64|0.250|0.000|0.000|0.000|0.00|0
522265|FGV-C65|0.170|0.170|0.175|+0.005|+2.94|5,970
522266|FGV-C66|0.320|0.000|0.000|0.000|0.00|0
522267|FGV-C67|0.400|0.395|0.410|+0.010|+2.50|256
522268|FGV-C68|0.150|0.000|0.000|0.000|0.00|0
522269|FGV-C69|0.110|0.110|0.110|0.000|0.00|22,000
522270|FGV-C70|0.100|0.100|0.105|+0.005|+5.00|5,385
522271|FGV-C71|0.045|0.000|0.000|0.000|0.00|0
522272|FGV-C72|0.040|0.035|0.035|-0.005|-12.50|570
522273|FGV-C73|0.080|0.075|0.075|-0.005|-6.25|64,188
6939|FIAMMA|0.470|0.485|0.485|+0.015|+3.19|10
0149|FIBON|0.410|0.000|0.000|0.000|0.00|0
8605|FIHB|0.500|0.490|0.495|-0.005|-1.00|1,404
8605PA|FIHB-PA|0.085|0.000|0.000|0.000|0.00|0
8605PB|FIHB-PB|0.080|0.000|0.000|0.000|0.00|0
3107|FIMACOR|1.920|1.950|1.920|0.000|0.00|650
0150|FINTEC|0.050|0.050|0.050|0.000|0.00|1,465
0150PA|FINTEC-PA|0.025|0.025|0.025|0.000|0.00|6,123
0150WA|FINTEC-WA|0.010|0.000|0.000|0.000|0.00|0
0150WB|FINTEC-WB|0.020|0.000|0.000|0.000|0.00|0
9318|FITTERS|0.475|0.480|0.475|0.000|0.00|29,843
9318WB|FITTERS-WB|0.020|0.020|0.020|0.000|0.00|10,619
5197|FLBHD|1.650|1.650|1.640|-0.010|-0.61|3,704
0116|FOCUS|0.140|0.135|0.135|-0.005|-3.57|21,081
0116WC|FOCUS-WC|0.085|0.000|0.000|0.000|0.00|0
0157|FOCUSP|0.330|0.330|0.320|-0.010|-3.03|902
5277|FPGROUP|0.295|0.295|0.295|0.000|0.00|29,633
9172|FPI|1.810|1.810|1.800|-0.010|-0.55|4,465
7210|FREIGHT|0.595|0.595|0.600|+0.005|+0.84|874
0128|FRONTKN|0.950|0.955|0.950|0.000|0.00|33,852
9377|FSBM|0.095|0.000|0.000|0.000|0.00|0
9377WA|FSBM-WA|0.025|0.000|0.000|0.000|0.00|0
7184|G3|0.710|0.000|0.000|0.000|0.00|0
7184WA|G3-WA|0.700|0.000|0.000|0.000|0.00|0
9261|GADANG|0.645|0.650|0.645|0.000|0.00|15,972
9261WB|GADANG-WB|0.200|0.195|0.195|-0.005|-2.50|10,210
5398|GAMUDA|2.840|2.850|2.800|-0.040|-1.41|33,622
539851|GAMUDA-C51|0.005|0.000|0.000|0.000|0.00|0
539853|GAMUDA-C53|0.005|0.000|0.000|0.000|0.00|0
539856|GAMUDA-C56|0.030|0.000|0.000|0.000|0.00|0
539857|GAMUDA-C57|0.030|0.000|0.000|0.000|0.00|0
539858|GAMUDA-C58|0.060|0.055|0.055|-0.005|-8.33|9,600
539859|GAMUDA-C59|0.155|0.160|0.155|0.000|0.00|1,104
539860|GAMUDA-C60|0.105|0.000|0.000|0.000|0.00|0
539861|GAMUDA-C61|0.065|0.055|0.055|-0.010|-15.38|900
539862|GAMUDA-C62|0.085|0.090|0.090|+0.005|+5.88|2,000
539863|GAMUDA-C63|0.090|0.090|0.090|0.000|0.00|20,000
539864|GAMUDA-C64|0.085|0.080|0.080|-0.005|-5.88|400
539865|GAMUDA-C65|0.150|0.095|0.100|-0.050|-33.33|2,000
5398WE|GAMUDA-WE|0.210|0.210|0.205|-0.005|-2.38|11,943
5209|GASMSIA|2.860|0.000|0.000|0.000|0.00|0
5226|GBGAQRS|1.260|1.260|1.310|+0.050|+3.97|77,715
5226WB|GBGAQRS-WB|0.340|0.340|0.360|+0.020|+5.88|114,220
5102|GCB|3.620|3.620|3.600|-0.020|-0.55|857
5102CA|GCB-CA|0.270|0.000|0.000|0.000|0.00|0
5102CB|GCB-CB|0.170|0.000|0.000|0.000|0.00|0
5102CC|GCB-CC|0.135|0.130|0.125|-0.010|-7.41|3,000
5102CD|GCB-CD|0.100|0.095|0.095|-0.005|-5.00|453
5102CE|GCB-CE|0.145|0.000|0.000|0.000|0.00|0
5592|GCE|0.470|0.000|0.000|0.000|0.00|0
0198|GDB|0.275|0.275|0.280|+0.005|+1.82|8,722
0078|GDEX|0.345|0.345|0.340|-0.005|-1.45|28,097
0078WB|GDEX-WB|0.060|0.060|0.055|-0.005|-8.33|12,920
0580C1|GEELY-C1|0.065|0.045|0.045|-0.020|-30.77|250
0104|GENETEC|1.690|1.700|1.700|+0.010|+0.59|260
4715|GENM|3.270|3.280|3.220|-0.050|-1.53|43,688
471540|GENM-C40|0.150|0.000|0.000|0.000|0.00|0
471541|GENM-C41|0.005|0.000|0.000|0.000|0.00|0
471542|GENM-C42|0.030|0.025|0.040|+0.010|+33.33|1,231
471543|GENM-C43|0.030|0.000|0.000|0.000|0.00|0
471544|GENM-C44|0.075|0.000|0.000|0.000|0.00|0
471545|GENM-C45|0.140|0.125|0.125|-0.015|-10.71|2,100
471546|GENM-C46|0.090|0.090|0.085|-0.005|-5.56|13,010
471547|GENM-C47|0.115|0.000|0.000|0.000|0.00|0
471548|GENM-C48|0.130|0.000|0.000|0.000|0.00|0
471549|GENM-C49|0.175|0.170|0.165|-0.010|-5.71|1,800
471550|GENM-C50|0.150|0.140|0.140|-0.010|-6.67|50
471551|GENM-C51|0.105|0.100|0.100|-0.005|-4.76|11,994
471552|GENM-C52|0.215|0.000|0.000|0.000|0.00|0
471553|GENM-C53|0.105|0.000|0.000|0.000|0.00|0
471554|GENM-C54|0.075|0.000|0.000|0.000|0.00|0
471555|GENM-C55|0.055|0.000|0.000|0.000|0.00|0
2291|GENP|10.500|10.520|10.520|+0.020|+0.19|7,177
2291WA|GENP-WA|2.580|2.580|2.710|+0.130|+5.04|350
3182|GENTING|6.780|6.780|6.610|-0.170|-2.51|42,029
318251|GENTINGC51|0.005|0.000|0.000|0.000|0.00|0
318255|GENTINGC55|0.050|0.000|0.000|0.000|0.00|0
318256|GENTINGC56|0.030|0.000|0.000|0.000|0.00|0
318257|GENTINGC57|0.070|0.065|0.060|-0.010|-14.29|45,460
318258|GENTINGC58|0.055|0.050|0.045|-0.010|-18.18|12,203
318259|GENTINGC59|0.085|0.075|0.070|-0.015|-17.65|7,060
318260|GENTINGC60|0.110|0.090|0.090|-0.020|-18.18|1,000
318261|GENTINGC61|0.095|0.085|0.085|-0.010|-10.53|3,000
318262|GENTINGC62|0.125|0.110|0.110|-0.015|-12.00|150
318263|GENTINGC63|0.120|0.110|0.110|-0.010|-8.33|4,000
318264|GENTINGC64|0.065|0.000|0.000|0.000|0.00|0
7197|GESHEN|0.610|0.615|0.610|0.000|0.00|158
5079|GETS|0.120|0.125|0.130|+0.010|+8.33|659
0039|GFM|0.490|0.485|0.480|-0.010|-2.04|7,482
0039WC|GFM-WC|0.190|0.190|0.190|0.000|0.00|9,834
0021|GHLSYS|1.670|1.670|1.680|+0.010|+0.60|1,869
0021CA|GHLSYS-CA|0.110|0.000|0.000|0.000|0.00|0
3204|GKENT|1.140|1.140|1.120|-0.020|-1.75|31,550
7382|GLBHD|0.400|0.000|0.000|0.000|0.00|0
5020|GLOMAC|0.365|0.365|0.360|-0.005|-1.37|4,022
5220|GLOTEC|0.465|0.460|0.465|0.000|0.00|4,259
5220WA|GLOTEC-WA|0.065|0.065|0.065|0.000|0.00|335
9962|GMUTUAL|0.275|0.000|0.000|0.000|0.00|0
0045|GNB|0.050|0.050|0.045|-0.005|-10.00|3,300
1147|GOB|0.185|0.180|0.185|0.000|0.00|200
1147WA|GOB-WA|0.005|0.000|0.000|0.000|0.00|0
0074|GOCEAN|0.120|0.115|0.105|-0.015|-12.50|1,000
0074WA|GOCEAN-WA|0.005|0.000|0.000|0.000|0.00|0
0828EA|GOLDETF|1.765|0.000|0.000|0.000|0.00|0
7192|GOODWAY|0.205|0.205|0.205|0.000|0.00|1,330
2135|GOPENG|0.690|0.695|0.695|+0.005|+0.72|50
7096|GPA|0.100|0.105|0.100|0.000|0.00|250
7096WA|GPA-WA|0.030|0.030|0.030|0.000|0.00|9,000
0082|GPACKET|0.310|0.310|0.320|+0.010|+3.23|2,425
0082WB|GPACKET-WB|0.075|0.075|0.075|0.000|0.00|4,180
5649|GPHAROS|0.230|0.230|0.245|+0.015|+6.52|361
0056|GRANFLO|0.200|0.200|0.200|0.000|0.00|700
0136|GREENYB|0.145|0.140|0.135|-0.010|-6.90|2,537
7077|GSB|0.185|0.185|0.185|0.000|0.00|555
7022|GTRONIC|1.740|1.740|1.760|+0.020|+1.15|15,373
7022CR|GTRONIC-CR|0.005|0.000|0.000|0.000|0.00|0
7022CS|GTRONIC-CS|0.005|0.000|0.000|0.000|0.00|0
7022CT|GTRONIC-CT|0.005|0.000|0.000|0.000|0.00|0
7022CU|GTRONIC-CU|0.030|0.000|0.000|0.000|0.00|0
7022CV|GTRONIC-CV|0.065|0.000|0.000|0.000|0.00|0
7022CW|GTRONIC-CW|0.040|0.000|0.000|0.000|0.00|0
3247|GUH|0.470|0.480|0.480|+0.010|+2.13|233
7676|GUNUNG|0.290|0.290|0.290|0.000|0.00|406
7676WB|GUNUNG-WB|0.050|0.000|0.000|0.000|0.00|0
1503|GUOCO|0.745|0.740|0.745|0.000|0.00|60
7668|HAIO|2.580|2.580|2.580|0.000|0.00|2,017
7668CG|HAIO-CG|0.075|0.000|0.000|0.000|0.00|0
5151|HALEX|0.865|0.870|0.870|+0.005|+0.58|50
7253|HANDAL|0.360|0.360|0.355|-0.005|-1.39|916
3034|HAPSENG|9.800|9.800|9.800|0.000|0.00|1,714
3034CX|HAPSENG-CX|0.030|0.000|0.000|0.000|0.00|0
2062|HARBOUR|0.695|0.700|0.700|+0.005|+0.72|180
2062WC|HARBOUR-WC|0.085|0.000|0.000|0.000|0.00|0
5008|HARISON|3.800|3.900|3.880|+0.080|+2.11|73
7501|HARNLEN|0.680|0.660|0.660|-0.020|-2.94|375
5168|HARTA|4.550|4.570|4.630|+0.080|+1.76|55,064
516811|HARTA-C11|0.005|0.000|0.000|0.000|0.00|0
516815|HARTA-C15|0.020|0.000|0.000|0.000|0.00|0
516816|HARTA-C16|0.005|0.000|0.000|0.000|0.00|0
516817|HARTA-C17|0.005|0.000|0.000|0.000|0.00|0
516818|HARTA-C18|0.005|0.000|0.000|0.000|0.00|0
516819|HARTA-C19|0.055|0.000|0.000|0.000|0.00|0
516820|HARTA-C20|0.050|0.050|0.050|0.000|0.00|6,200
516821|HARTA-C21|0.055|0.060|0.060|+0.005|+9.09|2,050
516822|HARTA-C22|0.045|0.040|0.050|+0.005|+11.11|4,959
5187|HBGLOB|0.115|0.115|0.120|+0.005|+4.35|3,111
7105|HCK|1.250|0.000|0.000|0.000|0.00|0
7105WA|HCK-WA|0.295|0.000|0.000|0.000|0.00|0
3255|HEIM|22.840|22.980|23.220|+0.380|+1.66|739
5121|HEKTAR|1.140|1.140|1.140|0.000|0.00|381
4324|HENGYUAN|5.670|5.670|5.900|+0.230|+4.06|3,841
4324C2|HENGYUAN-C2|0.005|0.000|0.000|0.000|0.00|0
4324C4|HENGYUAN-C4|0.030|0.000|0.000|0.000|0.00|0
4324C5|HENGYUAN-C5|0.035|0.000|0.000|0.000|0.00|0
4324C6|HENGYUAN-C6|0.055|0.000|0.000|0.000|0.00|0
4324C7|HENGYUAN-C7|0.165|0.170|0.170|+0.005|+3.03|300
4324C8|HENGYUAN-C8|0.100|0.100|0.110|+0.010|+10.00|1,200
4324C9|HENGYUAN-C9|0.150|0.000|0.000|0.000|0.00|0
4324CZ|HENGYUAN-CZ|0.005|0.000|0.000|0.000|0.00|0
5095|HEVEA|0.630|0.640|0.635|+0.005|+0.79|4,350
5095WB|HEVEA-WB|0.450|0.000|0.000|0.000|0.00|0
3298|HEXZA|0.700|0.000|0.000|0.000|0.00|0
0175|HHGROUP|0.120|0.115|0.120|0.000|0.00|2,954
0160|HHHCORP|0.090|0.000|0.000|0.000|0.00|0
5072|HIAPTEK|0.290|0.290|0.285|-0.005|-1.72|29,320
5072LA|HIAPTEK-LA|0.300|0.000|0.000|0.000|0.00|0
5072WB|HIAPTEK-WB|0.080|0.080|0.080|0.000|0.00|4,821
5199|HIBISCS|1.080|1.080|1.080|0.000|0.00|205,927
5199CM|HIBISCS-CM|0.090|0.085|0.095|+0.005|+5.56|2,218
5199CN|HIBISCS-CN|0.075|0.075|0.075|0.000|0.00|1,000
5199CO|HIBISCS-CO|0.080|0.000|0.000|0.000|0.00|0
5199CP|HIBISCS-CP|0.055|0.055|0.055|0.000|0.00|200
5199CQ|HIBISCS-CQ|0.125|0.125|0.130|+0.005|+4.00|17,205
5199CR|HIBISCS-CR|0.110|0.115|0.115|+0.005|+4.55|55,136
5199CS|HIBISCS-CS|0.110|0.000|0.000|0.000|0.00|0
5199CT|HIBISCS-CT|0.130|0.000|0.000|0.000|0.00|0
5199CU|HIBISCS-CU|0.090|0.095|0.095|+0.005|+5.56|24,522
5199CV|HIBISCS-CV|0.085|0.090|0.090|+0.005|+5.88|203
5199CW|HIBISCS-CW|0.090|0.095|0.095|+0.005|+5.56|150
5199WC|HIBISCS-WC|0.485|0.485|0.490|+0.005|+1.03|58,647
7033|HIGHTEC|1.200|0.000|0.000|0.000|0.00|0
8443|HIL|0.600|0.600|0.605|+0.005|+0.83|11,726
8443WB|HIL-WB|0.230|0.000|0.000|0.000|0.00|0
0505CF|HKEX-CF|0.425|0.000|0.000|0.000|0.00|0
5819|HLBANK|20.300|20.240|20.280|-0.020|-0.10|8,968
5819CN|HLBANK-CN|0.030|0.000|0.000|0.000|0.00|0
5819CO|HLBANK-CO|0.120|0.000|0.000|0.000|0.00|0
5274|HLCAP|9.600|0.000|0.000|0.000|0.00|0
1082|HLFG|18.960|18.900|18.980|+0.020|+0.11|8,546
3301|HLIND|9.900|9.900|9.900|0.000|0.00|1,479
0188|HLT|0.130|0.000|0.000|0.000|0.00|0
0188WA|HLT-WA|0.050|0.040|0.045|-0.005|-10.00|2,100
5169|HOHUP|0.385|0.385|0.425|+0.040|+10.39|16,170
5165|HOKHENG|0.640|0.630|0.630|-0.010|-1.56|1,976
5160|HOMERIZ|0.615|0.615|0.610|-0.005|-0.81|1,220
5160WA|HOMERIZ-WA|0.060|0.065|0.065|+0.005|+8.33|978
7010|HOOVER|0.600|0.000|0.000|0.000|0.00|0
06513U|HSI-C3U|0.015|0.000|0.000|0.000|0.00|0
06513V|HSI-C3V|0.005|0.000|0.000|0.000|0.00|0
06513W|HSI-C3W|0.190|0.000|0.000|0.000|0.00|0
06513X|HSI-C3X|0.745|0.000|0.000|0.000|0.00|0
06513Y|HSI-C3Y|0.045|0.050|0.050|+0.005|+11.11|1,100
06513Z|HSI-C3Z|0.105|0.110|0.110|+0.005|+4.76|58,522
06515A|HSI-C5A|0.270|0.275|0.290|+0.020|+7.41|433,692
06515B|HSI-C5B|0.560|0.570|0.580|+0.020|+3.57|21,262
06515C|HSI-C5C|0.140|0.140|0.145|+0.005|+3.57|69,128
06515D|HSI-C5D|0.245|0.250|0.255|+0.010|+4.08|303,221
06515E|HSI-C5E|0.500|0.510|0.535|+0.035|+7.00|62,808
06515F|HSI-C5F|0.840|0.850|0.905|+0.065|+7.74|150
06515G|HSI-C5G|0.425|0.425|0.445|+0.020|+4.71|102,122
06515H|HSI-C5H|0.665|0.685|0.685|+0.020|+3.01|50
06515I|HSI-C5I|1.070|1.080|1.080|+0.010|+0.93|151
06515J|HSI-C5J|0.555|0.565|0.585|+0.030|+5.41|25,434
06515K|HSI-C5K|0.990|0.875|0.895|-0.095|-9.60|250
06515L|HSI-C5L|1.410|0.000|0.000|0.000|0.00|0
06515M|HSI-C5M|1.720|1.800|1.810|+0.090|+5.23|150
06515N|HSI-C5N|0.220|0.225|0.240|+0.020|+9.09|5,180
06515O|HSI-C5O|0.360|0.370|0.380|+0.020|+5.56|230
06515P|HSI-C5P|0.555|0.575|0.575|+0.020|+3.60|150
06515Q|HSI-C5Q|0.830|0.845|0.855|+0.025|+3.01|120
06514V|HSI-H4V|0.005|0.000|0.000|0.000|0.00|0
06514W|HSI-H4W|0.005|0.000|0.000|0.000|0.00|0
06514X|HSI-H4X|0.005|0.000|0.000|0.000|0.00|0
06514Y|HSI-H4Y|0.005|0.000|0.000|0.000|0.00|0
06514Z|HSI-H4Z|0.005|0.005|0.005|0.000|0.00|600
06516A|HSI-H6A|0.015|0.015|0.015|0.000|0.00|5,190
06516B|HSI-H6B|0.030|0.030|0.030|0.000|0.00|2,664
06516C|HSI-H6C|0.090|0.085|0.080|-0.010|-11.11|73,253
06516D|HSI-H6D|0.050|0.000|0.000|0.000|0.00|0
06516E|HSI-H6E|0.135|0.125|0.110|-0.025|-18.52|370
06516F|HSI-H6F|0.255|0.245|0.240|-0.015|-5.88|183,839
06516G|HSI-H6G|0.470|0.455|0.450|-0.020|-4.26|192,770
06516H|HSI-H6H|0.070|0.000|0.000|0.000|0.00|0
06516I|HSI-H6I|0.130|0.000|0.000|0.000|0.00|0
06516J|HSI-H6J|0.275|0.265|0.260|-0.015|-5.45|31,475
06516K|HSI-H6K|0.065|0.065|0.065|0.000|0.00|1,550
06516L|HSI-H6L|0.120|0.000|0.000|0.000|0.00|0
06516M|HSI-H6M|0.185|0.175|0.165|-0.020|-10.81|8,816
06516N|HSI-H6N|0.320|0.300|0.290|-0.030|-9.38|2,266
06516O|HSI-H6O|0.225|0.245|0.230|+0.005|+2.22|3,400
06516P|HSI-H6P|0.320|0.345|0.345|+0.025|+7.81|800
06516Q|HSI-H6Q|0.455|0.000|0.000|0.000|0.00|0
06516R|HSI-H6R|0.630|0.000|0.000|0.000|0.00|0
6238|HSL|1.430|0.000|0.000|0.000|0.00|0
5138|HSPLANT|1.700|1.710|1.710|+0.010|+0.59|90
0185|HSSEB|1.180|1.160|1.160|-0.020|-1.69|2,121
0185WA|HSSEB-WA|0.210|0.210|0.210|0.000|0.00|205
5028|HTPADU|0.750|0.755|0.760|+0.010|+1.33|9,846
2739|HUAAN|0.250|0.255|0.255|+0.005|+2.00|243,358
5062|HUAYANG|0.385|0.385|0.385|0.000|0.00|348
7013|HUBLINE|0.060|0.060|0.060|0.000|0.00|3,838
7013WA|HUBLINE-WA|0.005|0.000|0.000|0.000|0.00|0
7013WB|HUBLINE-WB|0.005|0.000|0.000|0.000|0.00|0
7013WC|HUBLINE-WC|0.020|0.015|0.020|0.000|0.00|235
5000|HUMEIND|0.715|0.725|0.765|+0.050|+6.99|17,123
5024|HUPSENG|0.995|0.995|1.000|+0.005|+0.50|254
8478|HWATAI|0.305|0.300|0.320|+0.015|+4.92|218
9601|HWGB|0.095|0.095|0.100|+0.005|+5.26|2,150
9601WD|HWGB-WD|0.030|0.000|0.000|0.000|0.00|0
4251|IBHD|0.430|0.430|0.435|+0.005|+1.16|345
4251LB|IBHD-LB|0.320|0.000|0.000|0.000|0.00|0
4251WA|IBHD-WA|0.015|0.000|0.000|0.000|0.00|0
5084|IBRACO|0.670|0.670|0.655|-0.015|-2.24|580
5108|ICAP|2.400|2.400|2.400|0.000|0.00|189
0502CF|ICBC-CF|0.100|0.000|0.000|0.000|0.00|0
5255|ICON|0.085|0.090|0.090|+0.005|+5.88|16,462
9687|IDEAL|1.140|1.140|1.120|-0.020|-1.75|742
9687WB|IDEAL-WB|0.375|0.370|0.370|-0.005|-1.33|99
0174|IDMENSN|0.025|0.025|0.025|0.000|0.00|5
0174WA|IDMENSN-WA|0.005|0.000|0.000|0.000|0.00|0
0023|IFCAMSC|0.420|0.425|0.440|+0.020|+4.76|298,817
5606|IGBB|2.540|2.550|2.560|+0.020|+0.79|86
5606PA|IGBB-PA|1.110|0.000|0.000|0.000|0.00|0
5606PB|IGBB-PB|3.200|0.000|0.000|0.000|0.00|0
5227|IGBREIT|1.860|1.860|1.870|+0.010|+0.54|12,566
5225|IHH|5.800|5.850|5.800|0.000|0.00|35,943
522510|IHH-C10|0.120|0.000|0.000|0.000|0.00|0
5225C7|IHH-C7|0.035|0.000|0.000|0.000|0.00|0
5225C8|IHH-C8|0.105|0.105|0.105|0.000|0.00|432
5225C9|IHH-C9|0.095|0.000|0.000|0.000|0.00|0
0401GA|IHS046000824|97.500|0.000|0.000|0.000|0.00|0
3336|IJM|2.210|2.210|2.180|-0.030|-1.36|55,867
333620|IJM-C20|0.085|0.000|0.000|0.000|0.00|0
333621|IJM-C21|0.125|0.120|0.120|-0.005|-4.00|250
333624|IJM-C24|0.185|0.180|0.175|-0.010|-5.41|400
333625|IJM-C25|0.210|0.205|0.200|-0.010|-4.76|600
2216|IJMPLNT|1.570|1.570|1.570|0.000|0.00|80
5268|IKHMAS|0.160|0.160|0.160|0.000|0.00|17,180
5614|ILB|0.395|0.390|0.395|0.000|0.00|445
7222|IMASPRO|1.970|1.970|1.960|-0.010|-0.51|5,683
0166|INARI|1.610|1.610|1.610|0.000|0.00|38,814
016621|INARI-C21|0.005|0.000|0.000|0.000|0.00|0
016623|INARI-C23|0.005|0.000|0.000|0.000|0.00|0
016624|INARI-C24|0.005|0.000|0.000|0.000|0.00|0
016625|INARI-C25|0.005|0.000|0.000|0.000|0.00|0
016626|INARI-C26|0.035|0.000|0.000|0.000|0.00|0
016627|INARI-C27|0.040|0.040|0.035|-0.005|-12.50|23,847
016628|INARI-C28|0.035|0.000|0.000|0.000|0.00|0
016629|INARI-C29|0.070|0.000|0.000|0.000|0.00|0
016630|INARI-C30|0.060|0.000|0.000|0.000|0.00|0
016631|INARI-C31|0.130|0.000|0.000|0.000|0.00|0
016632|INARI-C32|0.130|0.130|0.130|0.000|0.00|5,398
016633|INARI-C33|0.270|0.000|0.000|0.000|0.00|0
016634|INARI-C34|0.085|0.000|0.000|0.000|0.00|0
016635|INARI-C35|0.070|0.000|0.000|0.000|0.00|0
016636|INARI-C36|0.085|0.000|0.000|0.000|0.00|0
016637|INARI-C37|0.105|0.115|0.105|0.000|0.00|4
016638|INARI-C38|0.100|0.105|0.105|+0.005|+5.00|15,000
0166WB|INARI-WB|1.060|1.060|1.050|-0.010|-0.94|371
2607|INCKEN|0.630|0.635|0.635|+0.005|+0.79|100
0094|INIX|0.050|0.055|0.065|+0.015|+30.00|76,409
0094WA|INIX-WA|0.025|0.020|0.020|-0.005|-20.00|7,387
0147|INNITY|0.575|0.000|0.000|0.000|0.00|0
6262|INNO|0.795|0.750|0.750|-0.045|-5.66|20
3379|INSAS|0.755|0.755|0.745|-0.010|-1.32|4,412
3379PA|INSAS-PA|0.985|0.980|0.980|-0.005|-0.51|13
3379WB|INSAS-WB|0.065|0.065|0.065|0.000|0.00|2,227
0192|INTA|0.275|0.275|0.275|0.000|0.00|2,464
1961|IOICORP|4.490|4.440|4.520|+0.030|+0.67|6,031
196119|IOICORP-C19|0.040|0.050|0.040|0.000|0.00|3,002
196120|IOICORP-C20|0.085|0.000|0.000|0.000|0.00|0
5249|IOIPG|1.310|1.310|1.300|-0.010|-0.76|16,415
5249CV|IOIPG-CV|0.130|0.000|0.000|0.000|0.00|0
5673|IPMUDA|0.500|0.470|0.530|+0.030|+6.00|79
5107|IQGROUP|1.110|1.120|1.120|+0.010|+0.90|90
8834|IREKA|0.560|0.510|0.545|-0.015|-2.68|60
8834WB|IREKA-WB|0.005|0.000|0.000|0.000|0.00|0
7183|IRETEX|0.160|0.160|0.150|-0.010|-6.25|1,698
7183LA|IRETEX-LA|0.020|0.000|0.000|0.000|0.00|0
7183WA|IRETEX-WA|0.005|0.000|0.000|0.000|0.00|0
0010|IRIS|0.150|0.150|0.155|+0.005|+3.33|978,273
9393|ITRONIC|0.105|0.105|0.105|0.000|0.00|2,250
5175|IVORY|0.200|0.200|0.205|+0.005|+2.50|300
1589|IWCITY|0.695|0.705|0.695|0.000|0.00|92,721
7223|JADI|0.035|0.035|0.035|0.000|0.00|2,937
0024|JAG|0.050|0.045|0.050|0.000|0.00|29,531
0024WA|JAG-WA|0.005|0.000|0.000|0.000|0.00|0
0024WB|JAG-WB|0.005|0.010|0.010|+0.005|+100.00|531
4723|JAKS|0.765|0.770|0.750|-0.015|-1.96|34,920
4723WB|JAKS-WB|0.510|0.500|0.480|-0.030|-5.88|2,690
8648|JASKITA|0.120|0.115|0.120|0.000|0.00|150
7152|JAYCORP|0.955|0.955|0.955|0.000|0.00|2,467
0058|JCBNEXT|1.540|0.000|0.000|0.000|0.00|0
5161|JCY|0.200|0.200|0.200|0.000|0.00|5,776
8931|JERASIA|0.375|0.380|0.385|+0.010|+2.67|4
9083|JETSON|0.170|0.180|0.185|+0.015|+8.82|70
0146|JFTECH|0.905|0.900|0.890|-0.015|-1.66|766
0127|JHM|1.290|1.300|1.310|+0.020|+1.55|28,067
8923|JIANKUN|0.325|0.000|0.000|0.000|0.00|0
8923WA|JIANKUN-WA|0.075|0.000|0.000|0.000|0.00|0
6769|JKGLAND|0.075|0.075|0.075|0.000|0.00|3,071
03003|JMEDU|0.535|0.000|0.000|0.000|0.00|0
7043|JMR|1.030|0.000|0.000|0.000|0.00|0
3441|JOHAN|0.085|0.000|0.000|0.000|0.00|0
7167|JOHOTIN|1.390|1.380|1.370|-0.020|-1.44|4,118
4383|JTIASA|0.535|0.535|0.530|-0.005|-0.93|2,076
0111|K1|0.225|0.225|0.220|-0.005|-2.22|16,488
0111WC|K1-WC|0.100|0.105|0.100|0.000|0.00|16,782
0193|KAB|0.200|0.205|0.205|+0.005|+2.50|2,700
8672|KAMDAR|0.290|0.000|0.000|0.000|0.00|0
0170|KANGER|0.045|0.040|0.040|-0.005|-11.11|2,410
0170WA|KANGER-WA|0.020|0.010|0.015|-0.005|-25.00|850
5247|KAREX|0.430|0.435|0.450|+0.020|+4.65|48,696
0054|KARYON|0.130|0.135|0.130|0.000|0.00|2,930
7216|KAWAN|1.720|0.000|0.000|0.000|0.00|0
3115|KBUNAI|0.085|0.090|0.085|0.000|0.00|1,203
3115WC|KBUNAI-WC|0.015|0.020|0.020|+0.005|+33.33|3,250
7199|KEINHIN|0.625|0.000|0.000|0.000|0.00|0
7323|KEN|0.680|0.000|0.000|0.000|0.00|0
6483|KENANGA|0.520|0.520|0.520|0.000|0.00|200
7161|KERJAYA|1.240|1.240|1.240|0.000|0.00|894
7161CJ|KERJAYA-CJ|0.020|0.000|0.000|0.000|0.00|0
7161CK|KERJAYA-CK|0.065|0.060|0.060|-0.005|-7.69|1,500
7161WB|KERJAYA-WB|0.180|0.180|0.185|+0.005|+2.78|2,041
9334|KESM|8.600|8.580|8.600|0.000|0.00|142
0143|KEYASIC|0.105|0.105|0.105|0.000|0.00|59,732
6491|KFIMA|1.650|1.650|1.650|0.000|0.00|10
8303|KFM|0.170|0.000|0.000|0.000|0.00|0
0151|KGB|1.250|1.260|1.270|+0.020|+1.60|6,025
0151WA|KGB-WA|0.740|0.735|0.750|+0.010|+1.35|1,185
0036|KGROUP|0.040|0.040|0.040|0.000|0.00|300
0036WB|KGROUP-WB|0.005|0.005|0.005|0.000|0.00|4,000
6203|KHEESAN|0.610|0.000|0.000|0.000|0.00|0
7062|KHIND|1.730|0.000|0.000|0.000|0.00|0
6211|KIALIM|0.220|0.000|0.000|0.000|0.00|0
3522|KIANJOO|3.100|3.100|3.100|0.000|0.00|9,275
5371|KIMHIN|1.140|1.170|1.150|+0.010|+0.88|40
5171|KIMLUN|1.210|1.220|1.180|-0.030|-2.48|2,640
5171WA|KIMLUN-WA|0.340|0.000|0.000|0.000|0.00|0
5060|KINSTEL|0.005|0.000|0.000|0.000|0.00|0
5280|KIPREIT|0.870|0.865|0.885|+0.015|+1.72|5,820
9466|KKB|1.230|1.240|1.230|0.000|0.00|1,840
5235SS|KLCC|7.770|7.800|7.800|+0.030|+0.39|1,799
2445|KLK|24.580|24.580|24.700|+0.120|+0.49|3,344
2445C2|KLK-C2|0.125|0.000|0.000|0.000|0.00|0
2453|KLUANG|3.300|0.000|0.000|0.000|0.00|0
5027|KMLOONG|1.260|1.200|1.220|-0.040|-3.17|3,695
5027WB|KMLOONG-WB|0.255|0.250|0.230|-0.025|-9.80|405
7164|KNM|0.120|0.120|0.115|-0.005|-4.17|21,081
7164WB|KNM-WB|0.015|0.010|0.015|0.000|0.00|578
5035|KNUSFOR|0.430|0.000|0.000|0.000|0.00|0
6971|KOBAY|1.450|1.400|1.480|+0.030|+2.07|106
7017|KOMARK|0.280|0.275|0.275|-0.005|-1.79|24,777
7017WB|KOMARK-WB|0.040|0.040|0.035|-0.005|-12.50|1,918
7153|KOSSAN|3.460|3.460|3.460|0.000|0.00|11,252
7153C1|KOSSAN-C1|0.150|0.000|0.000|0.000|0.00|0
7153CZ|KOSSAN-CZ|0.150|0.000|0.000|0.000|0.00|0
0002|KOTRA|1.700|0.000|0.000|0.000|0.00|0
5878|KPJ|0.990|0.995|0.995|+0.005|+0.51|60,843
5878CS|KPJ-CS|0.030|0.000|0.000|0.000|0.00|0
7130|KPOWER|0.325|0.310|0.310|-0.015|-4.62|556
5843|KPS|1.400|1.390|1.380|-0.020|-1.43|1,938
9121|KPSCB|0.515|0.510|0.510|-0.005|-0.97|100
1996|KRETAM|0.400|0.000|0.000|0.000|0.00|0
0176|KRONO|0.585|0.585|0.590|+0.005|+0.85|12,043
3476|KSENG|4.740|4.680|4.700|-0.040|-0.84|50
5038|KSL|0.910|0.905|0.905|-0.005|-0.55|1,839
5192|KSSC|0.510|0.510|0.505|-0.005|-0.98|5,403
5172|KSTAR|0.075|0.075|0.075|0.000|0.00|500
5172WA|KSTAR-WA|0.005|0.000|0.000|0.000|0.00|0
4847|KTB|0.070|0.070|0.075|+0.005|+7.14|110
0180|KTC|0.180|0.180|0.175|-0.005|-2.78|4,100
6874|KUB|0.385|0.390|0.395|+0.010|+2.60|92,650
2186|KUCHAI|1.570|1.560|1.560|-0.010|-0.64|50
6572|KWANTAS|0.800|0.000|0.000|0.000|0.00|0
8362|KYM|0.320|0.000|0.000|0.000|0.00|0
3174|L&G|0.150|0.150|0.155|+0.005|+3.33|6,548
3794|LAFMSIA|2.280|2.300|2.550|+0.270|+11.84|24,930
3794CE|LAFMSIA-CE|0.060|0.070|0.085|+0.025|+41.67|6,267
0018|LAMBO|0.155|0.150|0.150|-0.005|-3.23|89,353
1643|LANDMRK|0.465|0.450|0.465|0.000|0.00|2,735
7006|LATITUD|3.940|3.830|3.990|+0.050|+1.27|88
9385|LAYHONG|0.425|0.425|0.425|0.000|0.00|37,124
9385WA|LAYHONG-WA|0.190|0.190|0.190|0.000|0.00|18,991
9326|LBALUM|0.485|0.500|0.485|0.000|0.00|50
8494|LBICAP|0.920|0.920|0.920|0.000|0.00|1,245
5789|LBS|0.645|0.650|0.635|-0.010|-1.55|5,800
5789PA|LBS-PA|0.850|0.000|0.000|0.000|0.00|0
5789WB|LBS-WB|0.235|0.000|0.000|0.000|0.00|0
5284|LCTITAN|4.200|4.230|4.180|-0.020|-0.48|7,910
9628|LEBTECH|0.830|0.000|0.000|0.000|0.00|0
8079|LEESK|0.900|0.000|0.000|0.000|0.00|0
5232|LEONFB|0.500|0.490|0.485|-0.015|-3.00|110
8745|LEWEKO|0.140|0.140|0.150|+0.010|+7.14|200
8745WB|LEWEKO-WB|0.055|0.000|0.000|0.000|0.00|0
7170|LFECORP|0.110|0.000|0.000|0.000|0.00|0
3573|LIENHOE|0.285|0.000|0.000|0.000|0.00|0
7089|LIIHEN|2.660|2.660|2.640|-0.020|-0.75|524
8486|LIONFIB|0.425|0.000|0.000|0.000|0.00|0
4235|LIONIND|0.525|0.525|0.525|0.000|0.00|55,075
6645|LITRAK|4.300|4.390|4.350|+0.050|+1.16|43
0182|LKL|0.115|0.000|0.000|0.000|0.00|0
7126|LONBISC|0.400|0.405|0.405|+0.005|+1.25|31,520
7126WA|LONBISC-WA|0.040|0.000|0.000|0.000|0.00|0
8621|LPI|16.000|16.080|16.000|0.000|0.00|2,217
9881|LSTEEL|0.290|0.000|0.000|0.000|0.00|0
7085|LTKM|1.180|1.170|1.180|0.000|0.00|542
5068|LUSTER|0.080|0.080|0.080|0.000|0.00|6,100
5068WA|LUSTER-WA|0.025|0.030|0.030|+0.005|+20.00|1
5068WB|LUSTER-WB|0.035|0.030|0.035|0.000|0.00|1,115
5143|LUXCHEM|0.525|0.530|0.525|0.000|0.00|360
0075|LYC|0.325|0.330|0.325|0.000|0.00|410
9199|LYSAGHT|2.670|0.000|0.000|0.000|0.00|0
5078|M&G|0.090|0.090|0.090|0.000|0.00|1,020
0017|M3TECH|0.045|0.045|0.055|+0.010|+22.22|20,128
0017WA|M3TECH-WA|0.005|0.000|0.000|0.000|0.00|0
1198|MAA|1.020|1.010|1.020|0.000|0.00|19,831
7617|MAGNA|0.930|0.000|0.000|0.000|0.00|0
7617WB|MAGNA-WB|0.190|0.000|0.000|0.000|0.00|0
7087|MAGNI|4.700|4.750|4.620|-0.080|-1.70|1,000
3859|MAGNUM|2.360|2.350|2.400|+0.040|+1.69|4,985
8583|MAHSING|0.915|0.920|0.915|0.000|0.00|2,613
858317|MAHSING-C17|0.040|0.000|0.000|0.000|0.00|0
858318|MAHSING-C18|0.030|0.000|0.000|0.000|0.00|0
858319|MAHSING-C19|0.020|0.020|0.020|0.000|0.00|300
8583WC|MAHSING-WC|0.015|0.020|0.020|+0.005|+33.33|1
5264|MALAKOF|0.910|0.915|0.905|-0.005|-0.55|21,414
526412|MALAKOFC12|0.005|0.000|0.000|0.000|0.00|0
526415|MALAKOFC15|0.020|0.025|0.025|+0.005|+25.00|1,000
526416|MALAKOFC16|0.005|0.000|0.000|0.000|0.00|0
526417|MALAKOFC17|0.090|0.000|0.000|0.000|0.00|0
526418|MALAKOFC18|0.055|0.055|0.055|0.000|0.00|1,000
526419|MALAKOFC19|0.115|0.115|0.115|0.000|0.00|400
526420|MALAKOFC20|0.085|0.085|0.085|0.000|0.00|1,100
526421|MALAKOFC21|0.080|0.000|0.000|0.000|0.00|0
526422|MALAKOFC22|0.045|0.045|0.045|0.000|0.00|10,500
4936|MALPAC|0.850|0.000|0.000|0.000|0.00|0
6181|MALTON|0.495|0.495|0.490|-0.005|-1.01|18,689
1058|MANULFE|2.470|2.650|2.650|+0.180|+7.29|30
3514|MARCO|0.125|0.125|0.125|0.000|0.00|1,800
5098|MASTEEL|0.465|0.470|0.480|+0.015|+3.23|19,143
7029|MASTER|0.830|0.830|0.825|-0.005|-0.60|2,427
0189|MATANG|0.070|0.070|0.070|0.000|0.00|6,800
5236|MATRIX|1.890|1.890|1.900|+0.010|+0.53|826
5236WA|MATRIX-WA|0.130|0.130|0.110|-0.020|-15.38|5,304
6012|MAXIS|5.410|5.370|5.450|+0.040|+0.74|7,569
601210|MAXIS-C10|0.055|0.060|0.060|+0.005|+9.09|1,500
6012C8|MAXIS-C8|0.065|0.000|0.000|0.000|0.00|0
6012C9|MAXIS-C9|0.050|0.000|0.000|0.000|0.00|0
5189|MAXWELL|0.010|0.000|0.000|0.000|0.00|0
5189WA|MAXWELL-WA|0.005|0.000|0.000|0.000|0.00|0
1155|MAYBANK|9.250|9.300|9.260|+0.010|+0.11|75,389
115543|MAYBANKC43|0.040|0.000|0.000|0.000|0.00|0
115544|MAYBANKC44|0.005|0.000|0.000|0.000|0.00|0
115546|MAYBANKC46|0.005|0.000|0.000|0.000|0.00|0
115547|MAYBANKC47|0.035|0.000|0.000|0.000|0.00|0
115548|MAYBANKC48|0.030|0.000|0.000|0.000|0.00|0
115549|MAYBANKC49|0.095|0.000|0.000|0.000|0.00|0
115550|MAYBANKC50|0.075|0.000|0.000|0.000|0.00|0
115551|MAYBANKC51|0.075|0.000|0.000|0.000|0.00|0
115552|MAYBANKC52|0.035|0.040|0.040|+0.005|+14.29|7,550
115553|MAYBANKC53|0.150|0.000|0.000|0.000|0.00|0
5077|MAYBULK|0.540|0.540|0.535|-0.005|-0.93|2,282
5886|MBG|0.800|0.800|0.800|0.000|0.00|16
5152|MBL|1.270|1.270|1.280|+0.010|+0.79|2,650
5152WA|MBL-WA|0.440|0.000|0.000|0.000|0.00|0
5983|MBMR|2.700|2.750|2.690|-0.010|-0.37|1,856
1171|MBSB|0.930|0.935|0.935|+0.005|+0.54|27,869
117115|MBSB-C15|0.010|0.000|0.000|0.000|0.00|0
117116|MBSB-C16|0.060|0.000|0.000|0.000|0.00|0
117117|MBSB-C17|0.030|0.000|0.000|0.000|0.00|0
117118|MBSB-C18|0.055|0.000|0.000|0.000|0.00|0
117119|MBSB-C19|0.045|0.000|0.000|0.000|0.00|0
117120|MBSB-C20|0.015|0.000|0.000|0.000|0.00|0
117121|MBSB-C21|0.030|0.000|0.000|0.000|0.00|0
7189|MBWORLD|1.620|1.620|1.620|0.000|0.00|400
7004|MCEHLDG|0.640|0.000|0.000|0.000|0.00|0
0167|MCLEAN|0.085|0.085|0.085|0.000|0.00|573
0167WB|MCLEAN-WB|0.025|0.000|0.000|0.000|0.00|0
5182|MCT|0.550|0.000|0.000|0.000|0.00|0
4502|MEDIA|0.495|0.495|0.490|-0.005|-1.01|18,784
5090|MEDIAC|0.225|0.225|0.220|-0.005|-2.22|7,507
0081|MEGASUN|0.120|0.000|0.000|0.000|0.00|0
0081WA|MEGASUN-WA|0.020|0.010|0.010|-0.010|-50.00|2
5129|MELATI|0.455|0.000|0.000|0.000|0.00|0
3778|MELEWAR|0.130|0.130|0.130|0.000|0.00|26
3778WB|MELEWAR-WB|0.045|0.000|0.000|0.000|0.00|0
1694|MENANG|0.395|0.390|0.390|-0.005|-1.27|718
1694WB|MENANG-WB|0.010|0.000|0.000|0.000|0.00|0
0577C2|MENGNIU-C2|0.180|0.000|0.000|0.000|0.00|0
5223|MENTIGA|0.530|0.590|0.590|+0.060|+11.32|1
8192|MERCURY|0.810|0.810|0.810|0.000|0.00|50
5006|MERGE|1.430|0.000|0.000|0.000|0.00|0
5040|MERIDIAN|0.290|0.295|0.290|0.000|0.00|3,700
5040WA|MERIDIAN-WA|0.075|0.105|0.105|+0.030|+40.00|120
5040WB|MERIDIAN-WB|0.020|0.020|0.020|0.000|0.00|500
5040WC|MERIDIAN-WC|0.020|0.020|0.020|0.000|0.00|70
7234|MESB|0.315|0.295|0.295|-0.020|-6.35|100
7234WA|MESB-WA|0.100|0.000|0.000|0.000|0.00|0
0826EA|METFAPA|1.040|0.000|0.000|0.000|0.00|0
0825EA|METFSID|0.807|0.000|0.000|0.000|0.00|0
0827EA|METFUS50|1.080|0.000|0.000|0.000|0.00|0
6149|METROD|1.700|0.000|0.000|0.000|0.00|0
3069|MFCB|3.790|3.780|3.800|+0.010|+0.26|341
3069WA|MFCB-WA|1.660|1.660|1.660|0.000|0.00|920
03015|MFGROUP|0.220|0.000|0.000|0.000|0.00|0
3662|MFLOUR|0.750|0.750|0.735|-0.015|-2.00|39,778
3662LA|MFLOUR-LA|1.490|1.460|1.460|-0.030|-2.01|2,250
3662WC|MFLOUR-WC|0.385|0.380|0.375|-0.010|-2.60|12,701
7595|MGB|0.750|0.000|0.000|0.000|0.00|0
7595WA|MGB-WA|0.250|0.000|0.000|0.000|0.00|0
0155|MGRC|0.270|0.000|0.000|0.000|0.00|0
5186|MHB|0.790|0.800|0.800|+0.010|+1.27|5,350
518613|MHB-C13|0.020|0.000|0.000|0.000|0.00|0
5026|MHC|0.590|0.000|0.000|0.000|0.00|0
03005|MHCARE|0.460|0.460|0.460|0.000|0.00|100
5286|MI|2.110|2.110|2.180|+0.070|+3.32|8,020
5286CA|MI-CA|0.090|0.000|0.000|0.000|0.00|0
5286CB|MI-CB|0.035|0.000|0.000|0.000|0.00|0
5286CC|MI-CC|0.055|0.045|0.045|-0.010|-18.18|1,584
5286CD|MI-CD|0.135|0.000|0.000|0.000|0.00|0
5286CE|MI-CE|0.150|0.000|0.000|0.000|0.00|0
5286CF|MI-CF|0.065|0.000|0.000|0.000|0.00|0
0126|MICROLN|0.410|0.000|0.000|0.000|0.00|0
5001|MIECO|0.270|0.265|0.265|-0.005|-1.85|5,881
0112|MIKROMB|0.260|0.260|0.260|0.000|0.00|744
7935|MILUX|0.700|0.000|0.000|0.000|0.00|0
5166|MINDA|0.045|0.050|0.050|+0.005|+11.11|1,254
7219|MINETEC|0.060|0.060|0.060|0.000|0.00|10,774
7219WA|MINETEC-WA|0.005|0.005|0.005|0.000|0.00|5,001
5576|MINHO|0.295|0.295|0.295|0.000|0.00|318
5576WC|MINHO-WC|0.070|0.000|0.000|0.000|0.00|0
3816|MISC|6.670|6.660|6.680|+0.010|+0.15|10,774
381619|MISC-C19|0.140|0.000|0.000|0.000|0.00|0
381620|MISC-C20|0.090|0.080|0.080|-0.010|-11.11|200
381621|MISC-C21|0.160|0.000|0.000|0.000|0.00|0
381622|MISC-C22|0.100|0.000|0.000|0.000|0.00|0
9571|MITRA|0.380|0.385|0.390|+0.010|+2.63|27,180
9571WD|MITRA-WD|0.050|0.045|0.045|-0.005|-10.00|3,192
9571WE|MITRA-WE|0.105|0.000|0.000|0.000|0.00|0
8141|MJPERAK|0.210|0.210|0.210|0.000|0.00|1,335
6114|MKH|1.280|1.280|1.290|+0.010|+0.78|629
8893|MKLAND|0.190|0.190|0.190|0.000|0.00|1,080
0085|MLAB|0.040|0.040|0.040|0.000|0.00|2,138
0085WA|MLAB-WA|0.010|0.000|0.000|0.000|0.00|0
0085WB|MLAB-WB|0.005|0.005|0.005|0.000|0.00|500
0034|MMAG|0.220|0.220|0.220|0.000|0.00|625
0034PA|MMAG-PA|0.085|0.000|0.000|0.000|0.00|0
0034WB|MMAG-WB|0.060|0.000|0.000|0.000|0.00|0
2194|MMCCORP|1.020|1.020|1.000|-0.020|-1.96|13,611
219412|MMCCORPC12|0.055|0.055|0.055|0.000|0.00|1,500
0113|MMSV|0.930|0.920|0.930|0.000|0.00|350
0103|MNC|0.035|0.035|0.035|0.000|0.00|500
0103WA|MNC-WA|0.005|0.010|0.010|+0.005|+100.00|1,480
6459|MNRB|1.010|1.010|1.010|0.000|0.00|3,849
0156|MPAY|0.120|0.125|0.125|+0.005|+4.17|92,113
6548|MPCORP|0.045|0.000|0.000|0.000|0.00|0
5237|MPHBCAP|1.050|1.070|1.060|+0.010|+0.95|397
3867|MPI|9.800|9.850|9.730|-0.070|-0.71|720
5123|MQREIT|1.100|1.110|1.090|-0.010|-0.91|928
0070|MQTECH|0.030|0.025|0.030|0.000|0.00|11,555
0070WA|MQTECH-WA|0.010|0.000|0.000|0.000|0.00|0
1651|MRCB|0.840|0.860|0.860|+0.020|+2.38|624,759
165134|MRCB-C34|0.005|0.000|0.000|0.000|0.00|0
165136|MRCB-C36|0.050|0.055|0.060|+0.010|+20.00|2,506
165137|MRCB-C37|0.085|0.095|0.095|+0.010|+11.76|6,500
165138|MRCB-C38|0.065|0.075|0.070|+0.005|+7.69|13,100
165139|MRCB-C39|0.140|0.150|0.145|+0.005|+3.57|104,278
165140|MRCB-C40|0.170|0.000|0.000|0.000|0.00|0
165141|MRCB-C41|0.140|0.165|0.155|+0.015|+10.71|116
165142|MRCB-C42|0.055|0.000|0.000|0.000|0.00|0
165143|MRCB-C43|0.095|0.105|0.100|+0.005|+5.26|86,699
165144|MRCB-C44|0.150|0.095|0.090|-0.060|-40.00|39,700
1651WB|MRCB-WB|0.235|0.240|0.245|+0.010|+4.26|25,209
5916|MSC|0.910|0.900|0.910|0.000|0.00|940
5202|MSM|1.800|1.800|1.880|+0.080|+4.44|450
5011|MSNIAGA|1.550|1.560|1.560|+0.010|+0.65|17
5150|MSPORTS|0.010|0.010|0.010|0.000|0.00|500
5924|MTDACPI|0.160|0.165|0.165|+0.005|+3.13|380
0092|MTOUCHE|0.060|0.060|0.055|-0.005|-8.33|584
0092WB|MTOUCHE-WB|0.010|0.000|0.000|0.000|0.00|0
0092WC|MTOUCHE-WC|0.015|0.000|0.000|0.000|0.00|0
0043|MTRONIC|0.070|0.070|0.080|+0.010|+14.29|233,840
0043OR|MTRONIC-OR|0.005|0.005|0.005|0.000|0.00|385,558
3883|MUDA|1.860|1.860|1.860|0.000|0.00|1,481
5085|MUDAJYA|0.355|0.355|0.340|-0.015|-4.23|2,201
9539|MUH|0.530|0.000|0.000|0.000|0.00|0
5703|MUHIBAH|2.950|2.940|2.940|-0.010|-0.34|143
5703CJ|MUHIBAH-CJ|0.150|0.000|0.000|0.000|0.00|0
3891|MUIIND|0.170|0.165|0.170|0.000|0.00|3,845
3913|MUIPROP|0.175|0.180|0.180|+0.005|+2.86|3,899
3905|MULPHA|2.410|2.420|2.420|+0.010|+0.41|982
5087|MYCRON|0.270|0.270|0.275|+0.005|+1.85|698
5087WA|MYCRON-WA|0.080|0.000|0.000|0.000|0.00|0
0138|MYEG|1.400|1.400|1.390|-0.010|-0.71|359,507
013844|MYEG-C44|0.200|0.000|0.000|0.000|0.00|0
013846|MYEG-C46|0.010|0.000|0.000|0.000|0.00|0
013848|MYEG-C48|0.005|0.000|0.000|0.000|0.00|0
013849|MYEG-C49|0.010|0.000|0.000|0.000|0.00|0
013850|MYEG-C50|0.030|0.000|0.000|0.000|0.00|0
013851|MYEG-C51|0.010|0.000|0.000|0.000|0.00|0
013852|MYEG-C52|0.005|0.000|0.000|0.000|0.00|0
013853|MYEG-C53|0.030|0.000|0.000|0.000|0.00|0
013854|MYEG-C54|0.010|0.010|0.010|0.000|0.00|300
013855|MYEG-C55|0.135|0.135|0.135|0.000|0.00|144,770
013856|MYEG-C56|0.410|0.405|0.415|+0.005|+1.22|1,600
013857|MYEG-C57|0.220|0.220|0.215|-0.005|-2.27|12,738
013858|MYEG-C58|0.140|0.140|0.140|0.000|0.00|16,200
013859|MYEG-C59|0.210|0.205|0.205|-0.005|-2.38|35,187
013860|MYEG-C60|0.255|0.255|0.250|-0.005|-1.96|4
013861|MYEG-C61|0.165|0.150|0.145|-0.020|-12.12|26,998
013862|MYEG-C62|0.195|0.195|0.190|-0.005|-2.56|30
013863|MYEG-C63|0.160|0.160|0.160|0.000|0.00|17,100
013864|MYEG-C64|0.125|0.125|0.120|-0.005|-4.00|24,798
013865|MYEG-C65|0.150|0.125|0.125|-0.025|-16.67|14,704
0821EA|MYETFDJ|1.040|1.050|1.050|+0.010|+0.96|1,010
0824EA|MYETFID|1.095|1.120|1.120|+0.025|+2.28|40
03010|MYKRIS|0.300|0.000|0.000|0.000|0.00|0
5275|MYNEWS|1.380|1.340|1.340|-0.040|-2.90|50
0041|MYSCM|0.240|0.240|0.245|+0.005|+2.08|1,405
0108|N2N|0.810|0.810|0.815|+0.005|+0.62|21,814
0108WB|N2N-WB|0.240|0.240|0.250|+0.010|+4.17|154
0206|NADIBHD|0.260|0.260|0.260|0.000|0.00|3,282
5073|NAIM|1.170|1.200|1.170|0.000|0.00|126,490
9806|NATWIDE|0.300|0.000|0.000|0.000|0.00|0
4707|NESTLE|145.500|145.000|145.000|-0.500|-0.34|615
4707CE|NESTLE-CE|0.025|0.000|0.000|0.000|0.00|0
0020|NETX|0.010|0.015|0.015|+0.005|+50.00|33,293
0020WB|NETX-WB|0.005|0.000|0.000|0.000|0.00|0
0096|NEXGRAM|0.015|0.020|0.020|+0.005|+33.33|1,000
0096WA|NEXGRAM-WA|0.005|0.000|0.000|0.000|0.00|0
0096WB|NEXGRAM-WB|0.005|0.000|0.000|0.000|0.00|0
0096WC|NEXGRAM-WC|0.005|0.000|0.000|0.000|0.00|0
7241|NGGB|0.480|0.480|0.490|+0.010|+2.08|14,198
7241WA|NGGB-WA|0.180|0.185|0.185|+0.005|+2.78|13,354
7060|NHFATT|2.680|0.000|0.000|0.000|0.00|0
7139|NICE|0.035|0.030|0.030|-0.005|-14.29|2,881
7139WB|NICE-WB|0.010|0.010|0.010|0.000|0.00|983
7215|NIHSIN|0.275|0.275|0.280|+0.005|+1.82|21,648
0083|NOTION|0.570|0.575|0.565|-0.005|-0.88|4,527
0083WC|NOTION-WC|0.255|0.255|0.255|0.000|0.00|10
0201|NOVA|0.460|0.480|0.475|+0.015|+3.26|80
0026|NOVAMSC|0.115|0.115|0.115|0.000|0.00|79,845
5047|NPC|1.800|0.000|0.000|0.000|0.00|0
03006|NPS|0.310|0.000|0.000|0.000|0.00|0
2038|NSOP|3.270|3.300|3.300|+0.030|+0.92|10
5066|NTPM|0.490|0.500|0.500|+0.010|+2.04|300
5025|NWP|0.075|0.075|0.075|0.000|0.00|180
4944|NYLEX|0.655|0.660|0.655|0.000|0.00|30
5533|OCB|0.450|0.000|0.000|0.000|0.00|0
0172|OCK|0.610|0.620|0.580|-0.030|-4.92|119,303
0172WA|OCK-WA|0.100|0.105|0.105|+0.005|+5.00|34,355
0049|OCNCASH|0.445|0.445|0.440|-0.005|-1.12|670
7071|OCR|0.285|0.285|0.285|0.000|0.00|21,480
7071PA|OCR-PA|0.030|0.030|0.030|0.000|0.00|5,070
7071WC|OCR-WC|0.035|0.000|0.000|0.000|0.00|0
7071WD|OCR-WD|0.070|0.075|0.075|+0.005|+7.14|11,474
7107|OFI|0.780|0.780|0.780|0.000|0.00|1,104
5827|OIB|2.020|2.020|2.020|0.000|0.00|21
7140|OKA|0.670|0.675|0.680|+0.010|+1.49|345
3018|OLYMPIA|0.110|0.110|0.110|0.000|0.00|2,582
9008|OMESTI|0.395|0.400|0.400|+0.005|+1.27|5,745
0035|OPCOM|0.630|0.635|0.630|0.000|0.00|2,090
0040|OPENSYS|0.335|0.345|0.330|-0.005|-1.49|4,865
4006|ORIENT|6.440|0.000|0.000|0.000|0.00|0
0079|ORION|0.215|0.215|0.220|+0.005|+2.33|177,644
0079WA|ORION-WA|0.130|0.135|0.145|+0.015|+11.54|118,233
5065|ORNA|1.010|0.990|0.990|-0.020|-1.98|500
5053|OSK|0.940|0.945|0.955|+0.015|+1.60|2,890
5053WC|OSK-WC|0.040|0.045|0.040|0.000|0.00|6,161
0053|OSKVI|0.450|0.465|0.470|+0.020|+4.44|296
0153|OVERSEA|0.115|0.000|0.000|0.000|0.00|0
5260|OWG|0.600|0.600|0.605|+0.005|+0.83|320
5260WA|OWG-WA|0.180|0.180|0.175|-0.005|-2.78|2,220
6009|P&O|1.000|1.000|1.010|+0.010|+1.00|1,043
7225|PA|0.055|0.050|0.055|0.000|0.00|2,799
7225WB|PA-WB|0.035|0.035|0.030|-0.005|-14.29|1,434
7052|PADINI|3.580|3.610|3.630|+0.050|+1.40|3,075
7052CV|PADINI-CV|0.005|0.000|0.000|0.000|0.00|0
7052CW|PADINI-CW|0.005|0.000|0.000|0.000|0.00|0
7052CX|PADINI-CX|0.100|0.000|0.000|0.000|0.00|0
7052CY|PADINI-CY|0.070|0.070|0.070|0.000|0.00|500
7052CZ|PADINI-CZ|0.125|0.000|0.000|0.000|0.00|0
3719|PANAMY|37.680|38.360|37.500|-0.180|-0.48|8
8419|PANSAR|0.800|0.790|0.800|0.000|0.00|240
8419WA|PANSAR-WA|0.305|0.295|0.305|0.000|0.00|50
5125|PANTECH|0.515|0.520|0.535|+0.020|+3.88|5,296
5125WA|PANTECH-WA|0.120|0.120|0.120|0.000|0.00|50
5125WB|PANTECH-WB|0.125|0.125|0.125|0.000|0.00|20
5022|PAOS|0.390|0.365|0.365|-0.025|-6.41|25
5022WA|PAOS-WA|0.065|0.000|0.000|0.000|0.00|0
9407|PARAGON|0.305|0.000|0.000|0.000|0.00|0
1724|PARAMON|2.040|2.030|2.040|0.000|0.00|407
5657|PARKSON|0.255|0.260|0.250|-0.005|-1.96|7,275
0022|PARLO|0.075|0.075|0.080|+0.005|+6.67|3,500
6912|PASDEC|0.390|0.385|0.390|0.000|0.00|520
6912WA|PASDEC-WA|0.070|0.070|0.070|0.000|0.00|150
0177|PASUKGB|0.055|0.055|0.050|-0.005|-9.09|2,968
5212|PAVREIT|1.830|1.820|1.800|-0.030|-1.64|30,862
5041|PBA|1.170|1.170|1.170|0.000|0.00|210
1295|PBBANK|23.740|23.740|23.400|-0.340|-1.43|57,750
129526|PBBANK-C26|0.005|0.000|0.000|0.000|0.00|0
129527|PBBANK-C27|0.025|0.000|0.000|0.000|0.00|0
129528|PBBANK-C28|0.105|0.000|0.000|0.000|0.00|0
129529|PBBANK-C29|0.115|0.000|0.000|0.000|0.00|0
129530|PBBANK-C30|0.095|0.000|0.000|0.000|0.00|0
129531|PBBANK-C31|0.115|0.115|0.100|-0.015|-13.04|41,526
6068|PCCS|0.370|0.375|0.390|+0.020|+5.41|50,068
6068WA|PCCS-WA|0.105|0.100|0.105|0.000|0.00|7,571
5183|PCHEM|9.050|9.130|9.050|0.000|0.00|64,439
518323|PCHEM-C23|0.015|0.000|0.000|0.000|0.00|0
518324|PCHEM-C24|0.015|0.000|0.000|0.000|0.00|0
518325|PCHEM-C25|0.045|0.000|0.000|0.000|0.00|0
518326|PCHEM-C26|0.085|0.000|0.000|0.000|0.00|0
518327|PCHEM-C27|0.130|0.000|0.000|0.000|0.00|0
518328|PCHEM-C28|0.115|0.000|0.000|0.000|0.00|0
518329|PCHEM-C29|0.135|0.140|0.140|+0.005|+3.70|1,000
518330|PCHEM-C30|0.175|0.000|0.000|0.000|0.00|0
518331|PCHEM-C31|0.080|0.000|0.000|0.000|0.00|0
6254|PDZ|0.030|0.030|0.030|0.000|0.00|32,350
6254WB|PDZ-WB|0.010|0.015|0.015|+0.005|+50.00|1
5622|PEB|0.900|0.000|0.000|0.000|0.00|0
5271|PECCA|1.060|1.060|1.060|0.000|0.00|2,548
5231|PELIKAN|0.350|0.340|0.340|-0.010|-2.86|211
5133|PENERGY|1.010|1.050|1.070|+0.060|+5.94|23,163
9997|PENSONI|0.400|0.000|0.000|0.000|0.00|0
9997WB|PENSONI-WB|0.115|0.000|0.000|0.000|0.00|0
7160|PENTA|3.450|3.460|3.460|+0.010|+0.29|7,314
7108|PERDANA|0.405|0.410|0.405|0.000|0.00|451,765
0047|PERISAI|0.005|0.000|0.000|0.000|0.00|0
7080|PERMAJU|0.480|0.485|0.495|+0.015|+3.13|172,463
5436|PERSTIM|4.900|4.900|4.900|0.000|0.00|35
8311|PESONA|0.230|0.230|0.225|-0.005|-2.17|6,069
8311WC|PESONA-WC|0.045|0.045|0.045|0.000|0.00|1,230
5219|PESTECH|1.090|1.080|1.080|-0.010|-0.92|995
5681|PETDAG|24.760|24.900|24.980|+0.220|+0.89|1,855
5681CX|PETDAG-CX|0.055|0.060|0.055|0.000|0.00|2,183
6033|PETGAS|17.600|17.580|17.640|+0.040|+0.23|2,263
6033CS|PETGAS-CS|0.010|0.010|0.010|0.000|0.00|3
3042|PETRONM|6.560|6.560|6.610|+0.050|+0.76|584
3042CS|PETRONM-CS|0.035|0.000|0.000|0.000|0.00|0
3611|PGLOBE|1.040|0.000|0.000|0.000|0.00|0
3611WA|PGLOBE-WA|0.075|0.000|0.000|0.000|0.00|0
7081|PHARMA|2.340|2.340|2.280|-0.060|-2.56|1,732
4464|PHB|0.025|0.020|0.020|-0.005|-20.00|17,841
7201|PICORP|0.130|0.130|0.130|0.000|0.00|2,642
7095|PIE|1.570|1.570|1.570|0.000|0.00|3,911
0006|PINEAPP|0.320|0.320|0.320|0.000|0.00|28
1902|PINEPAC|0.340|0.330|0.340|0.000|0.00|640
0527C2|PINGAN-C2|0.100|0.000|0.000|0.000|0.00|0
0527C3|PINGAN-C3|0.395|0.400|0.410|+0.015|+3.80|14,186
7163|PJBUMI|0.315|0.000|0.000|0.000|0.00|0
7163WA|PJBUMI-WA|0.050|0.000|0.000|0.000|0.00|0
0171|PLABS|0.300|0.300|0.310|+0.010|+3.33|1,599
7055|PLB|1.140|0.000|0.000|0.000|0.00|0
5075|PLENITU|1.470|1.460|1.460|-0.010|-0.68|20
9695|PLS|0.970|0.965|0.965|-0.005|-0.52|11,180
7172|PMBTECH|3.310|3.340|3.380|+0.070|+2.11|135
7172LA|PMBTECH-LA|3.620|0.000|0.000|0.000|0.00|0
7172WA|PMBTECH-WA|1.590|0.000|0.000|0.000|0.00|0
4081|PMCORP|0.145|0.145|0.140|-0.005|-3.45|1,550
8869|PMETAL|4.500|4.560|4.510|+0.010|+0.22|16,945
886915|PMETAL-C15|0.065|0.055|0.055|-0.010|-15.38|299
886917|PMETAL-C17|0.010|0.000|0.000|0.000|0.00|0
886918|PMETAL-C18|0.120|0.000|0.000|0.000|0.00|0
886919|PMETAL-C19|0.070|0.000|0.000|0.000|0.00|0
886920|PMETAL-C20|0.050|0.000|0.000|0.000|0.00|0
886921|PMETAL-C21|0.035|0.000|0.000|0.000|0.00|0
886922|PMETAL-C22|0.035|0.000|0.000|0.000|0.00|0
886923|PMETAL-C23|0.180|0.000|0.000|0.000|0.00|0
886924|PMETAL-C24|0.095|0.000|0.000|0.000|0.00|0
886925|PMETAL-C25|0.165|0.000|0.000|0.000|0.00|0
886926|PMETAL-C26|0.130|0.130|0.130|0.000|0.00|3,345
886927|PMETAL-C27|0.135|0.000|0.000|0.000|0.00|0
8869WC|PMETAL-WC|4.070|4.080|4.100|+0.030|+0.74|600
1287|PMHLDG|0.045|0.040|0.040|-0.005|-11.11|14,415
6637|PNEPCB|0.485|0.500|0.500|+0.015|+3.09|2,351
5080|POHKONG|0.490|0.495|0.485|-0.005|-1.02|571
7088|POHUAT|1.530|1.520|1.520|-0.010|-0.65|700
7088WB|POHUAT-WB|0.530|0.530|0.525|-0.005|-0.94|200
8117|POLY|0.430|0.430|0.440|+0.010|+2.33|190
03007|POLYMER|0.170|0.000|0.000|0.000|0.00|0
4634|POS|1.830|1.830|1.810|-0.020|-1.09|12,881
463421|POS-C21|0.005|0.000|0.000|0.000|0.00|0
463422|POS-C22|0.005|0.000|0.000|0.000|0.00|0
463423|POS-C23|0.005|0.000|0.000|0.000|0.00|0
463424|POS-C24|0.005|0.000|0.000|0.000|0.00|0
463425|POS-C25|0.005|0.000|0.000|0.000|0.00|0
463426|POS-C26|0.005|0.000|0.000|0.000|0.00|0
463427|POS-C27|0.005|0.000|0.000|0.000|0.00|0
463428|POS-C28|0.005|0.000|0.000|0.000|0.00|0
463429|POS-C29|0.035|0.000|0.000|0.000|0.00|0
463430|POS-C30|0.040|0.000|0.000|0.000|0.00|0
463431|POS-C31|0.070|0.000|0.000|0.000|0.00|0
463432|POS-C32|0.045|0.000|0.000|0.000|0.00|0
463433|POS-C33|0.100|0.000|0.000|0.000|0.00|0
463434|POS-C34|0.090|0.000|0.000|0.000|0.00|0
4065|PPB|17.920|17.860|18.080|+0.160|+0.89|1,609
4065CJ|PPB-CJ|0.115|0.000|0.000|0.000|0.00|0
7190|PPG|0.395|0.000|0.000|0.000|0.00|0
8273|PPHB|0.605|0.625|0.600|-0.005|-0.83|1,992
5204|PRESBHD|0.500|0.505|0.505|+0.005|+1.00|95,277
9873|PRESTAR|0.640|0.650|0.685|+0.045|+7.03|14,747
7168|PRG|0.740|0.740|0.740|0.000|0.00|4,210
7168WA|PRG-WA|0.345|0.000|0.000|0.000|0.00|0
0123|PRIVA|0.065|0.000|0.000|0.000|0.00|0
8346|PRKCORP|0.435|0.000|0.000|0.000|0.00|0
8966|PRLEXUS|0.585|0.575|0.555|-0.030|-5.13|3,567
8966WA|PRLEXUS-WA|0.080|0.080|0.080|0.000|0.00|622
5070|PRTASCO|0.265|0.260|0.260|-0.005|-1.89|15,457
5070WA|PRTASCO-WA|0.060|0.060|0.055|-0.005|-8.33|3,029
7145|PSIPTEK|0.125|0.125|0.125|0.000|0.00|1,000
7145WA|PSIPTEK-WA|0.025|0.025|0.020|-0.005|-20.00|4,911
9598|PTARAS|2.170|0.000|0.000|0.000|0.00|0
0038|PTB|0.145|0.000|0.000|0.000|0.00|0
0186|PTRANS|0.230|0.235|0.230|0.000|0.00|59,063
0186WA|PTRANS-WA|0.060|0.060|0.060|0.000|0.00|1,156
0007|PUC|0.095|0.095|0.100|+0.005|+5.26|20,465
0007WA|PUC-WA|0.060|0.060|0.065|+0.005|+8.33|7,718
6807|PUNCAK|0.365|0.365|0.360|-0.005|-1.37|2,162
7134|PWF|0.795|0.780|0.770|-0.025|-3.14|303
7134WA|PWF-WA|0.250|0.000|0.000|0.000|0.00|0
7123|PWORTH|0.050|0.055|0.050|0.000|0.00|30,422
7237|PWROOT|1.300|1.300|1.280|-0.020|-1.54|1,909
7237WA|PWROOT-WA|0.255|0.000|0.000|0.000|0.00|0
0196|QES|0.240|0.240|0.245|+0.005|+2.08|18,647
7084|QL|6.990|6.990|6.950|-0.040|-0.57|5,030
7084CL|QL-CL|0.050|0.000|0.000|0.000|0.00|0
7084CM|QL-CM|0.055|0.000|0.000|0.000|0.00|0
7084CN|QL-CN|0.085|0.090|0.085|0.000|0.00|4
7084CO|QL-CO|0.130|0.000|0.000|0.000|0.00|0
7544|QUALITY|0.815|0.000|0.000|0.000|0.00|0
7498|RALCO|0.235|0.270|0.280|+0.045|+19.15|202
7498WB|RALCO-WB|0.005|0.010|0.010|+0.005|+100.00|300
5272|RANHILL|1.350|1.360|1.360|+0.010|+0.74|2,594
7765|RAPID|5.490|5.530|5.700|+0.210|+3.83|18,943
9296|RCECAP|1.620|1.600|1.620|0.000|0.00|1,629
5256|REACH|0.305|0.305|0.305|0.000|0.00|40,360
5256WA|REACH-WA|0.055|0.060|0.060|+0.005|+9.09|6,420
03002|REDIDEA|0.280|0.000|0.000|0.000|0.00|0
0032|REDTONE|0.280|0.285|0.280|0.000|0.00|5,948
0032LA|REDTONE-LA|0.110|0.000|0.000|0.000|0.00|0
7232|RESINTC|0.310|0.000|0.000|0.000|0.00|0
0173|REV|0.200|0.205|0.210|+0.010|+5.00|918
0200|REVENUE|1.220|1.220|1.210|-0.010|-0.82|2,595
0200WA|REVENUE-WA|0.405|0.410|0.405|0.000|0.00|3,405
9946|REX|0.420|0.000|0.000|0.000|0.00|0
0106|REXIT|0.695|0.750|0.710|+0.015|+2.16|4,917
0037|RGB|0.210|0.210|0.210|0.000|0.00|9,590
9954|RGTBHD|0.180|0.175|0.175|-0.005|-2.78|6,762
9954WB|RGTBHD-WB|0.110|0.110|0.105|-0.005|-4.55|3,358
0202|RGTECH|0.230|0.230|0.235|+0.005|+2.17|2,360
1066|RHBBANK|5.700|5.700|5.690|-0.010|-0.18|58,120
106610|RHBBANKC10|0.090|0.000|0.000|0.000|0.00|0
106611|RHBBANKC11|0.040|0.000|0.000|0.000|0.00|0
106612|RHBBANKC12|0.090|0.000|0.000|0.000|0.00|0
106613|RHBBANKC13|0.080|0.000|0.000|0.000|0.00|0
5278|RHONEMA|0.770|0.770|0.770|0.000|0.00|100
9741|ROHAS|0.665|0.655|0.650|-0.015|-2.26|1,859
5113|RSAWIT|0.190|0.190|0.190|0.000|0.00|50
5270|RSENA|0.505|0.000|0.000|0.000|0.00|0
7803|RUBEREX|0.445|0.450|0.445|0.000|0.00|170
2542|RVIEW|3.000|0.000|0.000|0.000|0.00|0
5134|SAB|3.810|0.000|0.000|0.000|0.00|0
8567|SALCON|0.275|0.275|0.275|0.000|0.00|6,725
8567WB|SALCON-WB|0.085|0.085|0.085|0.000|0.00|5,986
0183|SALUTE|0.365|0.365|0.375|+0.010|+2.74|2,360
9822|SAM|7.630|7.640|7.680|+0.050|+0.66|149
5147|SAMCHEM|0.600|0.600|0.595|-0.005|-0.83|1,550
9113|SANBUMI|0.320|0.315|0.315|-0.005|-1.56|27,064
0541C9|SANDS-C9|0.115|0.000|0.000|0.000|0.00|0
0133|SANICHI|0.055|0.055|0.055|0.000|0.00|9,600
0133WC|SANICHI-WC|0.005|0.000|0.000|0.000|0.00|0
0133WD|SANICHI-WD|0.005|0.000|0.000|0.000|0.00|0
0133WE|SANICHI-WE|0.015|0.000|0.000|0.000|0.00|0
7811|SAPIND|0.795|0.750|0.750|-0.045|-5.66|130
5218|SAPNRG|0.335|0.335|0.330|-0.005|-1.49|652,325
5218PA|SAPNRG-PA|0.400|0.370|0.360|-0.040|-10.00|299
5218WA|SAPNRG-WA|0.130|0.135|0.130|0.000|0.00|413,079
521869|SAPNRGC69|0.005|0.000|0.000|0.000|0.00|0
521870|SAPNRGC70|0.060|0.000|0.000|0.000|0.00|0
521871|SAPNRGC71|0.005|0.000|0.000|0.000|0.00|0
521872|SAPNRGC72|0.015|0.000|0.000|0.000|0.00|0
521873|SAPNRGC73|0.025|0.030|0.030|+0.005|+20.00|20,200
521874|SAPNRGC74|0.035|0.030|0.030|-0.005|-14.29|250
521875|SAPNRGC75|0.085|0.080|0.080|-0.005|-5.88|25,320
521876|SAPNRGC76|0.075|0.075|0.075|0.000|0.00|12,033
4596|SAPRES|0.635|0.645|0.650|+0.015|+2.36|100
5252|SASBADI|0.235|0.235|0.230|-0.005|-2.13|35,452
5157|SAUDEE|0.315|0.315|0.320|+0.005|+1.59|200
5157WA|SAUDEE-WA|0.120|0.000|0.000|0.000|0.00|0
2569|SBAGAN|2.920|0.000|0.000|0.000|0.00|0
5207|SBCCORP|0.500|0.480|0.485|-0.015|-3.00|336
5170|SCABLE|0.380|0.380|0.350|-0.030|-7.89|9,074
0109|SCBUILD|0.025|0.025|0.025|0.000|0.00|750
0109WB|SCBUILD-WB|0.005|0.000|0.000|0.000|0.00|0
0158|SCC|0.520|0.000|0.000|0.000|0.00|0
7247|SCGM|1.140|1.080|1.070|-0.070|-6.14|16,265
7247WA|SCGM-WA|0.080|0.080|0.070|-0.010|-12.50|209
0161|SCH|0.130|0.125|0.130|0.000|0.00|991
0161WA|SCH-WA|0.040|0.000|0.000|0.000|0.00|0
9237|SCIB|0.590|0.610|0.590|0.000|0.00|1,014
0099|SCICOM|1.090|1.080|1.110|+0.020|+1.83|560
4731|SCIENTX|8.500|8.590|8.520|+0.020|+0.24|1,228
4731CF|SCIENTX-CF|0.060|0.000|0.000|0.000|0.00|0
7239|SCNWOLF|0.175|0.000|0.000|0.000|0.00|0
7158|SCOMI|0.055|0.050|0.050|-0.005|-9.09|18,983
7158WB|SCOMI-WB|0.015|0.015|0.015|0.000|0.00|11,800
7045|SCOMIES|0.085|0.090|0.090|+0.005|+5.88|97,042
0001|SCOMNET|0.760|0.760|0.755|-0.005|-0.66|6,401
0028|SCOPE|0.220|0.220|0.245|+0.025|+11.36|59,616
0028WA|SCOPE-WA|0.080|0.085|0.095|+0.015|+18.75|10,173
2224|SDRED|0.670|0.675|0.670|0.000|0.00|737
7073|SEACERA|0.340|0.340|0.335|-0.005|-1.47|263,850
7073WB|SEACERA-WB|0.005|0.000|0.000|0.000|0.00|0
7073WC|SEACERA-WC|0.040|0.040|0.040|0.000|0.00|9,200
4286|SEAL|0.340|0.350|0.340|0.000|0.00|300
5145|SEALINK|0.205|0.205|0.195|-0.010|-4.88|15,732
5163|SEB|0.380|0.000|0.000|0.000|0.00|0
0178|SEDANIA|0.115|0.130|0.130|+0.015|+13.04|75
7053|SEEHUP|0.910|0.000|0.000|0.000|0.00|0
03009|SEERS|0.100|0.000|0.000|0.000|0.00|0
9792|SEG|0.625|0.625|0.630|+0.005|+0.80|4,760
5250|SEM|1.480|1.440|1.480|0.000|0.00|1,002
5205|SENDAI|0.490|0.490|0.480|-0.010|-2.04|70,563
5279|SERBADK|3.830|3.830|3.800|-0.030|-0.78|28,968
5279CN|SERBADK-CN|0.005|0.000|0.000|0.000|0.00|0
5279CP|SERBADK-CP|0.060|0.000|0.000|0.000|0.00|0
5279CQ|SERBADK-CQ|0.170|0.000|0.000|0.000|0.00|0
5279CR|SERBADK-CR|0.150|0.130|0.130|-0.020|-13.33|500
5279CS|SERBADK-CS|0.090|0.000|0.000|0.000|0.00|0
7180|SERNKOU|0.510|0.525|0.525|+0.015|+2.94|950
7180WA|SERNKOU-WA|0.240|0.215|0.265|+0.025|+10.42|430
0055|SERSOL|0.105|0.100|0.100|-0.005|-4.76|4,600
0055WA|SERSOL-WA|0.045|0.000|0.000|0.000|0.00|0
5517|SHANG|5.570|5.600|5.700|+0.130|+2.33|2,254
4316|SHCHAN|0.370|0.000|0.000|0.000|0.00|0
7412|SHH|0.495|0.485|0.485|-0.010|-2.02|50
6017|SHL|2.360|2.380|2.360|0.000|0.00|484
5181|SIGGAS|0.950|0.965|0.955|+0.005|+0.53|7,662
7246|SIGN|0.450|0.455|0.485|+0.035|+7.78|5,502
7246WA|SIGN-WA|0.080|0.070|0.085|+0.005|+6.25|283
4197|SIME|2.250|2.250|2.260|+0.010|+0.44|66,840
419725|SIME-C25|0.005|0.000|0.000|0.000|0.00|0
419727|SIME-C27|0.005|0.000|0.000|0.000|0.00|0
419728|SIME-C28|0.015|0.000|0.000|0.000|0.00|0
419729|SIME-C29|0.040|0.000|0.000|0.000|0.00|0
419730|SIME-C30|0.035|0.000|0.000|0.000|0.00|0
419731|SIME-C31|0.035|0.000|0.000|0.000|0.00|0
419732|SIME-C32|0.095|0.100|0.100|+0.005|+5.26|5,994
419733|SIME-C33|0.050|0.060|0.060|+0.010|+20.00|8
5285|SIMEPLT|5.080|5.060|5.090|+0.010|+0.20|14,265
5285CH|SIMEPLT-CH|0.030|0.000|0.000|0.000|0.00|0
5285CI|SIMEPLT-CI|0.035|0.000|0.000|0.000|0.00|0
5285CJ|SIMEPLT-CJ|0.090|0.090|0.090|0.000|0.00|500
5285CK|SIMEPLT-CK|0.115|0.000|0.000|0.000|0.00|0
5288|SIMEPROP|1.080|1.090|1.090|+0.010|+0.93|33,007
5288CG|SIMEPROP-CG|0.020|0.000|0.000|0.000|0.00|0
5288CH|SIMEPROP-CH|0.050|0.000|0.000|0.000|0.00|0
5288CJ|SIMEPROP-CJ|0.020|0.000|0.000|0.000|0.00|0
5288CK|SIMEPROP-CK|0.045|0.000|0.000|0.000|0.00|0
5288CL|SIMEPROP-CL|0.060|0.000|0.000|0.000|0.00|0
8532|SINOTOP|0.295|0.285|0.285|-0.010|-3.39|2
9431|SJC|0.540|0.000|0.000|0.000|0.00|0
7115|SKBSHUT|0.580|0.000|0.000|0.000|0.00|0
7155|SKPRES|1.330|1.340|1.330|0.000|0.00|23,214
7155CN|SKPRES-CN|0.040|0.000|0.000|0.000|0.00|0
7155CO|SKPRES-CO|0.045|0.040|0.045|0.000|0.00|1,850
7155CP|SKPRES-CP|0.050|0.000|0.000|0.000|0.00|0
7155CQ|SKPRES-CQ|0.110|0.110|0.110|0.000|0.00|6,000
03008|SLIC|0.420|0.000|0.000|0.000|0.00|0
7248|SLP|1.220|1.170|1.220|0.000|0.00|94
9776|SMCAP|0.190|0.195|0.180|-0.010|-5.26|27,201
9776WC|SMCAP-WC|0.095|0.095|0.090|-0.005|-5.26|1,871
0203|SMETRIC|0.550|0.530|0.535|-0.015|-2.73|1,075
4375|SMI|0.175|0.175|0.170|-0.005|-2.86|8,548
7132|SMISCOR|0.410|0.480|0.480|+0.070|+17.07|1
0117|SMRT|0.120|0.120|0.120|0.000|0.00|1
0169|SMTRACK|0.080|0.080|0.075|-0.005|-6.25|6,730
7943|SNC|0.235|0.000|0.000|0.000|0.00|0
5213|SNTORIA|0.370|0.380|0.380|+0.010|+2.70|10
5213WA|SNTORIA-WA|0.005|0.000|0.000|0.000|0.00|0
5213WB|SNTORIA-WB|0.050|0.000|0.000|0.000|0.00|0
5242|SOLID|0.310|0.000|0.000|0.000|0.00|0
5242WA|SOLID-WA|0.075|0.000|0.000|0.000|0.00|0
0093|SOLUTN|0.085|0.085|0.085|0.000|0.00|359
0093WA|SOLUTN-WA|0.030|0.000|0.000|0.000|0.00|0
5126|SOP|2.470|2.480|2.480|+0.010|+0.40|10
0656CG|SP500-CG|0.790|0.845|0.830|+0.040|+5.06|1,440
0656CH|SP500-CH|1.440|0.000|0.000|0.000|0.00|0
0656CI|SP500-CI|0.895|0.915|0.935|+0.040|+4.47|211
0656HG|SP500-HG|0.195|0.165|0.165|-0.030|-15.38|701
0656HH|SP500-HH|0.285|0.275|0.275|-0.010|-3.51|30
0656HI|SP500-HI|0.820|0.770|0.800|-0.020|-2.44|445
1783|SPB|6.230|6.240|6.240|+0.010|+0.16|1,558
7103|SPRITZER|2.190|0.000|0.000|0.000|0.00|0
8664|SPSETIA|2.230|2.230|2.220|-0.010|-0.45|4,935
866410|SPSETIA-C10|0.010|0.000|0.000|0.000|0.00|0
866411|SPSETIA-C11|0.065|0.060|0.065|0.000|0.00|5,000
866412|SPSETIA-C12|0.105|0.000|0.000|0.000|0.00|0
866413|SPSETIA-C13|0.055|0.055|0.055|0.000|0.00|600
866414|SPSETIA-C14|0.110|0.110|0.105|-0.005|-4.55|8
866415|SPSETIA-C15|0.150|0.000|0.000|0.000|0.00|0
866416|SPSETIA-C16|0.070|0.000|0.000|0.000|0.00|0
8664PA|SPSETIA-PA|0.900|0.000|0.000|0.000|0.00|0
8664PB|SPSETIA-PB|0.770|0.000|0.000|0.000|0.00|0
0129|SRIDGE|0.215|0.215|0.210|-0.005|-2.33|8,650
0129WA|SRIDGE-WA|0.050|0.050|0.050|0.000|0.00|3,639
5665|SSTEEL|0.830|0.825|0.840|+0.010|+1.20|1,007
5665LB|SSTEEL-LB|0.760|0.000|0.000|0.000|0.00|0
6084|STAR|0.765|0.780|0.755|-0.010|-1.31|1,528
0140|STERPRO|0.160|0.160|0.160|0.000|0.00|400
0140WA|STERPRO-WA|0.040|0.025|0.030|-0.010|-25.00|2,763
7143|STONE|0.105|0.000|0.000|0.000|0.00|0
7143WA|STONE-WA|0.015|0.000|0.000|0.000|0.00|0
0080|STRAITS|0.275|0.270|0.270|-0.005|-1.82|83,113
0080WA|STRAITS-WA|0.175|0.170|0.165|-0.010|-5.71|30,974
6904|SUBUR|0.505|0.505|0.505|0.000|0.00|180
7207|SUCCESS|0.670|0.660|0.665|-0.005|-0.75|1,770
9865|SUIWAH|2.700|2.680|2.680|-0.020|-0.74|105
1201|SUMATEC|0.005|0.005|0.005|0.000|0.00|11,880
1201WA|SUMATEC-WA|0.005|0.005|0.005|0.000|0.00|10
5263|SUNCON|1.850|1.850|1.880|+0.030|+1.62|13,002
5263CU|SUNCON-CU|0.055|0.000|0.000|0.000|0.00|0
5263CV|SUNCON-CV|0.040|0.040|0.045|+0.005|+12.50|1,600
5263CW|SUNCON-CW|0.090|0.100|0.100|+0.010|+11.11|800
5176|SUNREIT|1.800|1.800|1.810|+0.010|+0.56|26,343
3743|SUNSURIA|0.620|0.650|0.620|0.000|0.00|110
3743WA|SUNSURIA-WA|0.045|0.000|0.000|0.000|0.00|0
5211|SUNWAY|1.660|1.660|1.680|+0.020|+1.20|38,255
5211WB|SUNWAY-WB|0.280|0.280|0.285|+0.005|+1.79|6,719
0148|SUNZEN|0.155|0.150|0.160|+0.005|+3.23|12,280
0148WA|SUNZEN-WA|0.050|0.045|0.045|-0.005|-10.00|1,591
0148WB|SUNZEN-WB|0.055|0.000|0.000|0.000|0.00|0
7235|SUPERLN|1.120|1.120|1.110|-0.010|-0.89|1,870
7106|SUPERMX|1.420|1.420|1.450|+0.030|+2.11|30,038
710648|SUPERMX-C48|0.005|0.000|0.000|0.000|0.00|0
710650|SUPERMX-C50|0.005|0.000|0.000|0.000|0.00|0
710652|SUPERMX-C52|0.005|0.000|0.000|0.000|0.00|0
710653|SUPERMX-C53|0.005|0.000|0.000|0.000|0.00|0
710654|SUPERMX-C54|0.040|0.000|0.000|0.000|0.00|0
710655|SUPERMX-C55|0.020|0.020|0.020|0.000|0.00|400
710656|SUPERMX-C56|0.070|0.070|0.075|+0.005|+7.14|9,570
710657|SUPERMX-C57|0.055|0.055|0.060|+0.005|+9.09|500
710658|SUPERMX-C58|0.050|0.035|0.040|-0.010|-20.00|2,000
710659|SUPERMX-C59|0.050|0.050|0.055|+0.005|+10.00|528
710660|SUPERMX-C60|0.030|0.000|0.000|0.000|0.00|0
710661|SUPERMX-C61|0.045|0.000|0.000|0.000|0.00|0
710662|SUPERMX-C62|0.050|0.055|0.055|+0.005|+10.00|9,490
710663|SUPERMX-C63|0.045|0.000|0.000|0.000|0.00|0
710664|SUPERMX-C64|0.065|0.070|0.070|+0.005|+7.69|200
710665|SUPERMX-C65|0.080|0.000|0.000|0.000|0.00|0
710666|SUPERMX-C66|0.065|0.000|0.000|0.000|0.00|0
710667|SUPERMX-C67|0.150|0.090|0.090|-0.060|-40.00|5,000
03018|SUPREME|0.680|0.000|0.000|0.000|0.00|0
6521|SURIA|1.400|1.390|1.390|-0.010|-0.71|20
5135|SWKPLNT|1.550|1.460|1.550|0.000|0.00|155
7186|SWSCAP|0.660|0.630|0.665|+0.005|+0.76|1,256
7186WB|SWSCAP-WB|0.080|0.065|0.075|-0.005|-6.25|481
9717|SYCAL|0.235|0.225|0.235|0.000|0.00|50
7082|SYF|0.220|0.225|0.220|0.000|0.00|480
7082WB|SYF-WB|0.010|0.000|0.000|0.000|0.00|0
1538|SYMLIFE|0.400|0.400|0.410|+0.010|+2.50|485
1538WB|SYMLIFE-WB|0.030|0.030|0.030|0.000|0.00|2,038
5173|SYSCORP|0.320|0.305|0.305|-0.015|-4.69|780
0050|SYSTECH|0.235|0.235|0.230|-0.005|-2.13|1,354
7228|T7GLOBAL|0.495|0.500|0.510|+0.015|+3.03|23,682
4898|TA|0.620|0.620|0.620|0.000|0.00|2,967
5012|TAANN|2.300|2.250|2.260|-0.040|-1.74|525
5012CM|TAANN-CM|0.080|0.000|0.000|0.000|0.00|0
4022|TADMAX|0.205|0.205|0.200|-0.005|-2.44|15,295
7211|TAFI|0.290|0.000|0.000|0.000|0.00|0
5158|TAGB|0.250|0.245|0.245|-0.005|-2.00|744
6139|TAKAFUL|4.770|4.810|4.850|+0.080|+1.68|22,871
6139CC|TAKAFUL-CC|0.095|0.100|0.105|+0.010|+10.53|6,867
6139CD|TAKAFUL-CD|0.160|0.000|0.000|0.000|0.00|0
2259|TALAMT|0.040|0.040|0.045|+0.005|+12.50|36,642
8524|TALIWRK|0.910|0.920|0.900|-0.010|-1.10|1,634
8524CE|TALIWRK-CE|0.140|0.000|0.000|0.000|0.00|0
5191|TAMBUN|0.790|0.785|0.785|-0.005|-0.63|4,534
2429|TANCO|0.050|0.050|0.055|+0.005|+10.00|15,444
2429WB|TANCO-WB|0.025|0.000|0.000|0.000|0.00|0
5149|TAS|0.285|0.290|0.290|+0.005|+1.75|2,866
5140|TASCO|1.550|1.570|1.670|+0.120|+7.74|2,433
4448|TASEK|4.700|4.700|4.840|+0.140|+2.98|141
4448P|TASEK-PA|10.100|0.000|0.000|0.000|0.00|0
7097|TAWIN|0.505|0.485|0.495|-0.010|-1.98|1,636
4405|TCHONG|1.520|1.530|1.510|-0.010|-0.66|1,105
0132|TDEX|0.070|0.070|0.075|+0.005|+7.14|340
2054|TDM|0.170|0.170|0.170|0.000|0.00|19,233
0084|TECFAST|0.320|0.320|0.325|+0.005|+1.56|3,077
7439|TECGUAN|1.010|1.310|1.310|+0.300|+29.70|4,078
5289|TECHBND|0.760|0.760|0.750|-0.010|-1.32|655
7200|TEKSENG|0.235|0.235|0.240|+0.005|+2.13|650
7200WA|TEKSENG-WA|0.030|0.030|0.035|+0.005|+16.67|846
5347|TENAGA|12.520|12.600|12.580|+0.060|+0.48|16,997
534747|TENAGA-C47|0.050|0.000|0.000|0.000|0.00|0
534749|TENAGA-C49|0.005|0.000|0.000|0.000|0.00|0
534750|TENAGA-C50|0.035|0.040|0.035|0.000|0.00|1,347
534751|TENAGA-C51|0.035|0.035|0.035|0.000|0.00|30
534752|TENAGA-C52|0.040|0.000|0.000|0.000|0.00|0
534753|TENAGA-C53|0.050|0.045|0.045|-0.005|-10.00|500
534754|TENAGA-C54|0.090|0.085|0.080|-0.010|-11.11|9,220
534755|TENAGA-C55|0.150|0.090|0.090|-0.060|-40.00|3,000
0546C7|TENCENT-C7|0.165|0.000|0.000|0.000|0.00|0
7252|TEOSENG|1.230|1.230|1.210|-0.020|-1.63|2,777
7252WA|TEOSENG-WA|0.240|0.230|0.230|-0.010|-4.17|250
8702|TEXCHEM|0.685|0.000|0.000|0.000|0.00|0
0089|TEXCYCL|0.530|0.000|0.000|0.000|0.00|0
0145|TFP|0.100|0.095|0.105|+0.005|+5.00|608
9369|TGL|1.000|0.000|0.000|0.000|0.00|0
7034|TGUAN|2.530|2.570|2.520|-0.010|-0.40|331
7034LA|TGUAN-LA|2.570|0.000|0.000|0.000|0.00|0
7034WA|TGUAN-WA|1.020|0.000|0.000|0.000|0.00|0
9075|THETA|0.410|0.410|0.415|+0.005|+1.22|1,406
7206|THHEAVY|0.055|0.055|0.055|0.000|0.00|9,270
7206PB|THHEAVY-PB|0.075|0.000|0.000|0.000|0.00|0
5112|THPLANT|0.530|0.530|0.525|-0.005|-0.94|685
7889|THRIVEN|0.225|0.225|0.225|0.000|0.00|4,532
7889WB|THRIVEN-WB|0.060|0.060|0.060|0.000|0.00|44
7374|TIENWAH|1.350|1.360|1.380|+0.030|+2.22|85
7079|TIGER|0.075|0.070|0.075|0.000|0.00|36,206
7079WC|TIGER-WC|0.020|0.020|0.020|0.000|0.00|1,500
5031|TIMECOM|8.510|8.500|8.700|+0.190|+2.23|8,943
7854|TIMWELL|0.615|0.595|0.595|-0.020|-3.25|91
5239|TITIJYA|0.305|0.305|0.300|-0.005|-1.64|45,755
5239PA|TITIJYA-PA|0.035|0.030|0.030|-0.005|-14.29|500
4863|TM|3.170|3.180|3.120|-0.050|-1.58|6,513
486327|TM-C27|0.005|0.000|0.000|0.000|0.00|0
486328|TM-C28|0.005|0.000|0.000|0.000|0.00|0
486330|TM-C30|0.045|0.000|0.000|0.000|0.00|0
486331|TM-C31|0.050|0.000|0.000|0.000|0.00|0
486332|TM-C32|0.015|0.000|0.000|0.000|0.00|0
486333|TM-C33|0.065|0.000|0.000|0.000|0.00|0
486334|TM-C34|0.095|0.085|0.085|-0.010|-10.53|500
486335|TM-C35|0.115|0.110|0.110|-0.005|-4.35|100
486336|TM-C36|0.235|0.000|0.000|0.000|0.00|0
486337|TM-C37|0.350|0.000|0.000|0.000|0.00|0
486338|TM-C38|0.185|0.000|0.000|0.000|0.00|0
486339|TM-C39|0.240|0.000|0.000|0.000|0.00|0
486340|TM-C40|0.165|0.000|0.000|0.000|0.00|0
486341|TM-C41|0.090|0.090|0.090|0.000|0.00|1,000
0101|TMCLIFE|0.720|0.725|0.715|-0.005|-0.69|1,240
0101WB|TMCLIFE-WB|0.010|0.010|0.010|0.000|0.00|405
8397|TNLOGIS|0.605|0.600|0.600|-0.005|-0.83|1,172
7218|TOCEAN|0.635|0.620|0.620|-0.015|-2.36|677
7230|TOMEI|0.500|0.000|0.000|0.000|0.00|0
7285|TOMYPAK|0.495|0.495|0.490|-0.005|-1.01|3,095
7285WA|TOMYPAK-WA|0.135|0.130|0.130|-0.005|-3.70|3,060
5010|TONGHER|3.550|3.520|3.550|0.000|0.00|591
7113|TOPGLOV|4.500|4.520|4.500|0.000|0.00|29,868
711333|TOPGLOV-C33|0.005|0.000|0.000|0.000|0.00|0
711341|TOPGLOV-C41|0.005|0.000|0.000|0.000|0.00|0
711342|TOPGLOV-C42|0.015|0.015|0.020|+0.005|+33.33|13,640
711343|TOPGLOV-C43|0.025|0.025|0.025|0.000|0.00|1,600
711344|TOPGLOV-C44|0.025|0.025|0.025|0.000|0.00|2,800
711345|TOPGLOV-C45|0.085|0.080|0.080|-0.005|-5.88|2,399
711346|TOPGLOV-C46|0.070|0.070|0.070|0.000|0.00|74,438
711347|TOPGLOV-C47|0.090|0.000|0.000|0.000|0.00|0
711348|TOPGLOV-C48|0.060|0.060|0.065|+0.005|+8.33|2,400
711349|TOPGLOV-C49|0.125|0.130|0.135|+0.010|+8.00|21,096
711350|TOPGLOV-C50|0.095|0.090|0.100|+0.005|+5.26|621
711351|TOPGLOV-C51|0.150|0.000|0.000|0.000|0.00|0
711352|TOPGLOV-C52|0.210|0.000|0.000|0.000|0.00|0
03013|TOPVISN|0.400|0.000|0.000|0.000|0.00|0
7173|TOYOINK|0.645|0.645|0.625|-0.020|-3.10|288
7173WB|TOYOINK-WB|0.085|0.090|0.090|+0.005|+5.88|605
7176|TPC|0.400|0.395|0.395|-0.005|-1.25|817
7176WA|TPC-WA|0.220|0.000|0.000|0.000|0.00|0
5054|TRC|0.640|0.635|0.635|-0.005|-0.78|3,612
0199|TRIMODE|0.415|0.415|0.415|0.000|0.00|138
0118|TRIVE|0.015|0.015|0.020|+0.005|+33.33|1,451
0118WB|TRIVE-WB|0.005|0.000|0.000|0.000|0.00|0
5401|TROP|0.875|0.870|0.880|+0.005|+0.57|570
5401WA|TROP-WA|0.025|0.020|0.020|-0.005|-20.00|100
9059|TSH|1.080|1.060|1.080|0.000|0.00|442
5042|TSRCAP|0.400|0.400|0.400|0.000|0.00|32
5042WB|TSRCAP-WB|0.045|0.000|0.000|0.000|0.00|0
5230|TUNEPRO|0.680|0.680|0.670|-0.010|-1.47|3,822
5167|TURBO|0.760|0.765|0.765|+0.005|+0.66|10
4359|TURIYA|0.180|0.155|0.155|-0.025|-13.89|290
5111|TWRREIT|0.900|0.000|0.000|0.000|0.00|0
7100|UCHITEC|2.640|2.700|2.660|+0.020|+0.76|230
7100CE|UCHITEC-CE|0.025|0.000|0.000|0.000|0.00|0
7100CF|UCHITEC-CF|0.095|0.000|0.000|0.000|0.00|0
0005|UCREST|0.260|0.260|0.265|+0.005|+1.92|38,728
5148|UEMS|0.825|0.830|0.820|-0.005|-0.61|19,568
514864|UEMS-C64|0.040|0.000|0.000|0.000|0.00|0
514865|UEMS-C65|0.070|0.075|0.070|0.000|0.00|5,740
514866|UEMS-C66|0.055|0.050|0.050|-0.005|-9.09|500
7133|ULICORP|0.390|0.395|0.440|+0.050|+12.82|13,860
2593|UMCCA|5.400|5.400|5.450|+0.050|+0.93|837
7137|UMS|2.050|2.010|1.980|-0.070|-3.41|95
7227|UMSNGB|0.990|0.000|0.000|0.000|0.00|0
4588|UMW|5.690|5.690|5.700|+0.010|+0.18|16,348
458811|UMW-C11|0.035|0.000|0.000|0.000|0.00|0
458812|UMW-C12|0.210|0.000|0.000|0.000|0.00|0
458813|UMW-C13|0.190|0.180|0.185|-0.005|-2.63|104
458814|UMW-C14|0.185|0.180|0.180|-0.005|-2.70|1,836
458815|UMW-C15|0.195|0.190|0.185|-0.010|-5.13|300
458816|UMW-C16|0.105|0.000|0.000|0.000|0.00|0
458817|UMW-C17|0.105|0.100|0.100|-0.005|-4.76|2,506
7091|UNIMECH|1.070|1.070|1.070|0.000|0.00|868
5005|UNISEM|2.610|2.700|2.610|0.000|0.00|21
500511|UNISEM-C11|0.220|0.000|0.000|0.000|0.00|0
500514|UNISEM-C14|0.045|0.000|0.000|0.000|0.00|0
500515|UNISEM-C15|0.060|0.000|0.000|0.000|0.00|0
03017|UNIWALL|0.320|0.000|0.000|0.000|0.00|0
5200|UOADEV|2.180|2.190|2.170|-0.010|-0.46|5,384
5110|UOAREIT|1.380|1.360|1.350|-0.030|-2.17|1,227
7757|UPA|2.200|2.250|2.250|+0.050|+2.27|10
2089|UTDPLT|27.220|27.220|27.220|0.000|0.00|14
5754|UTUSAN|0.150|0.155|0.155|+0.005|+3.33|100
7250|UZMA|0.930|0.945|0.955|+0.025|+2.69|19,539
0060|VC|0.170|0.165|0.180|+0.010|+5.88|16,746
5243|VELESTO|0.285|0.290|0.285|0.000|0.00|280,237
524325|VELESTO-C25|0.025|0.000|0.000|0.000|0.00|0
524326|VELESTO-C26|0.120|0.000|0.000|0.000|0.00|0
524327|VELESTO-C27|0.100|0.000|0.000|0.000|0.00|0
5243WA|VELESTO-WA|0.115|0.115|0.115|0.000|0.00|48,042
4995|VERSATL|0.365|0.370|0.370|+0.005|+1.37|200
7240|VERTICE|0.870|0.865|0.900|+0.030|+3.45|1,529
7240WA|VERTICE-WA|0.470|0.500|0.500|+0.030|+6.38|52
0120|VIS|0.480|0.480|0.500|+0.020|+4.17|9,612
0120WB|VIS-WB|0.185|0.185|0.195|+0.010|+5.41|6,994
0097|VITROX|7.130|7.130|7.260|+0.130|+1.82|2,185
0097CL|VITROX-CL|0.005|0.000|0.000|0.000|0.00|0
0097CM|VITROX-CM|0.060|0.000|0.000|0.000|0.00|0
0069|VIVOCOM|0.020|0.015|0.020|0.000|0.00|8,102
0069WC|VIVOCOM-WC|0.005|0.000|0.000|0.000|0.00|0
0069WD|VIVOCOM-WD|0.005|0.000|0.000|0.000|0.00|0
0069WE|VIVOCOM-WE|0.005|0.000|0.000|0.000|0.00|0
7070|VIZIONE|0.965|0.965|0.970|+0.005|+0.52|4,156
7070LA|VIZIONE-LA|0.070|0.000|0.000|0.000|0.00|0
7070WC|VIZIONE-WC|0.380|0.000|0.000|0.000|0.00|0
6963|VS|1.040|1.030|1.020|-0.020|-1.92|160,008
696310|VS-C10|0.100|0.095|0.095|-0.005|-5.00|77,814
696311|VS-C11|0.205|0.000|0.000|0.000|0.00|0
696312|VS-C12|0.085|0.080|0.080|-0.005|-5.88|4,500
696313|VS-C13|0.105|0.105|0.100|-0.005|-4.76|1,750
696314|VS-C14|0.070|0.070|0.070|0.000|0.00|12,000
6963C5|VS-C5|0.005|0.000|0.000|0.000|0.00|0
6963C7|VS-C7|0.005|0.000|0.000|0.000|0.00|0
6963C8|VS-C8|0.165|0.000|0.000|0.000|0.00|0
6963C9|VS-C9|0.140|0.135|0.135|-0.005|-3.57|2,351
0066|VSOLAR|0.225|0.225|0.220|-0.005|-2.22|279,731
5162|VSTECS|1.000|1.000|0.995|-0.005|-0.50|102
7203|WANGZNG|1.110|0.000|0.000|0.000|0.00|0
5016|WARISAN|2.100|2.100|2.100|0.000|0.00|1
5142|WASEONG|0.770|0.770|0.790|+0.020|+2.60|3,695
7226|WATTA|0.785|0.785|0.800|+0.015|+1.91|1,532
3565|WCEHB|0.535|0.525|0.550|+0.015|+2.80|3,363
9679|WCT|0.820|0.820|0.825|+0.005|+0.61|9,676
967914|WCT-C14|0.010|0.000|0.000|0.000|0.00|0
967915|WCT-C15|0.015|0.000|0.000|0.000|0.00|0
967916|WCT-C16|0.035|0.000|0.000|0.000|0.00|0
9679WE|WCT-WE|0.070|0.070|0.070|0.000|0.00|5,118
0197|WEGMANS|0.325|0.320|0.315|-0.010|-3.08|1,474
0197WA|WEGMANS-WA|0.140|0.140|0.135|-0.005|-3.57|1,242
7231|WELLCAL|1.260|1.270|1.260|0.000|0.00|745
0162|WIDAD|0.305|0.305|0.300|-0.005|-1.64|13,575
0162WA|WIDAD-WA|0.090|0.090|0.090|0.000|0.00|26,036
7692|WIDETEC|0.560|0.560|0.560|0.000|0.00|200
0008|WILLOW|0.445|0.450|0.440|-0.005|-1.12|1,303
0141|WINTONI|0.035|0.000|0.000|0.000|0.00|0
6378|WMG|0.125|0.000|0.000|0.000|0.00|0
7050|WONG|0.580|0.515|0.545|-0.035|-6.03|300
7025|WOODLAN|0.730|0.000|0.000|0.000|0.00|0
5246|WPRTS|3.700|3.700|3.700|0.000|0.00|3,800
5246CX|WPRTS-CX|0.050|0.000|0.000|0.000|0.00|0
5246CY|WPRTS-CY|0.120|0.000|0.000|0.000|0.00|0
5009|WTHORSE|1.060|1.060|1.060|0.000|0.00|664
4243|WTK|0.605|0.605|0.590|-0.015|-2.48|20,475
7245|WZSATU|0.290|0.290|0.290|0.000|0.00|6,449
7245WA|WZSATU-WA|0.125|0.125|0.120|-0.005|-4.00|350
5156|XDL|0.095|0.095|0.095|0.000|0.00|117,164
5156WD|XDL-WD|0.010|0.015|0.010|0.000|0.00|2,238
7121|XIANLNG|0.425|0.000|0.000|0.000|0.00|0
0581C1|XIAOMI-C1|0.010|0.000|0.000|0.000|0.00|0
0581C2|XIAOMI-C2|0.135|0.140|0.135|0.000|0.00|11,460
0095|XINGHE|0.030|0.035|0.035|+0.005|+16.67|17
5267|XINHWA|0.805|0.770|0.790|-0.015|-1.86|7,312
5155|XINQUAN|0.055|0.000|0.000|0.000|0.00|0
5155WA|XINQUAN-WA|0.005|0.000|0.000|0.000|0.00|0
5155WB|XINQUAN-WB|0.015|0.000|0.000|0.000|0.00|0
0165|XOX|0.050|0.050|0.055|+0.005|+10.00|1,450
7003|Y&G|0.910|0.000|0.000|0.000|0.00|0
7003WA|Y&G-WA|0.100|0.000|0.000|0.000|0.00|0
0025|YBS|0.135|0.135|0.130|-0.005|-3.70|2,196
5584|YEELEE|1.920|1.920|1.930|+0.010|+0.52|25
7122|YFG|0.005|0.000|0.000|0.000|0.00|0
0086|YGL|0.115|0.115|0.115|0.000|0.00|580
5048|YILAI|0.625|0.000|0.000|0.000|0.00|0
7293|YINSON|4.610|4.610|4.590|-0.020|-0.43|22,132
7293CT|YINSON-CT|0.035|0.035|0.030|-0.005|-14.29|992
7293CV|YINSON-CV|0.055|0.000|0.000|0.000|0.00|0
7293CW|YINSON-CW|0.120|0.000|0.000|0.000|0.00|0
7293CX|YINSON-CX|0.150|0.000|0.000|0.000|0.00|0
7020|YKGI|0.115|0.115|0.115|0.000|0.00|1,542
7020WB|YKGI-WB|0.015|0.000|0.000|0.000|0.00|0
7014|YLI|0.270|0.000|0.000|0.000|0.00|0
3158|YNHPROP|1.120|1.140|1.160|+0.040|+3.57|77,637
5159|YOCB|1.170|1.160|1.190|+0.020|+1.71|511
7066|YONGTAI|0.350|0.350|0.350|0.000|0.00|16,576
7066PA|YONGTAI-PA|0.215|0.210|0.210|-0.005|-2.33|580
7066WA|YONGTAI-WA|0.095|0.090|0.090|-0.005|-5.26|3,246
7178|YSPSAH|2.880|2.870|2.880|0.000|0.00|274
4677|YTL|1.090|1.080|1.070|-0.020|-1.83|15,352
467722|YTL-C22|0.050|0.000|0.000|0.000|0.00|0
467723|YTL-C23|0.060|0.065|0.065|+0.005|+8.33|5,100
467724|YTL-C24|0.070|0.000|0.000|0.000|0.00|0
2577|YTLLAND|0.390|0.385|0.390|0.000|0.00|260
2577LA|YTLLAND-LA|0.365|0.360|0.360|-0.005|-1.37|4
6742|YTLPOWR|0.845|0.845|0.845|0.000|0.00|2,972
6742C5|YTLPOWR-C5|0.005|0.000|0.000|0.000|0.00|0
6742C6|YTLPOWR-C6|0.045|0.000|0.000|0.000|0.00|0
6742C7|YTLPOWR-C7|0.150|0.000|0.000|0.000|0.00|0
5109|YTLREIT|1.290|1.290|1.290|0.000|0.00|2,987
7028|ZECON|0.265|0.265|0.265|0.000|0.00|13,064
2283|ZELAN|0.085|0.090|0.085|0.000|0.00|14,127
5131|ZHULIAN|1.360|1.380|1.370|+0.010|+0.74|715
0012|3A|0.980|0.985|0.970|-0.010|-1.02|2,786
