070322|A50CHIN-C22|0.215|0.055|0.055|-0.160|-74.42|155
070324|A50CHIN-C24|0.815|0.000|0.000|0.000|0.00|0
070326|A50CHIN-C26|0.495|0.000|0.000|0.000|0.00|0
070328|A50CHIN-C28|0.250|0.210|0.190|-0.060|-24.00|3,356
070330|A50CHIN-C30|0.335|0.280|0.250|-0.085|-25.37|15,039
070332|A50CHIN-C32|0.720|0.000|0.000|0.000|0.00|0
070334|A50CHIN-C34|1.010|0.000|0.000|0.000|0.00|0
070336|A50CHIN-C36|0.560|0.495|0.455|-0.105|-18.75|4,615
070338|A50CHIN-C38|0.230|0.200|0.180|-0.050|-21.74|125,410
070321|A50CHIN-H21|0.050|0.000|0.000|0.000|0.00|0
070323|A50CHIN-H23|0.005|0.005|0.005|0.000|0.00|330
070325|A50CHIN-H25|0.035|0.000|0.000|0.000|0.00|0
070327|A50CHIN-H27|0.065|0.080|0.080|+0.015|+23.08|2,460
070329|A50CHIN-H29|0.380|0.425|0.445|+0.065|+17.11|259,832
7054|AASIA|0.160|0.000|0.000|0.000|0.00|0
5238|AAX|0.255|0.250|0.245|-0.010|-3.92|77,098
523820|AAX-C20|0.005|0.000|0.000|0.000|0.00|0
523821|AAX-C21|0.005|0.000|0.000|0.000|0.00|0
5238WA|AAX-WA|0.050|0.050|0.050|0.000|0.00|3,151
0800EA|ABFMY1|1.173|0.000|0.000|0.000|0.00|0
7086|ABLEGRP|0.075|0.070|0.070|-0.005|-6.67|730
2488|ABMB|4.160|4.120|4.140|-0.020|-0.48|6,723
2488CY|ABMB-CY|0.100|0.000|0.000|0.000|0.00|0
7131|ACME|0.250|0.000|0.000|0.000|0.00|0
7120|ACOSTEC|0.430|0.430|0.430|0.000|0.00|12,354
5281|ADVCON|0.425|0.410|0.420|-0.005|-1.18|16,719
7191|ADVENTA|0.360|0.360|0.355|-0.005|-1.39|156
9148|ADVPKG|1.860|1.880|1.860|0.000|0.00|200
7146|AEM|0.105|0.105|0.105|0.000|0.00|1,100
7146WA|AEM-WA|0.005|0.005|0.005|0.000|0.00|15,799
0181|AEMULUS|0.255|0.250|0.250|-0.005|-1.96|7,497
6599|AEON|1.530|1.520|1.510|-0.020|-1.31|10,528
6599CO|AEON-CO|0.040|0.035|0.035|-0.005|-12.50|1,619
6599CP|AEON-CP|0.050|0.000|0.000|0.000|0.00|0
6599CQ|AEON-CQ|0.030|0.000|0.000|0.000|0.00|0
5139|AEONCR|17.120|17.100|17.040|-0.080|-0.47|1,397
5139LA|AEONCR-LA|1.560|1.530|1.530|-0.030|-1.92|60
5185|AFFIN|2.240|2.240|2.230|-0.010|-0.45|870
5198|AFUJIYA|0.520|0.495|0.510|-0.010|-1.92|80
7315|AHB|0.150|0.145|0.155|+0.005|+3.33|28,769
7315WB|AHB-WB|0.015|0.020|0.020|+0.005|+33.33|6,880
7090|AHEALTH|9.250|9.120|9.160|-0.090|-0.97|239
4952|AHP|0.765|0.765|0.760|-0.005|-0.65|270
0122|AIM|0.250|0.000|0.000|0.000|0.00|0
5099|AIRASIA|2.790|2.740|2.710|-0.080|-2.87|78,007
509959|AIRASIAC59|0.020|0.000|0.000|0.000|0.00|0
509967|AIRASIAC67|0.090|0.085|0.075|-0.015|-16.67|6,518
509968|AIRASIAC68|0.005|0.000|0.000|0.000|0.00|0
509969|AIRASIAC69|0.005|0.000|0.000|0.000|0.00|0
509970|AIRASIAC70|0.005|0.005|0.005|0.000|0.00|1,000
509971|AIRASIAC71|0.075|0.075|0.070|-0.005|-6.67|8,636
509972|AIRASIAC72|0.190|0.175|0.175|-0.015|-7.89|900
509973|AIRASIAC73|0.205|0.190|0.190|-0.015|-7.32|1,000
509974|AIRASIAC74|0.325|0.000|0.000|0.000|0.00|0
509975|AIRASIAC75|0.145|0.000|0.000|0.000|0.00|0
509976|AIRASIAC76|0.070|0.000|0.000|0.000|0.00|0
509977|AIRASIAC77|0.075|0.075|0.065|-0.010|-13.33|8,800
509978|AIRASIAC78|0.100|0.095|0.095|-0.005|-5.00|1,000
509979|AIRASIAC79|0.045|0.045|0.045|0.000|0.00|1,700
509980|AIRASIAC80|0.050|0.000|0.000|0.000|0.00|0
5014|AIRPORT|7.690|7.600|7.330|-0.360|-4.68|77,452
5014C2|AIRPORT-C2|0.005|0.000|0.000|0.000|0.00|0
5014C4|AIRPORT-C4|0.035|0.025|0.025|-0.010|-28.57|12,600
5014C5|AIRPORT-C5|0.055|0.000|0.000|0.000|0.00|0
5014C6|AIRPORT-C6|0.120|0.070|0.075|-0.045|-37.50|1,000
5014C7|AIRPORT-C7|0.075|0.070|0.060|-0.015|-20.00|22,741
2682|AISB|0.255|0.255|0.265|+0.010|+3.92|222
2658|AJI|18.120|18.100|17.980|-0.140|-0.77|400
7609|AJIYA|0.540|0.540|0.530|-0.010|-1.85|960
7609WA|AJIYA-WA|0.095|0.000|0.000|0.000|0.00|0
5115|ALAM|0.110|0.110|0.110|0.000|0.00|25,772
5116|ALAQAR|1.340|1.340|1.340|0.000|0.00|100
2674|ALCOM|0.540|0.525|0.540|0.000|0.00|611
1163|ALLIANZ|14.300|14.640|14.500|+0.200|+1.40|13
1163PA|ALLIANZ-PA|14.300|0.000|0.000|0.000|0.00|0
5269|ALSREIT|0.850|0.845|0.840|-0.010|-1.18|75
1015|AMBANK|4.520|4.460|4.500|-0.020|-0.44|18,768
101510|AMBANK-C10|0.165|0.145|0.150|-0.015|-9.09|4
101511|AMBANK-C11|0.165|0.000|0.000|0.000|0.00|0
101512|AMBANK-C12|0.130|0.125|0.125|-0.005|-3.85|36
101513|AMBANK-C13|0.090|0.085|0.085|-0.005|-5.56|4,656
0159|AMEDIA|0.155|0.150|0.155|0.000|0.00|6,350
5120|AMFIRST|0.535|0.530|0.530|-0.005|-0.93|1,607
03011|AMLEX|0.180|0.000|0.000|0.000|0.00|0
1007|AMPROP|0.520|0.520|0.520|0.000|0.00|3,185
1007PA|AMPROP-PA|0.250|0.250|0.250|0.000|0.00|63
1007PB|AMPROP-PB|0.580|0.000|0.000|0.000|0.00|0
7031|AMTEL|0.665|0.000|0.000|0.000|0.00|0
5959|AMVERTON|1.200|1.160|1.170|-0.030|-2.50|40
6351|AMWAY|5.920|6.000|6.000|+0.080|+1.35|18
7083|ANALABS|1.180|0.000|0.000|0.000|0.00|0
4758|ANCOM|0.480|0.000|0.000|0.000|0.00|0
0048|ANCOMLB|0.085|0.080|0.080|-0.005|-5.88|30
6556|ANNJOO|1.530|1.510|1.530|0.000|0.00|3,717
6556PA|ANNJOO-PA|0.490|0.000|0.000|0.000|0.00|0
9342|ANZO|0.035|0.035|0.035|0.000|0.00|27,213
9342WA|ANZO-WA|0.005|0.000|0.000|0.000|0.00|0
9342WB|ANZO-WB|0.025|0.000|0.000|0.000|0.00|0
9342WC|ANZO-WC|0.005|0.000|0.000|0.000|0.00|0
5568|APB|0.665|0.000|0.000|0.000|0.00|0
5088|APEX|1.060|0.000|0.000|0.000|0.00|0
5194|APFT|0.020|0.020|0.015|-0.005|-25.00|5,421
5015|APM|3.010|3.020|3.010|0.000|0.00|120
6432|APOLLO|3.900|0.000|0.000|0.000|0.00|0
0119|APPASIA|0.090|0.090|0.090|0.000|0.00|590
0119WA|APPASIA-WA|0.035|0.035|0.040|+0.005|+14.29|1,100
7214|ARANK|0.530|0.520|0.520|-0.010|-1.89|298
7007|ARK|0.360|0.000|0.000|0.000|0.00|0
7007WB|ARK-WB|0.090|0.000|0.000|0.000|0.00|0
5210|ARMADA|0.185|0.180|0.195|+0.010|+5.41|720,901
521040|ARMADA-C40|0.005|0.000|0.000|0.000|0.00|0
521043|ARMADA-C43|0.005|0.000|0.000|0.000|0.00|0
521045|ARMADA-C45|0.005|0.000|0.000|0.000|0.00|0
521046|ARMADA-C46|0.005|0.000|0.000|0.000|0.00|0
521047|ARMADA-C47|0.005|0.000|0.000|0.000|0.00|0
521048|ARMADA-C48|0.005|0.000|0.000|0.000|0.00|0
521049|ARMADA-C49|0.005|0.000|0.000|0.000|0.00|0
521050|ARMADA-C50|0.015|0.000|0.000|0.000|0.00|0
5127|ARREIT|0.835|0.835|0.830|-0.005|-0.60|522
1481|ASB|0.140|0.135|0.135|-0.005|-3.57|7,777
0068|ASDION|0.275|0.275|0.270|-0.005|-1.82|53,315
7722|ASIABRN|0.440|0.445|0.480|+0.040|+9.09|150
7129|ASIAFLE|2.500|2.500|2.500|0.000|0.00|39
4057|ASIAPAC|0.120|0.120|0.120|0.000|0.00|7,697
4057LC|ASIAPAC-LC|0.580|0.000|0.000|0.000|0.00|0
4057WB|ASIAPAC-WB|0.045|0.000|0.000|0.000|0.00|0
0105|ASIAPLY|0.080|0.000|0.000|0.000|0.00|0
0105PA|ASIAPLY-PA|0.035|0.000|0.000|0.000|0.00|0
0105WA|ASIAPLY-WA|0.015|0.000|0.000|0.000|0.00|0
0105WB|ASIAPLY-WB|0.025|0.000|0.000|0.000|0.00|0
7162|ASTINO|0.655|0.655|0.655|0.000|0.00|380
6399|ASTRO|1.550|1.540|1.490|-0.060|-3.87|33,903
639910|ASTRO-C10|0.115|0.000|0.000|0.000|0.00|0
639911|ASTRO-C11|0.110|0.000|0.000|0.000|0.00|0
639912|ASTRO-C12|0.075|0.065|0.065|-0.010|-13.33|5,200
639913|ASTRO-C13|0.070|0.000|0.000|0.000|0.00|0
639914|ASTRO-C14|0.065|0.000|0.000|0.000|0.00|0
0072|AT|0.050|0.050|0.045|-0.005|-10.00|14
0072WB|AT-WB|0.005|0.000|0.000|0.000|0.00|0
8176|ATAIMS|1.770|1.770|1.750|-0.020|-1.13|1,010
7048|ATLAN|4.500|4.490|4.500|0.000|0.00|100
5130|ATRIUM|1.110|1.120|1.120|+0.010|+0.90|240
7099|ATTA|0.610|0.610|0.610|0.000|0.00|31
7099LA|ATTA-LA|0.075|0.080|0.075|0.000|0.00|4,097
7099PA|ATTA-PA|0.125|0.120|0.120|-0.005|-4.00|400
7099WB|ATTA-WB|0.110|0.000|0.000|0.000|0.00|0
7099WC|ATTA-WC|0.090|0.000|0.000|0.000|0.00|0
7181|ATURMJU|0.365|0.360|0.350|-0.015|-4.11|33,238
7181PA|ATURMJU-PA|0.185|0.185|0.170|-0.015|-8.11|24,732
8885|AVI|0.150|0.150|0.135|-0.015|-10.00|137,455
7579|AWC|0.790|0.770|0.775|-0.015|-1.90|7,234
7579WA|AWC-WA|0.280|0.280|0.270|-0.010|-3.57|7,418
6888|AXIATA|4.270|4.140|4.180|-0.090|-2.11|36,924
688828|AXIATA-C28|0.020|0.000|0.000|0.000|0.00|0
688830|AXIATA-C30|0.040|0.000|0.000|0.000|0.00|0
688831|AXIATA-C31|0.040|0.000|0.000|0.000|0.00|0
688832|AXIATA-C32|0.110|0.000|0.000|0.000|0.00|0
688833|AXIATA-C33|0.180|0.165|0.170|-0.010|-5.56|9,410
688834|AXIATA-C34|0.180|0.000|0.000|0.000|0.00|0
688835|AXIATA-C35|0.145|0.135|0.135|-0.010|-6.90|500
688836|AXIATA-C36|0.200|0.000|0.000|0.000|0.00|0
688837|AXIATA-C37|0.085|0.080|0.080|-0.005|-5.88|4
5106|AXREIT|1.800|1.800|1.790|-0.010|-0.56|11,284
2305|AYER|4.310|0.000|0.000|0.000|0.00|0
5021|AYS|0.345|0.335|0.340|-0.005|-1.45|3,088
7078|AZRB|0.505|0.500|0.510|+0.005|+0.99|79,037
7078WA|AZRB-WA|0.250|0.245|0.265|+0.015|+6.00|8,120
0098|BAHVEST|0.675|0.665|0.660|-0.015|-2.22|58,125
0098WA|BAHVEST-WA|0.435|0.425|0.410|-0.025|-5.75|21,520
7251|BARAKAH|0.105|0.105|0.105|0.000|0.00|171,060
4162|BAT|35.480|35.400|35.280|-0.200|-0.56|1,503
4162CM|BAT-CM|0.065|0.000|0.000|0.000|0.00|0
4162CN|BAT-CN|0.130|0.000|0.000|0.000|0.00|0
4162CO|BAT-CO|0.070|0.080|0.075|+0.005|+7.14|4
5248|BAUTO|2.330|2.330|2.310|-0.020|-0.86|26,447
5248C1|BAUTO-C1|0.080|0.080|0.080|0.000|0.00|400
5248CY|BAUTO-CY|0.140|0.000|0.000|0.000|0.00|0
5248CZ|BAUTO-CZ|0.210|0.205|0.205|-0.005|-2.38|1,200
6602|BCB|0.290|0.280|0.295|+0.005|+1.72|1,698
0187|BCMALL|0.200|0.195|0.200|0.000|0.00|4,283
6173|BDB|0.465|0.455|0.420|-0.045|-9.68|9,007
5190|BENALEC|0.195|0.190|0.195|0.000|0.00|4,635
9814|BERTAM|0.275|0.000|0.000|0.000|0.00|0
8133|BHIC|1.180|1.250|1.230|+0.050|+4.24|1,059
7005|BIG|0.410|0.395|0.390|-0.020|-4.88|1,419
5258|BIMB|4.190|4.170|4.180|-0.010|-0.24|2,220
5258WA|BIMB-WA|0.250|0.245|0.250|0.000|0.00|1,674
0195|BINACOM|0.390|0.385|0.390|0.000|0.00|878
6998|BINTAI|0.135|0.130|0.130|-0.005|-3.70|2,840
6998WA|BINTAI-WA|0.045|0.045|0.045|0.000|0.00|90
0179|BIOHLDG|0.210|0.205|0.205|-0.005|-2.38|12,309
0179WA|BIOHLDG-WA|0.080|0.080|0.080|0.000|0.00|7,485
7243|BIOOSMO|0.055|0.055|0.055|0.000|0.00|4,430
5032|BIPORT|4.810|4.820|4.800|-0.010|-0.21|90
3239|BJASSET|0.305|0.295|0.305|0.000|0.00|3,150
3239WB|BJASSET-WB|0.060|0.060|0.060|0.000|0.00|1,000
3395|BJCORP|0.265|0.260|0.265|0.000|0.00|339,256
339510|BJCORP-C10|0.005|0.000|0.000|0.000|0.00|0
339511|BJCORP-C11|0.015|0.000|0.000|0.000|0.00|0
3395LD|BJCORP-LD|0.340|0.335|0.340|0.000|0.00|135
3395LE|BJCORP-LE|0.385|0.000|0.000|0.000|0.00|0
3395WB|BJCORP-WB|0.045|0.045|0.045|0.000|0.00|2,501
3395WC|BJCORP-WC|0.075|0.070|0.070|-0.005|-6.67|6,100
5196|BJFOOD|1.620|1.610|1.620|0.000|0.00|2,561
4219|BJLAND|0.260|0.255|0.260|0.000|0.00|21,128
6025|BJMEDIA|0.150|0.150|0.150|0.000|0.00|73
1562|BJTOTO|2.340|2.320|2.310|-0.030|-1.28|7,022
1562CW|BJTOTO-CW|0.060|0.000|0.000|0.000|0.00|0
1562CX|BJTOTO-CX|0.090|0.000|0.000|0.000|0.00|0
1899|BKAWAN|17.040|17.040|16.980|-0.060|-0.35|175
5069|BLDPLNT|6.720|6.740|6.740|+0.020|+0.30|50
0508C5|BOC-C5|0.130|0.000|0.000|0.000|0.00|0
0168|BOILERM|0.530|0.525|0.525|-0.005|-0.94|190
9288|BONIA|0.250|0.255|0.245|-0.005|-2.00|1,805
7036|BORNOIL|0.045|0.040|0.045|0.000|0.00|18,563
7036WC|BORNOIL-WC|0.020|0.000|0.000|0.000|0.00|0
7036WD|BORNOIL-WD|0.020|0.015|0.020|0.000|0.00|512
6297|BOXPAK|1.080|0.000|0.000|0.000|0.00|0
6297WA|BOXPAK-WA|0.175|0.000|0.000|0.000|0.00|0
5254|BPLANT|0.805|0.800|0.790|-0.015|-1.86|3,433
5100|BPPLAS|1.100|1.100|1.080|-0.020|-1.82|320
5932|BPURI|0.185|0.180|0.185|0.000|0.00|21,472
9474|BRAHIMS|0.145|0.140|0.145|0.000|0.00|28,286
8761|BREM|0.790|0.790|0.770|-0.020|-2.53|241
9938|BRIGHT|0.200|0.000|0.000|0.000|0.00|0
7221|BSLCORP|0.370|0.360|0.360|-0.010|-2.70|50
2771|BSTEAD|1.300|1.300|1.280|-0.020|-1.54|2,326
0011|BTECH|0.350|0.350|0.360|+0.010|+2.86|25,342
7188|BTM|0.105|0.105|0.115|+0.010|+9.52|205
7188WA|BTM-WA|0.010|0.010|0.010|0.000|0.00|699
7188WB|BTM-WB|0.040|0.000|0.000|0.000|0.00|0
1818|BURSA|6.900|6.900|6.830|-0.070|-1.01|4,369
181820|BURSA-C20|0.005|0.000|0.000|0.000|0.00|0
181821|BURSA-C21|0.075|0.000|0.000|0.000|0.00|0
181822|BURSA-C22|0.050|0.000|0.000|0.000|0.00|0
181823|BURSA-C23|0.040|0.000|0.000|0.000|0.00|0
7174|CAB|0.605|0.600|0.595|-0.010|-1.65|14,304
7174WA|CAB-WA|0.450|0.000|0.000|0.000|0.00|0
0191|CABNET|0.285|0.300|0.295|+0.010|+3.51|505
0191WA|CABNET-WA|0.055|0.000|0.000|0.000|0.00|0
7154|CAELY|0.935|0.905|0.905|-0.030|-3.21|886
7154WA|CAELY-WA|0.550|0.000|0.000|0.000|0.00|0
7128|CAMRES|0.260|0.250|0.250|-0.010|-3.85|300
5105|CANONE|2.990|2.990|2.970|-0.020|-0.67|2,838
5229|CAP|0.010|0.000|0.000|0.000|0.00|0
0163|CAREPLS|0.160|0.160|0.160|0.000|0.00|4,971
5257|CARIMIN|0.860|0.840|0.825|-0.035|-4.07|62,105
5245|CARING|1.950|1.950|1.960|+0.010|+0.51|200
2836|CARLSBG|26.500|26.480|26.500|0.000|0.00|3,401
7076|CBIP|1.080|1.080|1.080|0.000|0.00|956
7076WA|CBIP-WA|0.010|0.000|0.000|0.000|0.00|0
2925|CCB|1.580|1.570|1.590|+0.010|+0.63|117
7035|CCK|0.615|0.615|0.595|-0.020|-3.25|12,162
7035WA|CCK-WA|0.125|0.125|0.120|-0.005|-4.00|7,192
2879|CCM|1.910|1.920|1.920|+0.010|+0.52|20
5195|CENSOF|0.145|0.145|0.145|0.000|0.00|2,889
5195WB|CENSOF-WB|0.005|0.000|0.000|0.000|0.00|0
8982|CEPAT|0.590|0.585|0.585|-0.005|-0.85|2
8435|CEPCO|0.645|0.000|0.000|0.000|0.00|0
8044|CFM|1.260|1.260|1.260|0.000|0.00|10
0579C1|CGARDEN-C1|0.105|0.000|0.000|0.000|0.00|0
7209|CHEETAH|0.310|0.300|0.300|-0.010|-3.23|2
7187|CHGP|0.365|0.000|0.000|0.000|0.00|0
7187WA|CHGP-WA|0.175|0.000|0.000|0.000|0.00|0
5738|CHHB|1.550|1.500|1.530|-0.020|-1.29|908
5738WB|CHHB-WB|0.400|0.000|0.000|0.000|0.00|0
0829EA|CHINAETF-MYR|5.790|5.750|5.600|-0.190|-3.28|42
0829EB|CHINAETF-USD|1.275|0.000|0.000|0.000|0.00|0
5273|CHINHIN|0.800|0.800|0.795|-0.005|-0.63|3,841
1929|CHINTEK|6.600|6.600|6.580|-0.020|-0.30|90
5007|CHINWEL|1.800|1.790|1.790|-0.010|-0.56|60
0501CG|CHMOBIL-CG|0.185|0.135|0.135|-0.050|-27.03|5
5797|CHOOBEE|1.610|1.570|1.600|-0.010|-0.62|24
7016|CHUAN|0.400|0.000|0.000|0.000|0.00|0
8052|CICB|0.590|0.000|0.000|0.000|0.00|0
2828|CIHLDG|1.400|0.000|0.000|0.000|0.00|0
1023|CIMB|5.210|5.170|5.120|-0.090|-1.73|139,373
102340|CIMB-C40|0.005|0.000|0.000|0.000|0.00|0
102341|CIMB-C41|0.075|0.000|0.000|0.000|0.00|0
102342|CIMB-C42|0.050|0.000|0.000|0.000|0.00|0
102343|CIMB-C43|0.025|0.000|0.000|0.000|0.00|0
102344|CIMB-C44|0.035|0.000|0.000|0.000|0.00|0
102345|CIMB-C45|0.055|0.050|0.050|-0.005|-9.09|2,600
102346|CIMB-C46|0.080|0.000|0.000|0.000|0.00|0
102347|CIMB-C47|0.070|0.000|0.000|0.000|0.00|0
0822EA|CIMBA40|1.830|0.000|0.000|0.000|0.00|0
0823EA|CIMBC50|1.595|1.590|1.580|-0.015|-0.94|1,000
7117|CJCEN|0.450|0.435|0.430|-0.020|-4.44|2,475
0514C3|CKHUTCH-C3|0.075|0.000|0.000|0.000|0.00|0
03001|CLOUD|0.300|0.000|0.000|0.000|0.00|0
7018|CME|0.040|0.000|0.000|0.000|0.00|0
7018LA|CME-LA|0.025|0.000|0.000|0.000|0.00|0
7018WA|CME-WA|0.025|0.000|0.000|0.000|0.00|0
5180|CMMT|1.120|1.110|1.120|0.000|0.00|260
2852|CMSB|3.300|3.280|3.240|-0.060|-1.82|3,126
285214|CMSB-C14|0.085|0.000|0.000|0.000|0.00|0
285215|CMSB-C15|0.110|0.000|0.000|0.000|0.00|0
7986|CNASIA|0.450|0.415|0.450|0.000|0.00|231
5104|CNI|0.070|0.000|0.000|0.000|0.00|0
5188|CNOUHUA|0.050|0.000|0.000|0.000|0.00|0
5071|COASTAL|1.100|1.090|1.070|-0.030|-2.73|381
7205|COCOLND|1.990|0.000|0.000|0.000|0.00|0
7195|COMCORP|0.110|0.105|0.105|-0.005|-4.55|1,762
2127|COMFORT|0.805|0.805|0.830|+0.025|+3.11|2,573
5136|COMPLET|0.885|0.880|0.870|-0.015|-1.69|860
5037|COMPUGT|0.025|0.025|0.025|0.000|0.00|10,000
0102|CONNECT|0.105|0.105|0.110|+0.005|+4.76|1,942
0102PA|CONNECT-PA|0.030|0.000|0.000|0.000|0.00|0
0102WA|CONNECT-WA|0.030|0.000|0.000|0.000|0.00|0
0102WB|CONNECT-WB|0.040|0.000|0.000|0.000|0.00|0
8591|CRESBLD|1.170|1.130|1.090|-0.080|-6.84|23,427
6718|CRESNDO|1.280|1.290|1.290|+0.010|+0.78|193
03016|CRG|0.045|0.045|0.045|0.000|0.00|124
7202|CSCENIC|1.110|1.100|1.100|-0.010|-0.90|1,056
5094|CSCSTEL|1.060|1.060|1.050|-0.010|-0.94|2,175
5214|CSL|0.010|0.000|0.000|0.000|0.00|0
0051|CUSCAPI|0.210|0.210|0.205|-0.005|-2.38|55,552
5049|CVIEW|1.510|0.000|0.000|0.000|0.00|0
9423|CWG|0.415|0.000|0.000|0.000|0.00|0
7157|CYL|0.400|0.400|0.420|+0.020|+5.00|380
5082|CYMAO|0.345|0.345|0.345|0.000|0.00|40
5184|CYPARK|1.690|1.700|1.680|-0.010|-0.59|3,059
7204|D&O|0.690|0.685|0.685|-0.005|-0.72|26,697
8125|DAIBOCI|1.580|1.580|1.580|0.000|0.00|492
8125WB|DAIBOCI-WB|0.130|0.130|0.130|0.000|0.00|260
5355|DAIMAN|2.990|0.000|0.000|0.000|0.00|0
5276|DANCO|0.630|0.620|0.635|+0.005|+0.79|39,677
5276WA|DANCO-WA|0.385|0.380|0.380|-0.005|-1.30|32,025
8338|DATAPRP|0.220|0.215|0.220|0.000|0.00|12,068
0091|DAYA|0.005|0.005|0.010|+0.005|+100.00|3,753
5141|DAYANG|1.330|1.270|1.350|+0.020|+1.50|558,556
7179|DBE|0.030|0.030|0.030|0.000|0.00|6,420
7179WB|DBE-WB|0.010|0.000|0.000|0.000|0.00|0
3484|DBHD|0.520|0.515|0.510|-0.010|-1.92|15,073
3484WA|DBHD-WA|0.120|0.120|0.115|-0.005|-4.17|7,256
7119|DEGEM|1.050|0.000|0.000|0.000|0.00|0
5132|DELEUM|1.080|1.070|1.110|+0.030|+2.78|1,144
7212|DESTINI|0.310|0.300|0.300|-0.010|-3.23|129,872
0152|DGB|0.120|0.000|0.000|0.000|0.00|0
0152WB|DGB-WB|0.030|0.000|0.000|0.000|0.00|0
0131|DGSB|0.080|0.080|0.080|0.000|0.00|6,400
7277|DIALOG|3.200|3.170|3.170|-0.030|-0.94|49,418
727733|DIALOG-C33|0.005|0.000|0.000|0.000|0.00|0
727735|DIALOG-C35|0.005|0.000|0.000|0.000|0.00|0
727736|DIALOG-C36|0.040|0.000|0.000|0.000|0.00|0
727737|DIALOG-C37|0.035|0.000|0.000|0.000|0.00|0
727738|DIALOG-C38|0.025|0.000|0.000|0.000|0.00|0
727739|DIALOG-C39|0.050|0.000|0.000|0.000|0.00|0
727740|DIALOG-C40|0.100|0.095|0.100|0.000|0.00|1,200
727741|DIALOG-C41|0.090|0.090|0.090|0.000|0.00|1,500
727742|DIALOG-C42|0.135|0.000|0.000|0.000|0.00|0
727743|DIALOG-C43|0.100|0.000|0.000|0.000|0.00|0
727744|DIALOG-C44|0.060|0.065|0.060|0.000|0.00|4
6947|DIGI|4.650|4.560|4.580|-0.070|-1.51|11,418
694724|DIGI-C24|0.035|0.030|0.035|0.000|0.00|1,236
694725|DIGI-C25|0.105|0.000|0.000|0.000|0.00|0
694726|DIGI-C26|0.115|0.000|0.000|0.000|0.00|0
694727|DIGI-C27|0.110|0.000|0.000|0.000|0.00|0
694728|DIGI-C28|0.050|0.040|0.040|-0.010|-20.00|51
0029|DIGISTA|0.050|0.045|0.045|-0.005|-10.00|1,500
0029WB|DIGISTA-WB|0.015|0.000|0.000|0.000|0.00|0
0400GA|DIN040000223|99.700|0.000|0.000|0.000|0.00|0
0400GC|DIN042300721|100.500|0.000|0.000|0.000|0.00|0
0400GB|DIN045801028|100.700|0.000|0.000|0.000|0.00|0
7528|DKLS|1.750|0.000|0.000|0.000|0.00|0
5908|DKSH|2.410|2.400|2.380|-0.030|-1.24|715
3026|DLADY|64.100|63.660|63.680|-0.420|-0.66|11
4456|DNEX|0.295|0.285|0.285|-0.010|-3.39|67,843
4456WD|DNEX-WD|0.075|0.075|0.075|0.000|0.00|17,142
7114|DNONCE|0.440|0.435|0.435|-0.005|-1.14|1,522
7114WA|DNONCE-WA|0.175|0.180|0.185|+0.010|+5.71|3,053
5835|DOLMITE|0.110|0.000|0.000|0.000|0.00|0
5265|DOLPHIN|0.145|0.140|0.135|-0.010|-6.90|1,990
5265WA|DOLPHIN-WA|0.030|0.030|0.030|0.000|0.00|790
7169|DOMINAN|1.260|1.240|1.260|0.000|0.00|88
7169WA|DOMINAN-WA|0.090|0.000|0.000|0.000|0.00|0
7148|DPHARMA|1.200|1.200|1.200|0.000|0.00|13,283
0205|DPIH|0.200|0.200|0.195|-0.005|-2.50|3,386
7198|DPS|0.075|0.065|0.075|0.000|0.00|14
7198WB|DPS-WB|0.030|0.000|0.000|0.000|0.00|0
1619|DRBHCOM|1.900|1.890|1.900|0.000|0.00|26,593
161960|DRBHCOMC60|0.020|0.020|0.020|0.000|0.00|5,443
161962|DRBHCOMC62|0.005|0.000|0.000|0.000|0.00|0
161963|DRBHCOMC63|0.005|0.000|0.000|0.000|0.00|0
161964|DRBHCOMC64|0.005|0.000|0.000|0.000|0.00|0
161966|DRBHCOMC66|0.005|0.000|0.000|0.000|0.00|0
161967|DRBHCOMC67|0.015|0.000|0.000|0.000|0.00|0
161968|DRBHCOMC68|0.085|0.085|0.085|0.000|0.00|26,700
161969|DRBHCOMC69|0.125|0.000|0.000|0.000|0.00|0
161970|DRBHCOMC70|0.155|0.150|0.155|0.000|0.00|9,374
161971|DRBHCOMC71|0.130|0.000|0.000|0.000|0.00|0
161972|DRBHCOMC72|0.120|0.120|0.120|0.000|0.00|1,000
161973|DRBHCOMC73|0.095|0.090|0.090|-0.005|-5.26|100
161974|DRBHCOMC74|0.085|0.085|0.085|0.000|0.00|37,872
161975|DRBHCOMC75|0.080|0.075|0.080|0.000|0.00|1,852
5216|DSONIC|0.515|0.510|0.510|-0.005|-0.97|42,380
5216WA|DSONIC-WA|0.090|0.085|0.085|-0.005|-5.56|11,062
7233|DUFU|1.590|1.560|1.600|+0.010|+0.63|10,677
3948|DUTALND|0.495|0.490|0.495|0.000|0.00|2,966
7165|DWL|0.785|0.790|0.790|+0.005|+0.64|20
7165PA|DWL-PA|0.205|0.000|0.000|0.000|0.00|0
7165WA|DWL-WA|0.225|0.000|0.000|0.000|0.00|0
5178|DYNACIA|0.095|0.095|0.090|-0.005|-5.26|25,065
5178PA|DYNACIA-PA|0.045|0.050|0.050|+0.005|+11.11|2,220
5178WA|DYNACIA-WA|0.040|0.040|0.040|0.000|0.00|2,000
3417|E&O|0.910|0.905|0.905|-0.005|-0.55|18,163
341713|E&O-C13|0.105|0.000|0.000|0.000|0.00|0
341714|E&O-C14|0.150|0.000|0.000|0.000|0.00|0
3417WB|E&O-WB|0.005|0.000|0.000|0.000|0.00|0
0154|EAH|0.020|0.015|0.020|0.000|0.00|12,691
0154WC|EAH-WC|0.005|0.000|0.000|0.000|0.00|0
0154WD|EAH-WD|0.005|0.010|0.005|0.000|0.00|12,623
0154WE|EAH-WE|0.010|0.000|0.000|0.000|0.00|0
2097|EASTLND|0.100|0.100|0.100|0.000|0.00|1,520
5259|EATECH|0.460|0.450|0.445|-0.015|-3.26|9,430
2143|ECM|0.270|0.000|0.000|0.000|0.00|0
3557|ECOFIRS|0.295|0.295|0.300|+0.005|+1.69|2,055
3557WC|ECOFIRS-WC|0.015|0.000|0.000|0.000|0.00|0
0059|ECOHLDS|0.300|0.280|0.280|-0.020|-6.67|280
5253|ECONBHD|0.465|0.460|0.455|-0.010|-2.15|60,967
5253WA|ECONBHD-WA|0.110|0.115|0.115|+0.005|+4.55|15,126
8206|ECOWLD|0.925|0.925|0.920|-0.005|-0.54|3,636
8206CQ|ECOWLD-CQ|0.005|0.000|0.000|0.000|0.00|0
8206CS|ECOWLD-CS|0.035|0.000|0.000|0.000|0.00|0
8206CT|ECOWLD-CT|0.150|0.150|0.150|0.000|0.00|1,000
8206WA|ECOWLD-WA|0.180|0.180|0.180|0.000|0.00|325
5036|EDARAN|0.545|0.530|0.530|-0.015|-2.75|2,347
7471|EDEN|0.130|0.125|0.125|-0.005|-3.85|75,133
7471WB|EDEN-WB|0.045|0.045|0.040|-0.005|-11.11|21,231
1368|EDGENTA|2.820|2.820|2.820|0.000|0.00|4,133
0107|EDUSPEC|0.030|0.025|0.025|-0.005|-16.67|2,600
0064|EFFICEN|0.190|0.180|0.190|0.000|0.00|1,289
0065|EFORCE|0.480|0.470|0.465|-0.015|-3.13|35,244
0065WA|EFORCE-WA|0.130|0.125|0.125|-0.005|-3.85|11,093
8907|EG|0.475|0.465|0.455|-0.020|-4.21|7,915
8907PA|EG-PA|0.500|0.000|0.000|0.000|0.00|0
8907WC|EG-WC|0.140|0.140|0.145|+0.005|+3.57|260
5081|EIG|0.660|0.000|0.000|0.000|0.00|0
5208|EITA|1.300|1.310|1.310|+0.010|+0.77|20
7182|EKA|0.060|0.060|0.060|0.000|0.00|50
8877|EKOVEST|0.520|0.510|0.505|-0.015|-2.88|128,183
8877CQ|EKOVEST-CQ|0.005|0.000|0.000|0.000|0.00|0
8877CS|EKOVEST-CS|0.035|0.000|0.000|0.000|0.00|0
8877CT|EKOVEST-CT|0.035|0.030|0.030|-0.005|-14.29|3,450
8877WB|EKOVEST-WB|0.070|0.065|0.065|-0.005|-7.14|90,408
9016|EKSONS|0.820|0.775|0.810|-0.010|-1.22|619
5228|ELKDESA|1.380|1.390|1.380|0.000|0.00|838
5228LA|ELKDESA-LA|1.170|0.000|0.000|0.000|0.00|0
0090|ELSOFT|1.000|0.990|0.995|-0.005|-0.50|7,168
7217|EMETALL|0.435|0.425|0.425|-0.010|-2.30|1,675
9091|EMICO|0.180|0.170|0.175|-0.005|-2.78|751
6076|ENCORP|0.360|0.365|0.380|+0.020|+5.56|160
7149|ENGKAH|1.000|0.930|0.930|-0.070|-7.00|2
5056|ENGTEX|0.845|0.810|0.845|0.000|0.00|795
8613|ENRA|1.450|0.000|0.000|0.000|0.00|0
7773|EPMB|0.400|0.370|0.370|-0.030|-7.50|200
0190|ESAFE|0.205|0.000|0.000|0.000|0.00|0
0100|ESCERAM|0.160|0.160|0.160|0.000|0.00|200
03021|ETH|0.170|0.000|0.000|0.000|0.00|0
6815|EUPE|0.660|0.630|0.630|-0.030|-4.55|190
7208|EURO|0.140|0.135|0.135|-0.005|-3.57|2,766
7094|EUROSP|0.405|0.000|0.000|0.000|0.00|0
5101|EVERGRN|0.375|0.370|0.375|0.000|0.00|1,060
7249|EWEIN|0.590|0.585|0.575|-0.015|-2.54|10,930
5283|EWINT|0.760|0.760|0.750|-0.010|-1.32|1,251
5283WA|EWINT-WA|0.145|0.140|0.145|0.000|0.00|1,950
3689|F&N|34.800|34.380|34.400|-0.400|-1.15|5,677
2984|FACBIND|1.270|0.000|0.000|0.000|0.00|0
7047|FAJAR|0.405|0.405|0.395|-0.010|-2.47|13,399
7047WB|FAJAR-WB|0.030|0.035|0.035|+0.005|+16.67|3,477
5029|FAREAST|2.760|0.000|0.000|0.000|0.00|0
6041|FARLIM|0.375|0.360|0.355|-0.020|-5.33|880
7229|FAVCO|2.760|2.630|2.680|-0.080|-2.90|362
06505D|FBMKLCI-C5D|0.085|0.000|0.000|0.000|0.00|0
06505I|FBMKLCI-C5I|0.005|0.000|0.000|0.000|0.00|0
06505J|FBMKLCI-C5J|0.020|0.000|0.000|0.000|0.00|0
06505K|FBMKLCI-C5K|0.005|0.000|0.000|0.000|0.00|0
06505L|FBMKLCI-C5L|0.070|0.000|0.000|0.000|0.00|0
06505M|FBMKLCI-C5M|0.100|0.000|0.000|0.000|0.00|0
06505N|FBMKLCI-C5N|0.030|0.000|0.000|0.000|0.00|0
06505O|FBMKLCI-C5O|0.030|0.025|0.025|-0.005|-16.67|2,490
06505P|FBMKLCI-C5P|0.150|0.135|0.130|-0.020|-13.33|345
06505Q|FBMKLCI-C5Q|0.235|0.215|0.210|-0.025|-10.64|3,335
06505R|FBMKLCI-C5R|0.045|0.045|0.045|0.000|0.00|879
06505S|FBMKLCI-C5S|0.125|0.110|0.115|-0.010|-8.00|282
06505T|FBMKLCI-C5T|0.200|0.190|0.190|-0.010|-5.00|400
06505U|FBMKLCI-C5U|0.150|0.000|0.000|0.000|0.00|0
06505V|FBMKLCI-C5V|0.050|0.045|0.050|0.000|0.00|2,400
06505W|FBMKLCI-C5W|0.025|0.030|0.030|+0.005|+20.00|833
0820EA|FBMKLCI-EA|1.770|0.000|0.000|0.000|0.00|0
06506F|FBMKLCI-H6F|0.020|0.000|0.000|0.000|0.00|0
06506K|FBMKLCI-H6K|0.230|0.000|0.000|0.000|0.00|0
06506L|FBMKLCI-H6L|0.140|0.145|0.145|+0.005|+3.57|2,980
06506M|FBMKLCI-H6M|0.210|0.220|0.220|+0.010|+4.76|2,000
06506N|FBMKLCI-H6N|0.225|0.000|0.000|0.000|0.00|0
06506O|FBMKLCI-H6O|0.360|0.375|0.380|+0.020|+5.56|21,000
06506P|FBMKLCI-H6P|0.055|0.070|0.065|+0.010|+18.18|8,452
06506Q|FBMKLCI-H6Q|0.110|0.110|0.120|+0.010|+9.09|10,716
06506R|FBMKLCI-H6R|0.240|0.000|0.000|0.000|0.00|0
06506S|FBMKLCI-H6S|0.325|0.000|0.000|0.000|0.00|0
06506T|FBMKLCI-H6T|0.110|0.115|0.120|+0.010|+9.09|660
06506U|FBMKLCI-H6U|0.255|0.000|0.000|0.000|0.00|0
06506V|FBMKLCI-H6V|0.275|0.285|0.290|+0.015|+5.45|115
06506W|FBMKLCI-H6W|0.160|0.165|0.165|+0.005|+3.13|320
06506X|FBMKLCI-H6X|0.125|0.140|0.135|+0.010|+8.00|800
06506Y|FBMKLCI-H6Y|0.150|0.000|0.000|0.000|0.00|0
2755|FCW|0.715|0.000|0.000|0.000|0.00|0
5222|FGV|1.190|1.160|1.160|-0.030|-2.52|78,182
522255|FGV-C55|0.010|0.000|0.000|0.000|0.00|0
522256|FGV-C56|0.005|0.000|0.000|0.000|0.00|0
522257|FGV-C57|0.005|0.000|0.000|0.000|0.00|0
522258|FGV-C58|0.010|0.000|0.000|0.000|0.00|0
522259|FGV-C59|0.035|0.000|0.000|0.000|0.00|0
522260|FGV-C60|0.005|0.000|0.000|0.000|0.00|0
522261|FGV-C61|0.025|0.000|0.000|0.000|0.00|0
522262|FGV-C62|0.090|0.090|0.090|0.000|0.00|2,400
522263|FGV-C63|0.185|0.160|0.175|-0.010|-5.41|3,040
522264|FGV-C64|0.250|0.000|0.000|0.000|0.00|0
522265|FGV-C65|0.195|0.185|0.180|-0.015|-7.69|590
522266|FGV-C66|0.320|0.000|0.000|0.000|0.00|0
522267|FGV-C67|0.440|0.420|0.405|-0.035|-7.95|4,568
522268|FGV-C68|0.150|0.000|0.000|0.000|0.00|0
522269|FGV-C69|0.125|0.000|0.000|0.000|0.00|0
522270|FGV-C70|0.110|0.105|0.105|-0.005|-4.55|4
522271|FGV-C71|0.050|0.045|0.045|-0.005|-10.00|860
522272|FGV-C72|0.040|0.040|0.040|0.000|0.00|7,654
522273|FGV-C73|0.090|0.085|0.085|-0.005|-5.56|24,476
6939|FIAMMA|0.490|0.470|0.470|-0.020|-4.08|34
0149|FIBON|0.410|0.000|0.000|0.000|0.00|0
8605|FIHB|0.500|0.490|0.500|0.000|0.00|1,844
8605PA|FIHB-PA|0.085|0.000|0.000|0.000|0.00|0
8605PB|FIHB-PB|0.080|0.000|0.000|0.000|0.00|0
3107|FIMACOR|1.950|1.920|1.920|-0.030|-1.54|100
0150|FINTEC|0.050|0.050|0.050|0.000|0.00|24,449
0150PA|FINTEC-PA|0.025|0.000|0.000|0.000|0.00|0
0150WA|FINTEC-WA|0.010|0.000|0.000|0.000|0.00|0
0150WB|FINTEC-WB|0.020|0.000|0.000|0.000|0.00|0
9318|FITTERS|0.480|0.470|0.470|-0.010|-2.08|46,395
9318WB|FITTERS-WB|0.025|0.020|0.020|-0.005|-20.00|400
5197|FLBHD|1.650|1.650|1.640|-0.010|-0.61|2,488
0116|FOCUS|0.140|0.140|0.135|-0.005|-3.57|45,901
0116WC|FOCUS-WC|0.080|0.085|0.085|+0.005|+6.25|2,090
0157|FOCUSP|0.355|0.330|0.345|-0.010|-2.82|2,673
5277|FPGROUP|0.305|0.295|0.295|-0.010|-3.28|27,390
9172|FPI|1.810|1.800|1.800|-0.010|-0.55|5,301
7210|FREIGHT|0.595|0.595|0.600|+0.005|+0.84|4,806
0128|FRONTKN|0.965|0.950|0.945|-0.020|-2.07|60,778
9377|FSBM|0.095|0.000|0.000|0.000|0.00|0
9377WA|FSBM-WA|0.025|0.000|0.000|0.000|0.00|0
7184|G3|0.710|0.000|0.000|0.000|0.00|0
7184WA|G3-WA|0.700|0.000|0.000|0.000|0.00|0
9261|GADANG|0.655|0.650|0.640|-0.015|-2.29|30,259
9261WB|GADANG-WB|0.200|0.195|0.195|-0.005|-2.50|10,854
5398|GAMUDA|2.890|2.860|2.840|-0.050|-1.73|36,454
539851|GAMUDA-C51|0.005|0.000|0.000|0.000|0.00|0
539853|GAMUDA-C53|0.005|0.000|0.000|0.000|0.00|0
539856|GAMUDA-C56|0.030|0.000|0.000|0.000|0.00|0
539857|GAMUDA-C57|0.045|0.030|0.030|-0.015|-33.33|1,500
539858|GAMUDA-C58|0.065|0.055|0.060|-0.005|-7.69|20,000
539859|GAMUDA-C59|0.170|0.160|0.155|-0.015|-8.82|2,320
539860|GAMUDA-C60|0.105|0.000|0.000|0.000|0.00|0
539861|GAMUDA-C61|0.075|0.065|0.065|-0.010|-13.33|8,300
539862|GAMUDA-C62|0.100|0.090|0.090|-0.010|-10.00|507
539863|GAMUDA-C63|0.100|0.090|0.090|-0.010|-10.00|800
539864|GAMUDA-C64|0.150|0.085|0.085|-0.065|-43.33|1,348
5398WE|GAMUDA-WE|0.220|0.220|0.210|-0.010|-4.55|13,844
5209|GASMSIA|2.880|2.840|2.880|0.000|0.00|382
5226|GBGAQRS|1.250|1.220|1.240|-0.010|-0.80|28,818
5226WB|GBGAQRS-WB|0.320|0.310|0.315|-0.005|-1.56|105,237
5102|GCB|3.690|3.690|3.630|-0.060|-1.63|1,476
5102CA|GCB-CA|0.280|0.270|0.270|-0.010|-3.57|440
5102CB|GCB-CB|0.185|0.175|0.170|-0.015|-8.11|2,498
5102CC|GCB-CC|0.140|0.135|0.135|-0.005|-3.57|7,998
5102CD|GCB-CD|0.110|0.000|0.000|0.000|0.00|0
5102CE|GCB-CE|0.150|0.145|0.145|-0.005|-3.33|430
5592|GCE|0.470|0.470|0.470|0.000|0.00|140
0198|GDB|0.275|0.275|0.275|0.000|0.00|2,043
0078|GDEX|0.360|0.355|0.345|-0.015|-4.17|39,489
0078WB|GDEX-WB|0.065|0.065|0.055|-0.010|-15.38|14,044
0580C1|GEELY-C1|0.065|0.000|0.000|0.000|0.00|0
0104|GENETEC|1.700|1.690|1.660|-0.040|-2.35|71
4715|GENM|3.380|3.360|3.320|-0.060|-1.78|44,794
471538|GENM-C38|0.005|0.000|0.000|0.000|0.00|0
471540|GENM-C40|0.150|0.000|0.000|0.000|0.00|0
471541|GENM-C41|0.005|0.000|0.000|0.000|0.00|0
471542|GENM-C42|0.030|0.030|0.030|0.000|0.00|2,573
471543|GENM-C43|0.040|0.035|0.035|-0.005|-12.50|1,000
471544|GENM-C44|0.075|0.000|0.000|0.000|0.00|0
471545|GENM-C45|0.150|0.145|0.140|-0.010|-6.67|1,439
471546|GENM-C46|0.105|0.100|0.100|-0.005|-4.76|24,000
471547|GENM-C47|0.125|0.125|0.125|0.000|0.00|3,000
471548|GENM-C48|0.130|0.000|0.000|0.000|0.00|0
471549|GENM-C49|0.195|0.185|0.185|-0.010|-5.13|4,700
471550|GENM-C50|0.175|0.165|0.160|-0.015|-8.57|268
471551|GENM-C51|0.125|0.115|0.115|-0.010|-8.00|1,999
471552|GENM-C52|0.215|0.000|0.000|0.000|0.00|0
471553|GENM-C53|0.120|0.115|0.115|-0.005|-4.17|1,400
471554|GENM-C54|0.080|0.000|0.000|0.000|0.00|0
471555|GENM-C55|0.065|0.060|0.060|-0.005|-7.69|23,700
2291|GENP|10.400|10.180|10.600|+0.200|+1.92|942
2291WA|GENP-WA|2.450|2.450|2.410|-0.040|-1.63|43
3182|GENTING|6.920|6.920|6.860|-0.060|-0.87|23,920
318251|GENTINGC51|0.005|0.000|0.000|0.000|0.00|0
318255|GENTINGC55|0.050|0.000|0.000|0.000|0.00|0
318256|GENTINGC56|0.030|0.000|0.000|0.000|0.00|0
318257|GENTINGC57|0.080|0.075|0.075|-0.005|-6.25|21,973
318258|GENTINGC58|0.060|0.055|0.060|0.000|0.00|5,059
318259|GENTINGC59|0.085|0.000|0.000|0.000|0.00|0
318260|GENTINGC60|0.110|0.000|0.000|0.000|0.00|0
318261|GENTINGC61|0.110|0.100|0.100|-0.010|-9.09|1,217
318262|GENTINGC62|0.135|0.130|0.125|-0.010|-7.41|4,400
318263|GENTINGC63|0.125|0.120|0.120|-0.005|-4.00|19,996
318264|GENTINGC64|0.090|0.070|0.070|-0.020|-22.22|1,000
7197|GESHEN|0.610|0.000|0.000|0.000|0.00|0
5079|GETS|0.120|0.125|0.120|0.000|0.00|260
0039|GFM|0.495|0.490|0.485|-0.010|-2.02|10,556
0039WC|GFM-WC|0.205|0.195|0.195|-0.010|-4.88|17,821
0021|GHLSYS|1.640|1.630|1.640|0.000|0.00|1,853
0021CA|GHLSYS-CA|0.110|0.000|0.000|0.000|0.00|0
3204|GKENT|1.120|1.110|1.090|-0.030|-2.68|22,638
7382|GLBHD|0.370|0.370|0.370|0.000|0.00|7
5020|GLOMAC|0.370|0.360|0.365|-0.005|-1.35|3,026
5220|GLOTEC|0.470|0.460|0.460|-0.010|-2.13|956
5220WA|GLOTEC-WA|0.065|0.065|0.070|+0.005|+7.69|852
9962|GMUTUAL|0.275|0.000|0.000|0.000|0.00|0
0045|GNB|0.050|0.050|0.050|0.000|0.00|2,000
1147|GOB|0.185|0.185|0.185|0.000|0.00|44
1147WA|GOB-WA|0.005|0.000|0.000|0.000|0.00|0
0074|GOCEAN|0.120|0.115|0.120|0.000|0.00|6,370
0074WA|GOCEAN-WA|0.005|0.000|0.000|0.000|0.00|0
0828EA|GOLDETF|1.750|1.765|1.765|+0.015|+0.86|1,020
7192|GOODWAY|0.210|0.210|0.205|-0.005|-2.38|7,287
2135|GOPENG|0.690|0.000|0.000|0.000|0.00|0
7096|GPA|0.100|0.100|0.100|0.000|0.00|3,202
7096WA|GPA-WA|0.030|0.030|0.030|0.000|0.00|11,630
0082|GPACKET|0.315|0.315|0.310|-0.005|-1.59|2,346
0082WB|GPACKET-WB|0.075|0.080|0.080|+0.005|+6.67|499
5649|GPHAROS|0.230|0.220|0.220|-0.010|-4.35|727
0056|GRANFLO|0.205|0.200|0.200|-0.005|-2.44|2,691
0136|GREENYB|0.135|0.130|0.145|+0.010|+7.41|6,485
7077|GSB|0.190|0.180|0.190|0.000|0.00|13,719
7022|GTRONIC|1.690|1.680|1.670|-0.020|-1.18|6,593
7022CR|GTRONIC-CR|0.005|0.000|0.000|0.000|0.00|0
7022CS|GTRONIC-CS|0.005|0.000|0.000|0.000|0.00|0
7022CT|GTRONIC-CT|0.005|0.000|0.000|0.000|0.00|0
7022CU|GTRONIC-CU|0.030|0.000|0.000|0.000|0.00|0
7022CV|GTRONIC-CV|0.065|0.000|0.000|0.000|0.00|0
7022CW|GTRONIC-CW|0.040|0.000|0.000|0.000|0.00|0
3247|GUH|0.470|0.000|0.000|0.000|0.00|0
7676|GUNUNG|0.290|0.285|0.290|0.000|0.00|623
7676WB|GUNUNG-WB|0.050|0.000|0.000|0.000|0.00|0
1503|GUOCO|0.780|0.000|0.000|0.000|0.00|0
7668|HAIO|2.720|2.700|2.700|-0.020|-0.74|546
7668CG|HAIO-CG|0.075|0.000|0.000|0.000|0.00|0
5151|HALEX|0.920|0.915|0.865|-0.055|-5.98|1,405
7253|HANDAL|0.375|0.365|0.360|-0.015|-4.00|1,637
3034|HAPSENG|9.880|9.950|9.800|-0.080|-0.81|5,731
3034CX|HAPSENG-CX|0.030|0.000|0.000|0.000|0.00|0
2062|HARBOUR|0.700|0.685|0.695|-0.005|-0.71|163
2062WC|HARBOUR-WC|0.085|0.000|0.000|0.000|0.00|0
5008|HARISON|3.800|0.000|0.000|0.000|0.00|0
7501|HARNLEN|0.700|0.695|0.700|0.000|0.00|1,950
5168|HARTA|4.620|4.520|4.570|-0.050|-1.08|51,493
516811|HARTA-C11|0.005|0.000|0.000|0.000|0.00|0
516815|HARTA-C15|0.020|0.000|0.000|0.000|0.00|0
516816|HARTA-C16|0.010|0.000|0.000|0.000|0.00|0
516817|HARTA-C17|0.005|0.000|0.000|0.000|0.00|0
516818|HARTA-C18|0.005|0.005|0.005|0.000|0.00|180
516819|HARTA-C19|0.055|0.000|0.000|0.000|0.00|0
516820|HARTA-C20|0.050|0.000|0.000|0.000|0.00|0
516821|HARTA-C21|0.070|0.055|0.055|-0.015|-21.43|5,000
516822|HARTA-C22|0.050|0.045|0.050|0.000|0.00|3,602
5187|HBGLOB|0.125|0.120|0.115|-0.010|-8.00|7,633
7105|HCK|1.250|1.250|1.250|0.000|0.00|180
7105WA|HCK-WA|0.295|0.000|0.000|0.000|0.00|0
3255|HEIM|22.980|22.980|22.780|-0.200|-0.87|229
5121|HEKTAR|1.130|1.120|1.130|0.000|0.00|2,010
4324|HENGYUAN|5.990|5.990|5.790|-0.200|-3.34|4,692
4324C1|HENGYUAN-C1|0.005|0.000|0.000|0.000|0.00|0
4324C2|HENGYUAN-C2|0.005|0.000|0.000|0.000|0.00|0
4324C4|HENGYUAN-C4|0.030|0.000|0.000|0.000|0.00|0
4324C5|HENGYUAN-C5|0.035|0.000|0.000|0.000|0.00|0
4324C6|HENGYUAN-C6|0.055|0.000|0.000|0.000|0.00|0
4324C7|HENGYUAN-C7|0.190|0.185|0.180|-0.010|-5.26|610
4324C8|HENGYUAN-C8|0.120|0.110|0.105|-0.015|-12.50|1,600
4324C9|HENGYUAN-C9|0.150|0.000|0.000|0.000|0.00|0
4324CZ|HENGYUAN-CZ|0.010|0.000|0.000|0.000|0.00|0
5095|HEVEA|0.640|0.635|0.635|-0.005|-0.78|2,933
5095WB|HEVEA-WB|0.450|0.000|0.000|0.000|0.00|0
3298|HEXZA|0.705|0.705|0.700|-0.005|-0.71|200
0175|HHGROUP|0.120|0.120|0.125|+0.005|+4.17|2,025
0160|HHHCORP|0.095|0.090|0.090|-0.005|-5.26|1,180
5072|HIAPTEK|0.295|0.290|0.290|-0.005|-1.69|14,748
5072LA|HIAPTEK-LA|0.300|0.000|0.000|0.000|0.00|0
5072WB|HIAPTEK-WB|0.080|0.080|0.080|0.000|0.00|8,503
5199|HIBISCS|1.100|1.070|1.050|-0.050|-4.55|438,678
5199CM|HIBISCS-CM|0.100|0.090|0.085|-0.015|-15.00|15,998
5199CN|HIBISCS-CN|0.085|0.075|0.075|-0.010|-11.76|2,000
5199CO|HIBISCS-CO|0.080|0.000|0.000|0.000|0.00|0
5199CP|HIBISCS-CP|0.065|0.000|0.000|0.000|0.00|0
5199CQ|HIBISCS-CQ|0.140|0.130|0.120|-0.020|-14.29|36,465
5199CR|HIBISCS-CR|0.125|0.125|0.110|-0.015|-12.00|61,723
5199CS|HIBISCS-CS|0.110|0.000|0.000|0.000|0.00|0
5199CT|HIBISCS-CT|0.130|0.000|0.000|0.000|0.00|0
5199CU|HIBISCS-CU|0.105|0.100|0.090|-0.015|-14.29|26,163
5199CV|HIBISCS-CV|0.080|0.085|0.085|+0.005|+6.25|400
5199CW|HIBISCS-CW|0.095|0.085|0.080|-0.015|-15.79|6,104
5199WC|HIBISCS-WC|0.500|0.485|0.475|-0.025|-5.00|87,918
7033|HIGHTEC|1.200|0.000|0.000|0.000|0.00|0
8443|HIL|0.595|0.585|0.580|-0.015|-2.52|3,030
8443WB|HIL-WB|0.245|0.230|0.230|-0.015|-6.12|140
0505CF|HKEX-CF|0.425|0.000|0.000|0.000|0.00|0
5819|HLBANK|20.400|20.460|20.300|-0.100|-0.49|9,346
5819CN|HLBANK-CN|0.030|0.035|0.035|+0.005|+16.67|1,000
5819CO|HLBANK-CO|0.120|0.000|0.000|0.000|0.00|0
5274|HLCAP|9.600|0.000|0.000|0.000|0.00|0
1082|HLFG|19.460|19.220|18.920|-0.540|-2.77|3,070
3301|HLIND|9.950|10.000|9.920|-0.030|-0.30|349
0188|HLT|0.130|0.000|0.000|0.000|0.00|0
0188WA|HLT-WA|0.050|0.000|0.000|0.000|0.00|0
5169|HOHUP|0.405|0.400|0.385|-0.020|-4.94|5,157
5165|HOKHENG|0.675|0.670|0.650|-0.025|-3.70|1,944
5160|HOMERIZ|0.615|0.615|0.610|-0.005|-0.81|896
5160WA|HOMERIZ-WA|0.070|0.060|0.060|-0.010|-14.29|70
7010|HOOVER|0.600|0.595|0.600|0.000|0.00|1,590
06513U|HSI-C3U|0.015|0.000|0.000|0.000|0.00|0
06513V|HSI-C3V|0.050|0.020|0.005|-0.045|-90.00|139,678
06513W|HSI-C3W|0.420|0.185|0.190|-0.230|-54.76|3,731
06513X|HSI-C3X|1.010|0.760|0.745|-0.265|-26.24|20
06513Y|HSI-C3Y|0.100|0.000|0.000|0.000|0.00|0
06513Z|HSI-C3Z|0.170|0.130|0.110|-0.060|-35.29|178,117
06515A|HSI-C5A|0.390|0.295|0.280|-0.110|-28.21|506,991
06515B|HSI-C5B|0.720|0.595|0.560|-0.160|-22.22|21,248
06515C|HSI-C5C|0.200|0.170|0.140|-0.060|-30.00|40,696
06515D|HSI-C5D|0.340|0.270|0.245|-0.095|-27.94|593,239
06515E|HSI-C5E|0.645|0.500|0.505|-0.140|-21.71|24,773
06515F|HSI-C5F|0.970|0.860|0.860|-0.110|-11.34|100
06515G|HSI-C5G|0.535|0.460|0.425|-0.110|-20.56|43,319
06515H|HSI-C5H|0.830|0.000|0.000|0.000|0.00|0
06515I|HSI-C5I|1.190|1.040|1.040|-0.150|-12.61|100
06515J|HSI-C5J|0.680|0.560|0.555|-0.125|-18.38|55,115
06515K|HSI-C5K|0.990|0.000|0.000|0.000|0.00|0
06515L|HSI-C5L|1.410|0.000|0.000|0.000|0.00|0
06515M|HSI-C5M|1.910|1.750|1.720|-0.190|-9.95|230
06515N|HSI-C5N|0.280|0.220|0.220|-0.060|-21.43|500
06515O|HSI-C5O|0.420|0.370|0.360|-0.060|-14.29|159
06515P|HSI-C5P|0.610|0.555|0.555|-0.055|-9.02|50
06515Q|HSI-C5Q|0.935|0.815|0.830|-0.105|-11.23|100
06514V|HSI-H4V|0.005|0.000|0.000|0.000|0.00|0
06514W|HSI-H4W|0.005|0.005|0.005|0.000|0.00|100
06514X|HSI-H4X|0.005|0.005|0.005|0.000|0.00|800
06514Y|HSI-H4Y|0.005|0.005|0.005|0.000|0.00|30
06514Z|HSI-H4Z|0.005|0.010|0.005|0.000|0.00|2,259
06516A|HSI-H6A|0.015|0.020|0.020|+0.005|+33.33|27,407
06516B|HSI-H6B|0.025|0.040|0.040|+0.015|+60.00|2,497
06516C|HSI-H6C|0.070|0.090|0.090|+0.020|+28.57|105,737
06516D|HSI-H6D|0.050|0.000|0.000|0.000|0.00|0
06516E|HSI-H6E|0.110|0.140|0.130|+0.020|+18.18|2,825
06516F|HSI-H6F|0.220|0.265|0.260|+0.040|+18.18|405,447
06516G|HSI-H6G|0.415|0.480|0.480|+0.065|+15.66|210,737
06516H|HSI-H6H|0.070|0.000|0.000|0.000|0.00|0
06516I|HSI-H6I|0.130|0.000|0.000|0.000|0.00|0
06516J|HSI-H6J|0.240|0.275|0.280|+0.040|+16.67|42,551
06516K|HSI-H6K|0.075|0.070|0.070|-0.005|-6.67|200
06516L|HSI-H6L|0.125|0.000|0.000|0.000|0.00|0
06516M|HSI-H6M|0.155|0.190|0.190|+0.035|+22.58|33,990
06516N|HSI-H6N|0.265|0.300|0.315|+0.050|+18.87|4,016
06516O|HSI-H6O|0.225|0.000|0.000|0.000|0.00|0
06516P|HSI-H6P|0.320|0.000|0.000|0.000|0.00|0
06516Q|HSI-H6Q|0.455|0.000|0.000|0.000|0.00|0
06516R|HSI-H6R|0.630|0.000|0.000|0.000|0.00|0
6238|HSL|1.450|0.000|0.000|0.000|0.00|0
5138|HSPLANT|1.700|1.700|1.700|0.000|0.00|100
0185|HSSEB|1.190|1.170|1.170|-0.020|-1.68|13,695
0185WA|HSSEB-WA|0.230|0.230|0.220|-0.010|-4.35|3,219
5028|HTPADU|0.705|0.700|0.730|+0.025|+3.55|4,751
2739|HUAAN|0.255|0.250|0.255|0.000|0.00|243,550
5062|HUAYANG|0.390|0.390|0.390|0.000|0.00|804
7013|HUBLINE|0.060|0.055|0.055|-0.005|-8.33|103,478
7013WA|HUBLINE-WA|0.005|0.000|0.000|0.000|0.00|0
7013WB|HUBLINE-WB|0.010|0.000|0.000|0.000|0.00|0
7013WC|HUBLINE-WC|0.020|0.020|0.020|0.000|0.00|7
5000|HUMEIND|0.710|0.730|0.710|0.000|0.00|5,486
5024|HUPSENG|1.000|1.000|0.995|-0.005|-0.50|558
8478|HWATAI|0.320|0.320|0.305|-0.015|-4.69|1,400
9601|HWGB|0.100|0.100|0.100|0.000|0.00|2,900
9601WD|HWGB-WD|0.030|0.000|0.000|0.000|0.00|0
4251|IBHD|0.435|0.430|0.430|-0.005|-1.15|893
4251LB|IBHD-LB|0.320|0.000|0.000|0.000|0.00|0
4251WA|IBHD-WA|0.015|0.000|0.000|0.000|0.00|0
5084|IBRACO|0.690|0.000|0.000|0.000|0.00|0
5108|ICAP|2.400|2.400|2.400|0.000|0.00|584
0502CF|ICBC-CF|0.100|0.000|0.000|0.000|0.00|0
5255|ICON|0.095|0.090|0.090|-0.005|-5.26|60,469
9687|IDEAL|1.090|1.090|1.120|+0.030|+2.75|2,246
9687WB|IDEAL-WB|0.360|0.350|0.360|0.000|0.00|3,338
0174|IDMENSN|0.025|0.025|0.025|0.000|0.00|400
0174WA|IDMENSN-WA|0.005|0.000|0.000|0.000|0.00|0
0023|IFCAMSC|0.425|0.420|0.415|-0.010|-2.35|76,703
5606|IGBB|2.520|2.520|2.520|0.000|0.00|15
5606PA|IGBB-PA|1.110|0.000|0.000|0.000|0.00|0
5606PB|IGBB-PB|3.200|0.000|0.000|0.000|0.00|0
5227|IGBREIT|1.820|1.810|1.820|0.000|0.00|11,471
5225|IHH|5.820|5.800|5.790|-0.030|-0.52|13,039
522510|IHH-C10|0.125|0.110|0.120|-0.005|-4.00|3,518
5225C7|IHH-C7|0.035|0.000|0.000|0.000|0.00|0
5225C8|IHH-C8|0.105|0.100|0.105|0.000|0.00|1,642
5225C9|IHH-C9|0.095|0.000|0.000|0.000|0.00|0
0401GA|IHS046000824|97.500|0.000|0.000|0.000|0.00|0
3336|IJM|2.100|2.050|2.130|+0.030|+1.43|28,283
333620|IJM-C20|0.075|0.000|0.000|0.000|0.00|0
333621|IJM-C21|0.095|0.100|0.110|+0.015|+15.79|8
333624|IJM-C24|0.155|0.165|0.165|+0.010|+6.45|100
333625|IJM-C25|0.175|0.170|0.190|+0.015|+8.57|800
2216|IJMPLNT|1.630|1.610|1.590|-0.040|-2.45|432
5268|IKHMAS|0.160|0.160|0.155|-0.005|-3.13|20,815
5614|ILB|0.395|0.390|0.395|0.000|0.00|122
7222|IMASPRO|2.140|2.050|2.090|-0.050|-2.34|7,506
0166|INARI|1.610|1.580|1.560|-0.050|-3.11|31,954
016621|INARI-C21|0.005|0.000|0.000|0.000|0.00|0
016622|INARI-C22|0.005|0.000|0.000|0.000|0.00|0
016623|INARI-C23|0.005|0.000|0.000|0.000|0.00|0
016624|INARI-C24|0.005|0.000|0.000|0.000|0.00|0
016625|INARI-C25|0.005|0.000|0.000|0.000|0.00|0
016626|INARI-C26|0.040|0.035|0.035|-0.005|-12.50|19
016627|INARI-C27|0.040|0.000|0.000|0.000|0.00|0
016628|INARI-C28|0.035|0.035|0.035|0.000|0.00|5,500
016629|INARI-C29|0.070|0.065|0.065|-0.005|-7.14|2,500
016630|INARI-C30|0.060|0.000|0.000|0.000|0.00|0
016631|INARI-C31|0.130|0.120|0.125|-0.005|-3.85|24,910
016632|INARI-C32|0.135|0.125|0.125|-0.010|-7.41|11,640
016633|INARI-C33|0.285|0.275|0.270|-0.015|-5.26|4
016634|INARI-C34|0.085|0.080|0.080|-0.005|-5.88|13,618
016635|INARI-C35|0.070|0.000|0.000|0.000|0.00|0
016636|INARI-C36|0.080|0.085|0.085|+0.005|+6.25|400
016637|INARI-C37|0.115|0.105|0.105|-0.010|-8.70|4
016638|INARI-C38|0.105|0.100|0.100|-0.005|-4.76|12,100
0166WB|INARI-WB|1.060|1.030|1.020|-0.040|-3.77|557
2607|INCKEN|0.635|0.625|0.620|-0.015|-2.36|1,146
0094|INIX|0.050|0.055|0.055|+0.005|+10.00|4,197
0094WA|INIX-WA|0.025|0.000|0.000|0.000|0.00|0
0147|INNITY|0.575|0.000|0.000|0.000|0.00|0
6262|INNO|0.795|0.000|0.000|0.000|0.00|0
3379|INSAS|0.780|0.760|0.765|-0.015|-1.92|3,362
3379PA|INSAS-PA|0.985|0.985|0.985|0.000|0.00|18
3379WB|INSAS-WB|0.070|0.065|0.070|0.000|0.00|5,865
0192|INTA|0.285|0.280|0.280|-0.005|-1.75|1,700
1961|IOICORP|4.490|4.460|4.490|0.000|0.00|22,588
196119|IOICORP-C19|0.045|0.035|0.040|-0.005|-11.11|3,000
196120|IOICORP-C20|0.085|0.000|0.000|0.000|0.00|0
5249|IOIPG|1.400|1.400|1.360|-0.040|-2.86|10,100
5249CV|IOIPG-CV|0.130|0.000|0.000|0.000|0.00|0
5673|IPMUDA|0.500|0.000|0.000|0.000|0.00|0
5107|IQGROUP|1.130|1.130|1.110|-0.020|-1.77|751
8834|IREKA|0.560|0.000|0.000|0.000|0.00|0
8834WB|IREKA-WB|0.005|0.000|0.000|0.000|0.00|0
7183|IRETEX|0.155|0.160|0.150|-0.005|-3.23|2,977
7183LA|IRETEX-LA|0.020|0.000|0.000|0.000|0.00|0
7183WA|IRETEX-WA|0.005|0.000|0.000|0.000|0.00|0
0010|IRIS|0.140|0.145|0.145|+0.005|+3.57|396,964
9393|ITRONIC|0.100|0.095|0.100|0.000|0.00|2,030
5175|IVORY|0.205|0.205|0.205|0.000|0.00|610
1589|IWCITY|0.710|0.695|0.695|-0.015|-2.11|73,526
7223|JADI|0.035|0.035|0.035|0.000|0.00|6,264
0024|JAG|0.050|0.050|0.050|0.000|0.00|294,772
0024WA|JAG-WA|0.005|0.000|0.000|0.000|0.00|0
0024WB|JAG-WB|0.010|0.005|0.010|0.000|0.00|1,411
4723|JAKS|0.770|0.775|0.760|-0.010|-1.30|18,878
4723WB|JAKS-WB|0.500|0.490|0.495|-0.005|-1.00|950
8648|JASKITA|0.115|0.000|0.000|0.000|0.00|0
7152|JAYCORP|0.955|0.950|0.955|0.000|0.00|1,141
0058|JCBNEXT|1.480|1.540|1.540|+0.060|+4.05|1
5161|JCY|0.205|0.205|0.195|-0.010|-4.88|34,672
8931|JERASIA|0.385|0.395|0.390|+0.005|+1.30|105
9083|JETSON|0.180|0.180|0.185|+0.005|+2.78|230
0146|JFTECH|0.910|0.910|0.915|+0.005|+0.55|1,082
0127|JHM|1.310|1.290|1.260|-0.050|-3.82|26,980
8923|JIANKUN|0.325|0.290|0.310|-0.015|-4.62|125
8923WA|JIANKUN-WA|0.075|0.000|0.000|0.000|0.00|0
6769|JKGLAND|0.075|0.080|0.075|0.000|0.00|7,586
03003|JMEDU|0.535|0.000|0.000|0.000|0.00|0
7043|JMR|0.950|0.000|0.000|0.000|0.00|0
3441|JOHAN|0.085|0.080|0.080|-0.005|-5.88|50
7167|JOHOTIN|1.400|1.360|1.350|-0.050|-3.57|21,589
4383|JTIASA|0.550|0.540|0.525|-0.025|-4.55|7,392
0111|K1|0.230|0.225|0.230|0.000|0.00|22,692
0111WC|K1-WC|0.110|0.110|0.100|-0.010|-9.09|4,543
0193|KAB|0.210|0.210|0.205|-0.005|-2.38|7,859
8672|KAMDAR|0.290|0.000|0.000|0.000|0.00|0
0170|KANGER|0.040|0.040|0.045|+0.005|+12.50|3,030
0170WA|KANGER-WA|0.020|0.000|0.000|0.000|0.00|0
5247|KAREX|0.435|0.430|0.430|-0.005|-1.15|23,940
0054|KARYON|0.135|0.135|0.135|0.000|0.00|1,800
7216|KAWAN|1.700|1.700|1.670|-0.030|-1.76|383
3115|KBUNAI|0.085|0.085|0.085|0.000|0.00|1,937
3115WC|KBUNAI-WC|0.020|0.000|0.000|0.000|0.00|0
7199|KEINHIN|0.625|0.000|0.000|0.000|0.00|0
7323|KEN|0.680|0.680|0.680|0.000|0.00|300
6483|KENANGA|0.525|0.520|0.505|-0.020|-3.81|4,458
7161|KERJAYA|1.240|1.260|1.240|0.000|0.00|1,776
7161CJ|KERJAYA-CJ|0.020|0.000|0.000|0.000|0.00|0
7161CK|KERJAYA-CK|0.150|0.065|0.065|-0.085|-56.67|5,000
7161WB|KERJAYA-WB|0.190|0.190|0.190|0.000|0.00|2,552
9334|KESM|8.630|8.630|8.590|-0.040|-0.46|90
0143|KEYASIC|0.105|0.110|0.105|0.000|0.00|27,030
6491|KFIMA|1.650|1.660|1.650|0.000|0.00|190
8303|KFM|0.180|0.180|0.170|-0.010|-5.56|291
0151|KGB|1.250|1.240|1.250|0.000|0.00|4,621
0151WA|KGB-WA|0.740|0.740|0.740|0.000|0.00|640
0036|KGROUP|0.040|0.040|0.040|0.000|0.00|1,050
0036WB|KGROUP-WB|0.005|0.000|0.000|0.000|0.00|0
6203|KHEESAN|0.635|0.000|0.000|0.000|0.00|0
7062|KHIND|1.680|1.700|1.700|+0.020|+1.19|4
6211|KIALIM|0.220|0.000|0.000|0.000|0.00|0
3522|KIANJOO|3.100|3.100|3.100|0.000|0.00|14,990
5371|KIMHIN|1.170|1.190|1.190|+0.020|+1.71|20
5171|KIMLUN|1.220|1.200|1.210|-0.010|-0.82|6,713
5171WA|KIMLUN-WA|0.330|0.330|0.340|+0.010|+3.03|81
5060|KINSTEL|0.005|0.000|0.000|0.000|0.00|0
5280|KIPREIT|0.870|0.870|0.870|0.000|0.00|2,069
9466|KKB|1.230|1.220|1.210|-0.020|-1.63|1,844
5235SS|KLCC|7.780|7.750|7.750|-0.030|-0.39|539
2445|KLK|24.340|24.400|24.360|+0.020|+0.08|2,370
2445C2|KLK-C2|0.125|0.000|0.000|0.000|0.00|0
2453|KLUANG|3.340|3.320|3.300|-0.040|-1.20|248
5027|KMLOONG|1.280|1.260|1.250|-0.030|-2.34|380
5027WB|KMLOONG-WB|0.290|0.250|0.255|-0.035|-12.07|310
7164|KNM|0.115|0.115|0.120|+0.005|+4.35|138,329
7164WB|KNM-WB|0.015|0.000|0.000|0.000|0.00|0
5035|KNUSFOR|0.430|0.430|0.430|0.000|0.00|10
6971|KOBAY|1.450|0.000|0.000|0.000|0.00|0
7017|KOMARK|0.255|0.255|0.275|+0.020|+7.84|111,084
7017WB|KOMARK-WB|0.035|0.040|0.040|+0.005|+14.29|29,987
7153|KOSSAN|3.490|3.480|3.480|-0.010|-0.29|3,916
7153C1|KOSSAN-C1|0.150|0.000|0.000|0.000|0.00|0
7153CY|KOSSAN-CY|0.005|0.000|0.000|0.000|0.00|0
7153CZ|KOSSAN-CZ|0.150|0.000|0.000|0.000|0.00|0
0002|KOTRA|1.700|0.000|0.000|0.000|0.00|0
5878|KPJ|1.040|1.030|1.010|-0.030|-2.88|62,119
5878CR|KPJ-CR|0.020|0.000|0.000|0.000|0.00|0
5878CS|KPJ-CS|0.030|0.000|0.000|0.000|0.00|0
7130|KPOWER|0.310|0.300|0.305|-0.005|-1.61|32
5843|KPS|1.380|1.380|1.390|+0.010|+0.72|2,457
9121|KPSCB|0.500|0.515|0.515|+0.015|+3.00|5,400
1996|KRETAM|0.400|0.400|0.405|+0.005|+1.25|216
0176|KRONO|0.590|0.585|0.580|-0.010|-1.69|12,268
3476|KSENG|4.740|4.700|4.700|-0.040|-0.84|245
5038|KSL|0.930|0.910|0.910|-0.020|-2.15|2,313
5192|KSSC|0.460|0.450|0.505|+0.045|+9.78|27,026
5172|KSTAR|0.080|0.000|0.000|0.000|0.00|0
5172WA|KSTAR-WA|0.005|0.000|0.000|0.000|0.00|0
4847|KTB|0.070|0.065|0.065|-0.005|-7.14|300
0180|KTC|0.180|0.185|0.180|0.000|0.00|9,808
6874|KUB|0.400|0.395|0.390|-0.010|-2.50|12,211
2186|KUCHAI|1.570|1.560|1.570|0.000|0.00|321
6572|KWANTAS|0.800|0.000|0.000|0.000|0.00|0
8362|KYM|0.320|0.000|0.000|0.000|0.00|0
3174|L&G|0.150|0.150|0.155|+0.005|+3.33|17,637
3794|LAFMSIA|2.200|2.200|2.200|0.000|0.00|8,719
3794CE|LAFMSIA-CE|0.150|0.000|0.000|0.000|0.00|0
0018|LAMBO|0.155|0.155|0.150|-0.005|-3.23|54,863
1643|LANDMRK|0.465|0.465|0.465|0.000|0.00|6,770
7006|LATITUD|3.940|3.900|3.940|0.000|0.00|458
9385|LAYHONG|0.435|0.430|0.425|-0.010|-2.30|32,089
9385WA|LAYHONG-WA|0.195|0.190|0.190|-0.005|-2.56|21,634
9326|LBALUM|0.500|0.480|0.485|-0.015|-3.00|360
8494|LBICAP|0.865|0.860|0.870|+0.005|+0.58|174
5789|LBS|0.645|0.645|0.635|-0.010|-1.55|5,528
5789PA|LBS-PA|0.850|0.000|0.000|0.000|0.00|0
5789WB|LBS-WB|0.235|0.000|0.000|0.000|0.00|0
5284|LCTITAN|4.220|4.200|4.220|0.000|0.00|4,322
9628|LEBTECH|0.755|0.830|0.830|+0.075|+9.93|1
8079|LEESK|0.900|0.000|0.000|0.000|0.00|0
5232|LEONFB|0.495|0.500|0.490|-0.005|-1.01|1,734
8745|LEWEKO|0.140|0.000|0.000|0.000|0.00|0
8745WB|LEWEKO-WB|0.055|0.000|0.000|0.000|0.00|0
7170|LFECORP|0.110|0.000|0.000|0.000|0.00|0
3573|LIENHOE|0.285|0.270|0.285|0.000|0.00|1,064
7089|LIIHEN|2.670|2.680|2.680|+0.010|+0.37|887
8486|LIONFIB|0.435|0.430|0.425|-0.010|-2.30|200
4235|LIONIND|0.525|0.520|0.515|-0.010|-1.90|30,624
6645|LITRAK|4.330|4.360|4.350|+0.020|+0.46|4,599
0182|LKL|0.115|0.115|0.110|-0.005|-4.35|644
7126|LONBISC|0.390|0.385|0.380|-0.010|-2.56|15,006
7126WA|LONBISC-WA|0.035|0.030|0.030|-0.005|-14.29|1,715
8621|LPI|16.100|16.100|16.000|-0.100|-0.62|139
9881|LSTEEL|0.290|0.000|0.000|0.000|0.00|0
7085|LTKM|1.200|0.000|0.000|0.000|0.00|0
5068|LUSTER|0.080|0.080|0.080|0.000|0.00|14,812
5068WA|LUSTER-WA|0.035|0.030|0.035|0.000|0.00|2,015
5068WB|LUSTER-WB|0.035|0.030|0.035|0.000|0.00|2,020
5143|LUXCHEM|0.530|0.530|0.530|0.000|0.00|653
0075|LYC|0.320|0.310|0.325|+0.005|+1.56|1,840
9199|LYSAGHT|2.670|0.000|0.000|0.000|0.00|0
5078|M&G|0.090|0.090|0.090|0.000|0.00|5,088
0017|M3TECH|0.045|0.050|0.050|+0.005|+11.11|4,560
0017WA|M3TECH-WA|0.005|0.000|0.000|0.000|0.00|0
1198|MAA|1.030|1.020|1.020|-0.010|-0.97|1,940
7617|MAGNA|0.930|0.000|0.000|0.000|0.00|0
7617WB|MAGNA-WB|0.190|0.000|0.000|0.000|0.00|0
7087|MAGNI|4.780|4.770|4.740|-0.040|-0.84|586
3859|MAGNUM|2.400|2.350|2.370|-0.030|-1.25|1,683
8583|MAHSING|0.940|0.930|0.920|-0.020|-2.13|2,377
858317|MAHSING-C17|0.040|0.000|0.000|0.000|0.00|0
858318|MAHSING-C18|0.030|0.000|0.000|0.000|0.00|0
858319|MAHSING-C19|0.025|0.020|0.020|-0.005|-20.00|600
8583WC|MAHSING-WC|0.015|0.015|0.015|0.000|0.00|4,650
5264|MALAKOF|0.920|0.910|0.910|-0.010|-1.09|11,014
526412|MALAKOFC12|0.005|0.000|0.000|0.000|0.00|0
526413|MALAKOFC13|0.005|0.000|0.000|0.000|0.00|0
526415|MALAKOFC15|0.025|0.025|0.020|-0.005|-20.00|1,900
526416|MALAKOFC16|0.005|0.005|0.005|0.000|0.00|7,182
526417|MALAKOFC17|0.090|0.000|0.000|0.000|0.00|0
526418|MALAKOFC18|0.055|0.055|0.055|0.000|0.00|5,600
526419|MALAKOFC19|0.115|0.115|0.115|0.000|0.00|400
526420|MALAKOFC20|0.085|0.000|0.000|0.000|0.00|0
526421|MALAKOFC21|0.080|0.000|0.000|0.000|0.00|0
526422|MALAKOFC22|0.050|0.045|0.045|-0.005|-10.00|10,516
4936|MALPAC|0.850|0.000|0.000|0.000|0.00|0
6181|MALTON|0.500|0.505|0.490|-0.010|-2.00|16,599
1058|MANULFE|2.470|2.470|2.470|0.000|0.00|18
3514|MARCO|0.125|0.125|0.125|0.000|0.00|1,000
5098|MASTEEL|0.465|0.460|0.460|-0.005|-1.08|5,622
7029|MASTER|0.785|0.795|0.835|+0.050|+6.37|25,813
0189|MATANG|0.070|0.070|0.070|0.000|0.00|6,220
5236|MATRIX|1.920|1.920|1.900|-0.020|-1.04|2,236
5236WA|MATRIX-WA|0.145|0.125|0.140|-0.005|-3.45|26
6012|MAXIS|5.560|5.400|5.380|-0.180|-3.24|11,780
601210|MAXIS-C10|0.060|0.000|0.000|0.000|0.00|0
6012C8|MAXIS-C8|0.065|0.000|0.000|0.000|0.00|0
6012C9|MAXIS-C9|0.050|0.000|0.000|0.000|0.00|0
5189|MAXWELL|0.010|0.000|0.000|0.000|0.00|0
5189WA|MAXWELL-WA|0.005|0.000|0.000|0.000|0.00|0
1155|MAYBANK|9.290|9.250|9.230|-0.060|-0.65|81,786
115543|MAYBANKC43|0.075|0.075|0.045|-0.030|-40.00|3,500
115544|MAYBANKC44|0.005|0.005|0.005|0.000|0.00|300
115546|MAYBANKC46|0.005|0.000|0.000|0.000|0.00|0
115547|MAYBANKC47|0.035|0.000|0.000|0.000|0.00|0
115548|MAYBANKC48|0.030|0.000|0.000|0.000|0.00|0
115549|MAYBANKC49|0.095|0.000|0.000|0.000|0.00|0
115550|MAYBANKC50|0.075|0.075|0.075|0.000|0.00|4,910
115551|MAYBANKC51|0.075|0.000|0.000|0.000|0.00|0
115552|MAYBANKC52|0.035|0.035|0.035|0.000|0.00|11,613
115553|MAYBANKC53|0.150|0.000|0.000|0.000|0.00|0
5077|MAYBULK|0.555|0.555|0.545|-0.010|-1.80|2,189
5886|MBG|0.800|0.000|0.000|0.000|0.00|0
5152|MBL|1.240|1.200|1.240|0.000|0.00|1,234
5152WA|MBL-WA|0.445|0.440|0.440|-0.005|-1.12|50
5983|MBMR|2.750|2.730|2.700|-0.050|-1.82|2,206
1171|MBSB|0.950|0.945|0.935|-0.015|-1.58|28,744
117115|MBSB-C15|0.010|0.000|0.000|0.000|0.00|0
117116|MBSB-C16|0.060|0.000|0.000|0.000|0.00|0
117117|MBSB-C17|0.035|0.000|0.000|0.000|0.00|0
117118|MBSB-C18|0.055|0.000|0.000|0.000|0.00|0
117119|MBSB-C19|0.045|0.000|0.000|0.000|0.00|0
117120|MBSB-C20|0.015|0.000|0.000|0.000|0.00|0
117121|MBSB-C21|0.040|0.030|0.030|-0.010|-25.00|4,341
7189|MBWORLD|1.670|1.650|1.630|-0.040|-2.40|319
7004|MCEHLDG|0.650|0.610|0.630|-0.020|-3.08|58
0167|MCLEAN|0.090|0.090|0.085|-0.005|-5.56|1,573
0167WB|MCLEAN-WB|0.025|0.000|0.000|0.000|0.00|0
5182|MCT|0.575|0.590|0.550|-0.025|-4.35|198
4502|MEDIA|0.525|0.520|0.515|-0.010|-1.90|10,954
5090|MEDIAC|0.230|0.220|0.225|-0.005|-2.17|1,674
0081|MEGASUN|0.130|0.120|0.120|-0.010|-7.69|2
0081WA|MEGASUN-WA|0.020|0.000|0.000|0.000|0.00|0
5129|MELATI|0.470|0.455|0.455|-0.015|-3.19|73
3778|MELEWAR|0.140|0.135|0.130|-0.010|-7.14|360
3778WB|MELEWAR-WB|0.045|0.045|0.045|0.000|0.00|350
1694|MENANG|0.385|0.380|0.390|+0.005|+1.30|240
1694WB|MENANG-WB|0.010|0.005|0.005|-0.005|-50.00|2,071
0577C2|MENGNIU-C2|0.180|0.000|0.000|0.000|0.00|0
5223|MENTIGA|0.615|0.605|0.605|-0.010|-1.63|2
8192|MERCURY|0.850|0.000|0.000|0.000|0.00|0
5006|MERGE|1.400|1.400|1.410|+0.010|+0.71|174
5040|MERIDIAN|0.290|0.290|0.285|-0.005|-1.72|2,270
5040WA|MERIDIAN-WA|0.075|0.000|0.000|0.000|0.00|0
5040WB|MERIDIAN-WB|0.025|0.025|0.025|0.000|0.00|1,200
5040WC|MERIDIAN-WC|0.025|0.020|0.020|-0.005|-20.00|200
7234|MESB|0.295|0.295|0.320|+0.025|+8.47|12
7234WA|MESB-WA|0.100|0.000|0.000|0.000|0.00|0
0826EA|METFAPA|1.040|0.000|0.000|0.000|0.00|0
0825EA|METFSID|0.807|0.000|0.000|0.000|0.00|0
0827EA|METFUS50|1.075|0.000|0.000|0.000|0.00|0
6149|METROD|1.700|0.000|0.000|0.000|0.00|0
3069|MFCB|3.790|3.790|3.780|-0.010|-0.26|59
3069WA|MFCB-WA|1.680|1.680|1.680|0.000|0.00|50
03015|MFGROUP|0.220|0.000|0.000|0.000|0.00|0
3662|MFLOUR|0.765|0.750|0.740|-0.025|-3.27|75,254
3662LA|MFLOUR-LA|1.520|0.000|0.000|0.000|0.00|0
3662WC|MFLOUR-WC|0.395|0.385|0.375|-0.020|-5.06|48,020
7595|MGB|0.720|0.750|0.750|+0.030|+4.17|480
7595WA|MGB-WA|0.250|0.000|0.000|0.000|0.00|0
0155|MGRC|0.270|0.000|0.000|0.000|0.00|0
5186|MHB|0.800|0.800|0.800|0.000|0.00|6,411
518613|MHB-C13|0.020|0.000|0.000|0.000|0.00|0
5026|MHC|0.590|0.595|0.605|+0.015|+2.54|70
03005|MHCARE|0.460|0.000|0.000|0.000|0.00|0
5286|MI|2.090|2.080|2.080|-0.010|-0.48|2,037
5286CA|MI-CA|0.090|0.000|0.000|0.000|0.00|0
5286CB|MI-CB|0.035|0.000|0.000|0.000|0.00|0
5286CC|MI-CC|0.055|0.000|0.000|0.000|0.00|0
5286CD|MI-CD|0.135|0.000|0.000|0.000|0.00|0
5286CE|MI-CE|0.150|0.000|0.000|0.000|0.00|0
5286CF|MI-CF|0.065|0.000|0.000|0.000|0.00|0
0126|MICROLN|0.410|0.000|0.000|0.000|0.00|0
5001|MIECO|0.270|0.270|0.270|0.000|0.00|6,761
0112|MIKROMB|0.250|0.245|0.260|+0.010|+4.00|1,359
7935|MILUX|0.680|0.600|0.680|0.000|0.00|68
5166|MINDA|0.050|0.045|0.045|-0.005|-10.00|200
7219|MINETEC|0.055|0.055|0.055|0.000|0.00|3,260
7219WA|MINETEC-WA|0.005|0.000|0.000|0.000|0.00|0
5576|MINHO|0.300|0.300|0.300|0.000|0.00|1,070
5576WC|MINHO-WC|0.070|0.000|0.000|0.000|0.00|0
3816|MISC|6.740|6.840|6.720|-0.020|-0.30|12,130
381619|MISC-C19|0.155|0.145|0.145|-0.010|-6.45|400
381620|MISC-C20|0.090|0.000|0.000|0.000|0.00|0
381621|MISC-C21|0.160|0.000|0.000|0.000|0.00|0
381622|MISC-C22|0.150|0.000|0.000|0.000|0.00|0
9571|MITRA|0.395|0.395|0.370|-0.025|-6.33|54,747
9571WD|MITRA-WD|0.045|0.045|0.045|0.000|0.00|5,252
9571WE|MITRA-WE|0.095|0.095|0.090|-0.005|-5.26|648
8141|MJPERAK|0.225|0.220|0.210|-0.015|-6.67|11,063
6114|MKH|1.300|1.290|1.280|-0.020|-1.54|1,816
8893|MKLAND|0.190|0.190|0.190|0.000|0.00|1,110
0085|MLAB|0.045|0.040|0.040|-0.005|-11.11|5,310
0085WA|MLAB-WA|0.010|0.000|0.000|0.000|0.00|0
0085WB|MLAB-WB|0.005|0.000|0.000|0.000|0.00|0
0034|MMAG|0.220|0.000|0.000|0.000|0.00|0
0034PA|MMAG-PA|0.085|0.000|0.000|0.000|0.00|0
0034WB|MMAG-WB|0.060|0.060|0.060|0.000|0.00|5,500
2194|MMCCORP|1.030|1.000|1.010|-0.020|-1.94|13,325
219412|MMCCORPC12|0.055|0.055|0.055|0.000|0.00|1,000
0113|MMSV|0.940|0.915|0.910|-0.030|-3.19|262
0103|MNC|0.040|0.035|0.035|-0.005|-12.50|1,020
0103WA|MNC-WA|0.005|0.000|0.000|0.000|0.00|0
6459|MNRB|1.020|1.020|1.010|-0.010|-0.98|3,174
0156|MPAY|0.120|0.120|0.120|0.000|0.00|7,940
6548|MPCORP|0.045|0.000|0.000|0.000|0.00|0
5237|MPHBCAP|1.060|1.050|1.060|0.000|0.00|870
3867|MPI|9.900|9.810|9.810|-0.090|-0.91|32
5123|MQREIT|1.100|1.100|1.100|0.000|0.00|404
0070|MQTECH|0.030|0.025|0.030|0.000|0.00|41,522
0070WA|MQTECH-WA|0.010|0.000|0.000|0.000|0.00|0
1651|MRCB|0.820|0.810|0.815|-0.005|-0.61|33,497
165134|MRCB-C34|0.005|0.000|0.000|0.000|0.00|0
165136|MRCB-C36|0.050|0.000|0.000|0.000|0.00|0
165137|MRCB-C37|0.080|0.080|0.080|0.000|0.00|400
165138|MRCB-C38|0.065|0.000|0.000|0.000|0.00|0
165139|MRCB-C39|0.130|0.125|0.125|-0.005|-3.85|11,030
165140|MRCB-C40|0.170|0.000|0.000|0.000|0.00|0
165141|MRCB-C41|0.140|0.000|0.000|0.000|0.00|0
165142|MRCB-C42|0.055|0.000|0.000|0.000|0.00|0
165143|MRCB-C43|0.100|0.090|0.090|-0.010|-10.00|9,501
165144|MRCB-C44|0.150|0.000|0.000|0.000|0.00|0
1651WB|MRCB-WB|0.230|0.225|0.225|-0.005|-2.17|1,306
5916|MSC|0.905|0.900|0.895|-0.010|-1.10|2,430
5202|MSM|1.870|1.810|1.880|+0.010|+0.53|36
5011|MSNIAGA|1.530|1.560|1.560|+0.030|+1.96|281
5150|MSPORTS|0.010|0.000|0.000|0.000|0.00|0
5924|MTDACPI|0.170|0.165|0.160|-0.010|-5.88|2,726
0092|MTOUCHE|0.060|0.060|0.060|0.000|0.00|370
0092WB|MTOUCHE-WB|0.010|0.000|0.000|0.000|0.00|0
0092WC|MTOUCHE-WC|0.015|0.000|0.000|0.000|0.00|0
0043|MTRONIC|0.080|0.080|0.080|0.000|0.00|60,509
0043OR|MTRONIC-OR|0.005|0.005|0.005|0.000|0.00|1,593,536
3883|MUDA|1.860|1.850|1.840|-0.020|-1.08|2,224
5085|MUDAJYA|0.340|0.340|0.350|+0.010|+2.94|32,783
9539|MUH|0.530|0.000|0.000|0.000|0.00|0
5703|MUHIBAH|2.950|2.930|2.960|+0.010|+0.34|1,836
5703CJ|MUHIBAH-CJ|0.150|0.000|0.000|0.000|0.00|0
3891|MUIIND|0.170|0.165|0.165|-0.005|-2.94|2,349
3913|MUIPROP|0.180|0.175|0.175|-0.005|-2.78|9,746
3905|MULPHA|2.460|2.460|2.420|-0.040|-1.63|707
5087|MYCRON|0.300|0.280|0.270|-0.030|-10.00|2,392
5087WA|MYCRON-WA|0.080|0.000|0.000|0.000|0.00|0
0138|MYEG|1.390|1.350|1.330|-0.060|-4.32|802,899
013844|MYEG-C44|0.185|0.180|0.175|-0.010|-5.41|37,800
013846|MYEG-C46|0.010|0.000|0.000|0.000|0.00|0
013847|MYEG-C47|0.005|0.000|0.000|0.000|0.00|0
013848|MYEG-C48|0.005|0.000|0.000|0.000|0.00|0
013849|MYEG-C49|0.010|0.010|0.010|0.000|0.00|500
013850|MYEG-C50|0.030|0.000|0.000|0.000|0.00|0
013851|MYEG-C51|0.010|0.000|0.000|0.000|0.00|0
013852|MYEG-C52|0.005|0.000|0.000|0.000|0.00|0
013853|MYEG-C53|0.025|0.000|0.000|0.000|0.00|0
013854|MYEG-C54|0.010|0.000|0.000|0.000|0.00|0
013855|MYEG-C55|0.130|0.120|0.115|-0.015|-11.54|233,462
013856|MYEG-C56|0.395|0.400|0.400|+0.005|+1.27|1,275
013857|MYEG-C57|0.215|0.210|0.210|-0.005|-2.33|4,176
013858|MYEG-C58|0.135|0.130|0.125|-0.010|-7.41|43,837
013859|MYEG-C59|0.205|0.195|0.190|-0.015|-7.32|90,737
013860|MYEG-C60|0.245|0.255|0.235|-0.010|-4.08|75
013861|MYEG-C61|0.140|0.135|0.130|-0.010|-7.14|39,126
013862|MYEG-C62|0.190|0.185|0.180|-0.010|-5.26|1,160
013863|MYEG-C63|0.155|0.155|0.145|-0.010|-6.45|42,862
013864|MYEG-C64|0.125|0.115|0.110|-0.015|-12.00|61,008
0821EA|MYETFDJ|1.090|0.000|0.000|0.000|0.00|0
0824EA|MYETFID|1.095|0.000|0.000|0.000|0.00|0
03010|MYKRIS|0.300|0.000|0.000|0.000|0.00|0
5275|MYNEWS|1.340|1.380|1.370|+0.030|+2.24|6,860
0041|MYSCM|0.255|0.250|0.240|-0.015|-5.88|4,840
0108|N2N|0.850|0.840|0.815|-0.035|-4.12|11,251
0108WB|N2N-WB|0.250|0.240|0.240|-0.010|-4.00|40
0206|NADIBHD|0.260|0.260|0.260|0.000|0.00|19,738
5073|NAIM|1.040|1.010|1.030|-0.010|-0.96|90,765
9806|NATWIDE|0.310|0.300|0.300|-0.010|-3.23|1,000
4707|NESTLE|146.200|145.100|144.700|-1.500|-1.03|991
4707CE|NESTLE-CE|0.025|0.000|0.000|0.000|0.00|0
0020|NETX|0.015|0.015|0.015|0.000|0.00|5,010
0020WB|NETX-WB|0.005|0.005|0.005|0.000|0.00|500
0096|NEXGRAM|0.015|0.020|0.020|+0.005|+33.33|6,430
0096WA|NEXGRAM-WA|0.005|0.000|0.000|0.000|0.00|0
0096WB|NEXGRAM-WB|0.005|0.000|0.000|0.000|0.00|0
0096WC|NEXGRAM-WC|0.005|0.000|0.000|0.000|0.00|0
7241|NGGB|0.480|0.475|0.475|-0.005|-1.04|8,537
7241WA|NGGB-WA|0.180|0.180|0.175|-0.005|-2.78|8,674
7060|NHFATT|2.700|0.000|0.000|0.000|0.00|0
7139|NICE|0.035|0.030|0.030|-0.005|-14.29|2,390
7139WB|NICE-WB|0.010|0.010|0.010|0.000|0.00|1,000
7215|NIHSIN|0.280|0.275|0.280|0.000|0.00|9,553
0083|NOTION|0.580|0.565|0.570|-0.010|-1.72|6,961
0083WC|NOTION-WC|0.250|0.250|0.255|+0.005|+2.00|780
0201|NOVA|0.470|0.000|0.000|0.000|0.00|0
0026|NOVAMSC|0.120|0.120|0.115|-0.005|-4.17|23,448
5047|NPC|1.800|0.000|0.000|0.000|0.00|0
03006|NPS|0.310|0.000|0.000|0.000|0.00|0
2038|NSOP|3.270|0.000|0.000|0.000|0.00|0
5066|NTPM|0.500|0.495|0.495|-0.005|-1.00|20
5025|NWP|0.080|0.080|0.075|-0.005|-6.25|2,120
4944|NYLEX|0.670|0.655|0.685|+0.015|+2.24|121
5533|OCB|0.485|0.450|0.450|-0.035|-7.22|20
0172|OCK|0.580|0.570|0.580|0.000|0.00|84,768
0172WA|OCK-WA|0.100|0.100|0.105|+0.005|+5.00|60,070
0049|OCNCASH|0.445|0.445|0.430|-0.015|-3.37|604
7071|OCR|0.255|0.250|0.255|0.000|0.00|6,514
7071PA|OCR-PA|0.020|0.025|0.025|+0.005|+25.00|22,062
7071WC|OCR-WC|0.030|0.030|0.030|0.000|0.00|930
7071WD|OCR-WD|0.060|0.060|0.060|0.000|0.00|3,762
7107|OFI|0.805|0.795|0.790|-0.015|-1.86|1,964
5827|OIB|2.020|2.020|2.020|0.000|0.00|37
7140|OKA|0.695|0.695|0.680|-0.015|-2.16|621
3018|OLYMPIA|0.110|0.110|0.110|0.000|0.00|5,939
9008|OMESTI|0.375|0.375|0.385|+0.010|+2.67|1,820
0035|OPCOM|0.645|0.635|0.625|-0.020|-3.10|11,160
0040|OPENSYS|0.340|0.340|0.340|0.000|0.00|5,497
4006|ORIENT|6.600|6.550|6.460|-0.140|-2.12|3,285
0079|ORION|0.215|0.205|0.210|-0.005|-2.33|609,845
0079WA|ORION-WA|0.125|0.120|0.135|+0.010|+8.00|292,619
5065|ORNA|1.000|1.020|1.010|+0.010|+1.00|188
5053|OSK|0.945|0.940|0.945|0.000|0.00|474
5053WC|OSK-WC|0.035|0.000|0.000|0.000|0.00|0
0053|OSKVI|0.470|0.445|0.470|0.000|0.00|119
0153|OVERSEA|0.115|0.000|0.000|0.000|0.00|0
5260|OWG|0.620|0.615|0.600|-0.020|-3.23|3,872
5260WA|OWG-WA|0.175|0.180|0.175|0.000|0.00|2,420
6009|P&O|1.000|1.000|0.995|-0.005|-0.50|476
7225|PA|0.055|0.055|0.055|0.000|0.00|31,300
7225WB|PA-WB|0.035|0.035|0.035|0.000|0.00|3,486
7052|PADINI|3.620|3.610|3.580|-0.040|-1.10|5,076
7052CV|PADINI-CV|0.005|0.000|0.000|0.000|0.00|0
7052CW|PADINI-CW|0.005|0.000|0.000|0.000|0.00|0
7052CX|PADINI-CX|0.105|0.100|0.105|0.000|0.00|9,086
7052CY|PADINI-CY|0.075|0.070|0.070|-0.005|-6.67|500
7052CZ|PADINI-CZ|0.125|0.000|0.000|0.000|0.00|0
3719|PANAMY|37.660|37.100|37.680|+0.020|+0.05|74
8419|PANSAR|0.805|0.800|0.800|-0.005|-0.62|18,392
8419WA|PANSAR-WA|0.315|0.295|0.310|-0.005|-1.59|32
5125|PANTECH|0.535|0.525|0.520|-0.015|-2.80|10,741
5125WA|PANTECH-WA|0.120|0.115|0.120|0.000|0.00|1,201
5125WB|PANTECH-WB|0.130|0.000|0.000|0.000|0.00|0
5022|PAOS|0.370|0.390|0.390|+0.020|+5.41|10
5022WA|PAOS-WA|0.070|0.070|0.065|-0.005|-7.14|752
9407|PARAGON|0.305|0.000|0.000|0.000|0.00|0
1724|PARAMON|2.020|2.020|2.020|0.000|0.00|145
5657|PARKSON|0.260|0.260|0.255|-0.005|-1.92|13,772
0022|PARLO|0.075|0.075|0.075|0.000|0.00|1,100
6912|PASDEC|0.385|0.385|0.385|0.000|0.00|1,253
6912WA|PASDEC-WA|0.070|0.070|0.075|+0.005|+7.14|600
0177|PASUKGB|0.050|0.055|0.055|+0.005|+10.00|30
5212|PAVREIT|1.810|1.810|1.800|-0.010|-0.55|19,820
5041|PBA|1.180|1.170|1.180|0.000|0.00|160
1295|PBBANK|23.860|23.780|23.760|-0.100|-0.42|34,901
129526|PBBANK-C26|0.005|0.000|0.000|0.000|0.00|0
129527|PBBANK-C27|0.025|0.020|0.025|0.000|0.00|1,022
129528|PBBANK-C28|0.105|0.000|0.000|0.000|0.00|0
129529|PBBANK-C29|0.125|0.115|0.115|-0.010|-8.00|2,100
129530|PBBANK-C30|0.095|0.000|0.000|0.000|0.00|0
129531|PBBANK-C31|0.125|0.120|0.115|-0.010|-8.00|69,028
6068|PCCS|0.380|0.370|0.365|-0.015|-3.95|28,503
6068WA|PCCS-WA|0.105|0.095|0.100|-0.005|-4.76|6,022
5183|PCHEM|9.030|8.950|9.030|0.000|0.00|28,295
518322|PCHEM-C22|0.030|0.000|0.000|0.000|0.00|0
518323|PCHEM-C23|0.015|0.000|0.000|0.000|0.00|0
518324|PCHEM-C24|0.015|0.000|0.000|0.000|0.00|0
518325|PCHEM-C25|0.045|0.040|0.040|-0.005|-11.11|245
518326|PCHEM-C26|0.080|0.000|0.000|0.000|0.00|0
518327|PCHEM-C27|0.130|0.000|0.000|0.000|0.00|0
518328|PCHEM-C28|0.115|0.000|0.000|0.000|0.00|0
518329|PCHEM-C29|0.135|0.135|0.135|0.000|0.00|400
518330|PCHEM-C30|0.170|0.175|0.175|+0.005|+2.94|3,000
518331|PCHEM-C31|0.080|0.000|0.000|0.000|0.00|0
6254|PDZ|0.035|0.035|0.040|+0.005|+14.29|28,435
6254WB|PDZ-WB|0.010|0.010|0.010|0.000|0.00|4,500
5622|PEB|0.900|0.000|0.000|0.000|0.00|0
5271|PECCA|1.070|1.050|1.060|-0.010|-0.93|1,403
5231|PELIKAN|0.330|0.340|0.350|+0.020|+6.06|2,542
5133|PENERGY|0.960|0.955|0.920|-0.040|-4.17|16,257
9997|PENSONI|0.435|0.410|0.410|-0.025|-5.75|120
9997WB|PENSONI-WB|0.110|0.000|0.000|0.000|0.00|0
7160|PENTA|3.520|3.500|3.490|-0.030|-0.85|2,237
7108|PERDANA|0.415|0.395|0.410|-0.005|-1.20|217,518
0047|PERISAI|0.005|0.000|0.000|0.000|0.00|0
7080|PERMAJU|0.480|0.475|0.475|-0.005|-1.04|191,551
5436|PERSTIM|4.930|4.900|4.900|-0.030|-0.61|10
8311|PESONA|0.235|0.230|0.225|-0.010|-4.26|6,555
8311WC|PESONA-WC|0.045|0.045|0.040|-0.005|-11.11|4,819
5219|PESTECH|1.110|1.100|1.100|-0.010|-0.90|1,277
5681|PETDAG|24.840|24.780|24.760|-0.080|-0.32|1,712
5681CW|PETDAG-CW|0.005|0.000|0.000|0.000|0.00|0
5681CX|PETDAG-CX|0.055|0.055|0.055|0.000|0.00|3,613
6033|PETGAS|17.860|17.600|17.700|-0.160|-0.90|3,306
6033CR|PETGAS-CR|0.010|0.000|0.000|0.000|0.00|0
6033CS|PETGAS-CS|0.015|0.010|0.010|-0.005|-33.33|5,531
3042|PETRONM|6.650|6.570|6.560|-0.090|-1.35|520
3042CS|PETRONM-CS|0.035|0.000|0.000|0.000|0.00|0
3611|PGLOBE|1.100|0.000|0.000|0.000|0.00|0
3611WA|PGLOBE-WA|0.075|0.075|0.075|0.000|0.00|100
7081|PHARMA|2.400|2.390|2.370|-0.030|-1.25|263
4464|PHB|0.020|0.020|0.025|+0.005|+25.00|2,319
7201|PICORP|0.140|0.140|0.130|-0.010|-7.14|9,164
7095|PIE|1.590|1.570|1.580|-0.010|-0.63|657
0006|PINEAPP|0.320|0.000|0.000|0.000|0.00|0
1902|PINEPAC|0.335|0.320|0.335|0.000|0.00|205
0527C2|PINGAN-C2|0.125|0.100|0.100|-0.025|-20.00|5
0527C3|PINGAN-C3|0.430|0.400|0.400|-0.030|-6.98|2,155
7163|PJBUMI|0.315|0.000|0.000|0.000|0.00|0
7163WA|PJBUMI-WA|0.050|0.000|0.000|0.000|0.00|0
0171|PLABS|0.305|0.300|0.310|+0.005|+1.64|1,740
7055|PLB|1.170|1.090|1.140|-0.030|-2.56|47
5075|PLENITU|1.490|1.450|1.450|-0.040|-2.68|16
9695|PLS|0.950|0.945|0.980|+0.030|+3.16|15,134
7172|PMBTECH|3.470|3.480|3.360|-0.110|-3.17|1,091
7172LA|PMBTECH-LA|3.620|0.000|0.000|0.000|0.00|0
7172WA|PMBTECH-WA|1.650|1.590|1.590|-0.060|-3.64|50
4081|PMCORP|0.140|0.000|0.000|0.000|0.00|0
8869|PMETAL|4.720|4.600|4.500|-0.220|-4.66|26,815
886915|PMETAL-C15|0.090|0.075|0.055|-0.035|-38.89|467
886917|PMETAL-C17|0.010|0.000|0.000|0.000|0.00|0
886918|PMETAL-C18|0.120|0.000|0.000|0.000|0.00|0
886919|PMETAL-C19|0.070|0.000|0.000|0.000|0.00|0
886920|PMETAL-C20|0.050|0.000|0.000|0.000|0.00|0
886921|PMETAL-C21|0.040|0.035|0.035|-0.005|-12.50|400
886922|PMETAL-C22|0.035|0.040|0.035|0.000|0.00|400
886923|PMETAL-C23|0.180|0.000|0.000|0.000|0.00|0
886924|PMETAL-C24|0.095|0.000|0.000|0.000|0.00|0
886925|PMETAL-C25|0.190|0.000|0.000|0.000|0.00|0
886926|PMETAL-C26|0.150|0.135|0.135|-0.015|-10.00|4,898
886927|PMETAL-C27|0.160|0.140|0.135|-0.025|-15.63|8
8869WC|PMETAL-WC|4.280|4.030|4.060|-0.220|-5.14|830
1287|PMHLDG|0.045|0.040|0.045|0.000|0.00|3,220
6637|PNEPCB|0.530|0.000|0.000|0.000|0.00|0
5080|POHKONG|0.495|0.500|0.490|-0.005|-1.01|1,329
7088|POHUAT|1.560|1.530|1.550|-0.010|-0.64|2,753
7088WB|POHUAT-WB|0.545|0.535|0.530|-0.015|-2.75|400
8117|POLY|0.430|0.420|0.420|-0.010|-2.33|12
03007|POLYMER|0.170|0.000|0.000|0.000|0.00|0
4634|POS|1.880|1.870|1.840|-0.040|-2.13|11,644
463421|POS-C21|0.005|0.000|0.000|0.000|0.00|0
463422|POS-C22|0.005|0.000|0.000|0.000|0.00|0
463423|POS-C23|0.005|0.000|0.000|0.000|0.00|0
463424|POS-C24|0.005|0.000|0.000|0.000|0.00|0
463425|POS-C25|0.005|0.000|0.000|0.000|0.00|0
463426|POS-C26|0.005|0.000|0.000|0.000|0.00|0
463427|POS-C27|0.010|0.000|0.000|0.000|0.00|0
463428|POS-C28|0.005|0.000|0.000|0.000|0.00|0
463429|POS-C29|0.035|0.000|0.000|0.000|0.00|0
463430|POS-C30|0.045|0.040|0.040|-0.005|-11.11|200
463431|POS-C31|0.080|0.075|0.070|-0.010|-12.50|7,825
463432|POS-C32|0.045|0.000|0.000|0.000|0.00|0
463433|POS-C33|0.110|0.105|0.100|-0.010|-9.09|2,300
463434|POS-C34|0.090|0.000|0.000|0.000|0.00|0
4065|PPB|17.740|17.980|17.920|+0.180|+1.01|3,476
4065CJ|PPB-CJ|0.115|0.000|0.000|0.000|0.00|0
7190|PPG|0.395|0.000|0.000|0.000|0.00|0
8273|PPHB|0.615|0.605|0.605|-0.010|-1.63|3,048
5204|PRESBHD|0.530|0.520|0.510|-0.020|-3.77|109,090
9873|PRESTAR|0.625|0.630|0.640|+0.015|+2.40|2,686
7168|PRG|0.740|0.740|0.740|0.000|0.00|1,073
7168WA|PRG-WA|0.345|0.000|0.000|0.000|0.00|0
0123|PRIVA|0.070|0.070|0.065|-0.005|-7.14|4,002
8346|PRKCORP|0.400|0.390|0.435|+0.035|+8.75|184
8966|PRLEXUS|0.595|0.590|0.590|-0.005|-0.84|1,229
8966WA|PRLEXUS-WA|0.090|0.000|0.000|0.000|0.00|0
5070|PRTASCO|0.265|0.265|0.255|-0.010|-3.77|9,035
5070WA|PRTASCO-WA|0.065|0.060|0.060|-0.005|-7.69|709
7145|PSIPTEK|0.125|0.125|0.125|0.000|0.00|14,813
7145WA|PSIPTEK-WA|0.030|0.025|0.030|0.000|0.00|2,036
9598|PTARAS|2.160|2.170|2.160|0.000|0.00|8
0038|PTB|0.145|0.150|0.150|+0.005|+3.45|2,283
0186|PTRANS|0.235|0.235|0.230|-0.005|-2.13|24,261
0186WA|PTRANS-WA|0.060|0.060|0.055|-0.005|-8.33|5,060
0007|PUC|0.095|0.095|0.095|0.000|0.00|472,025
0007WA|PUC-WA|0.070|0.060|0.060|-0.010|-14.29|5,309
6807|PUNCAK|0.375|0.370|0.370|-0.005|-1.33|1,489
7134|PWF|0.800|0.800|0.795|-0.005|-0.63|388
7134WA|PWF-WA|0.250|0.000|0.000|0.000|0.00|0
7123|PWORTH|0.055|0.055|0.050|-0.005|-9.09|80,855
7237|PWROOT|1.350|1.350|1.280|-0.070|-5.19|4,538
7237WA|PWROOT-WA|0.260|0.260|0.255|-0.005|-1.92|2,100
0196|QES|0.255|0.250|0.245|-0.010|-3.92|44,269
7084|QL|6.930|6.900|7.000|+0.070|+1.01|2,009
7084CL|QL-CL|0.050|0.000|0.000|0.000|0.00|0
7084CM|QL-CM|0.055|0.000|0.000|0.000|0.00|0
7084CN|QL-CN|0.085|0.000|0.000|0.000|0.00|0
7084CO|QL-CO|0.130|0.000|0.000|0.000|0.00|0
7544|QUALITY|0.815|0.000|0.000|0.000|0.00|0
7498|RALCO|0.235|0.000|0.000|0.000|0.00|0
7498WB|RALCO-WB|0.005|0.005|0.005|0.000|0.00|2,000
5272|RANHILL|1.340|1.330|1.340|0.000|0.00|5,590
7765|RAPID|5.690|5.650|5.580|-0.110|-1.93|19,324
9296|RCECAP|1.640|1.630|1.640|0.000|0.00|3,002
5256|REACH|0.315|0.310|0.305|-0.010|-3.17|53,098
5256WA|REACH-WA|0.060|0.060|0.060|0.000|0.00|5,200
03002|REDIDEA|0.280|0.000|0.000|0.000|0.00|0
0032|REDTONE|0.295|0.300|0.295|0.000|0.00|8,992
0032LA|REDTONE-LA|0.110|0.000|0.000|0.000|0.00|0
7232|RESINTC|0.295|0.000|0.000|0.000|0.00|0
0173|REV|0.200|0.200|0.205|+0.005|+2.50|530
0200|REVENUE|1.240|1.240|1.230|-0.010|-0.81|3,325
0200WA|REVENUE-WA|0.405|0.405|0.405|0.000|0.00|5,885
9946|REX|0.420|0.000|0.000|0.000|0.00|0
0106|REXIT|0.600|0.600|0.605|+0.005|+0.83|1,620
0037|RGB|0.210|0.210|0.205|-0.005|-2.38|43,126
9954|RGTBHD|0.185|0.180|0.175|-0.010|-5.41|13,003
9954WB|RGTBHD-WB|0.115|0.110|0.110|-0.005|-4.35|3,745
0202|RGTECH|0.240|0.230|0.230|-0.010|-4.17|1,023
1066|RHBBANK|5.700|5.880|5.720|+0.020|+0.35|53,237
106610|RHBBANKC10|0.090|0.000|0.000|0.000|0.00|0
106611|RHBBANKC11|0.040|0.040|0.040|0.000|0.00|4,520
106612|RHBBANKC12|0.095|0.105|0.090|-0.005|-5.26|2,100
106613|RHBBANKC13|0.080|0.085|0.080|0.000|0.00|3,245
5278|RHONEMA|0.770|0.000|0.000|0.000|0.00|0
9741|ROHAS|0.650|0.640|0.640|-0.010|-1.54|1,840
5113|RSAWIT|0.195|0.195|0.190|-0.005|-2.56|500
5270|RSENA|0.505|0.000|0.000|0.000|0.00|0
7803|RUBEREX|0.445|0.000|0.000|0.000|0.00|0
2542|RVIEW|3.000|0.000|0.000|0.000|0.00|0
5134|SAB|3.800|3.810|3.810|+0.010|+0.26|10
8567|SALCON|0.280|0.275|0.275|-0.005|-1.79|13,019
8567WB|SALCON-WB|0.085|0.085|0.085|0.000|0.00|10,363
0183|SALUTE|0.370|0.375|0.365|-0.005|-1.35|449
9822|SAM|7.680|7.600|7.640|-0.040|-0.52|287
5147|SAMCHEM|0.610|0.605|0.605|-0.005|-0.82|4,749
9113|SANBUMI|0.340|0.335|0.330|-0.010|-2.94|6,262
0541C9|SANDS-C9|0.115|0.000|0.000|0.000|0.00|0
0133|SANICHI|0.055|0.055|0.055|0.000|0.00|7,330
0133WC|SANICHI-WC|0.005|0.000|0.000|0.000|0.00|0
0133WD|SANICHI-WD|0.005|0.000|0.000|0.000|0.00|0
0133WE|SANICHI-WE|0.015|0.015|0.015|0.000|0.00|267
7811|SAPIND|0.755|0.000|0.000|0.000|0.00|0
5218|SAPNRG|0.345|0.340|0.345|0.000|0.00|3,578,743
5218PA|SAPNRG-PA|0.390|0.390|0.390|0.000|0.00|20
5218WA|SAPNRG-WA|0.145|0.140|0.145|0.000|0.00|1,566,363
521868|SAPNRGC68|0.005|0.000|0.000|0.000|0.00|0
521869|SAPNRGC69|0.005|0.000|0.000|0.000|0.00|0
521870|SAPNRGC70|0.070|0.060|0.060|-0.010|-14.29|200
521871|SAPNRGC71|0.010|0.005|0.005|-0.005|-50.00|5,000
521872|SAPNRGC72|0.010|0.000|0.000|0.000|0.00|0
521873|SAPNRGC73|0.035|0.030|0.030|-0.005|-14.29|7,201
521874|SAPNRGC74|0.035|0.035|0.035|0.000|0.00|15,650
521875|SAPNRGC75|0.090|0.090|0.090|0.000|0.00|63,305
521876|SAPNRGC76|0.085|0.085|0.080|-0.005|-5.88|91,187
4596|SAPRES|0.620|0.000|0.000|0.000|0.00|0
5252|SASBADI|0.245|0.240|0.235|-0.010|-4.08|29,121
5157|SAUDEE|0.315|0.320|0.320|+0.005|+1.59|400
5157WA|SAUDEE-WA|0.120|0.000|0.000|0.000|0.00|0
2569|SBAGAN|2.920|0.000|0.000|0.000|0.00|0
5207|SBCCORP|0.480|0.480|0.500|+0.020|+4.17|366
5170|SCABLE|0.340|0.340|0.365|+0.025|+7.35|10,959
0109|SCBUILD|0.025|0.000|0.000|0.000|0.00|0
0109WB|SCBUILD-WB|0.005|0.000|0.000|0.000|0.00|0
0158|SCC|0.510|0.000|0.000|0.000|0.00|0
7247|SCGM|1.140|1.150|1.120|-0.020|-1.75|1,767
7247WA|SCGM-WA|0.090|0.080|0.080|-0.010|-11.11|4
0161|SCH|0.130|0.000|0.000|0.000|0.00|0
0161WA|SCH-WA|0.040|0.000|0.000|0.000|0.00|0
9237|SCIB|0.550|0.585|0.585|+0.035|+6.36|372
0099|SCICOM|1.140|1.140|1.130|-0.010|-0.88|954
4731|SCIENTX|8.560|8.560|8.500|-0.060|-0.70|1,523
4731CF|SCIENTX-CF|0.060|0.065|0.060|0.000|0.00|102
7239|SCNWOLF|0.175|0.000|0.000|0.000|0.00|0
7158|SCOMI|0.045|0.045|0.045|0.000|0.00|14,600
7158WB|SCOMI-WB|0.010|0.010|0.010|0.000|0.00|1,659
7045|SCOMIES|0.080|0.075|0.075|-0.005|-6.25|19,420
0001|SCOMNET|0.765|0.760|0.750|-0.015|-1.96|8,775
0028|SCOPE|0.225|0.215|0.215|-0.010|-4.44|14,810
0028WA|SCOPE-WA|0.080|0.080|0.080|0.000|0.00|3,006
2224|SDRED|0.685|0.685|0.665|-0.020|-2.92|1,087
7073|SEACERA|0.360|0.355|0.340|-0.020|-5.56|389,772
7073WB|SEACERA-WB|0.005|0.000|0.000|0.000|0.00|0
7073WC|SEACERA-WC|0.040|0.040|0.040|0.000|0.00|36,430
4286|SEAL|0.360|0.370|0.345|-0.015|-4.17|440
5145|SEALINK|0.205|0.205|0.200|-0.005|-2.44|6,931
5163|SEB|0.380|0.380|0.380|0.000|0.00|50
0178|SEDANIA|0.115|0.000|0.000|0.000|0.00|0
7053|SEEHUP|0.910|0.000|0.000|0.000|0.00|0
03009|SEERS|0.100|0.000|0.000|0.000|0.00|0
9792|SEG|0.630|0.630|0.630|0.000|0.00|4,900
5250|SEM|1.450|1.430|1.460|+0.010|+0.69|1,512
5205|SENDAI|0.515|0.500|0.495|-0.020|-3.88|122,648
5279|SERBADK|3.870|3.850|3.820|-0.050|-1.29|27,705
5279CN|SERBADK-CN|0.005|0.000|0.000|0.000|0.00|0
5279CP|SERBADK-CP|0.075|0.060|0.060|-0.015|-20.00|100
5279CQ|SERBADK-CQ|0.170|0.000|0.000|0.000|0.00|0
5279CR|SERBADK-CR|0.150|0.000|0.000|0.000|0.00|0
5279CS|SERBADK-CS|0.100|0.090|0.090|-0.010|-10.00|620
7180|SERNKOU|0.530|0.535|0.535|+0.005|+0.94|40
7180WA|SERNKOU-WA|0.230|0.230|0.240|+0.010|+4.35|250
0055|SERSOL|0.100|0.000|0.000|0.000|0.00|0
0055WA|SERSOL-WA|0.045|0.000|0.000|0.000|0.00|0
5517|SHANG|5.600|5.610|5.730|+0.130|+2.32|2,099
4316|SHCHAN|0.370|0.370|0.370|0.000|0.00|1,400
7412|SHH|0.495|0.000|0.000|0.000|0.00|0
6017|SHL|2.400|2.310|2.310|-0.090|-3.75|170
5181|SIGGAS|0.900|0.905|0.920|+0.020|+2.22|33,381
7246|SIGN|0.455|0.450|0.450|-0.005|-1.10|605
7246WA|SIGN-WA|0.080|0.075|0.075|-0.005|-6.25|300
4197|SIME|2.230|2.200|2.200|-0.030|-1.35|43,538
419725|SIME-C25|0.005|0.000|0.000|0.000|0.00|0
419727|SIME-C27|0.005|0.000|0.000|0.000|0.00|0
419728|SIME-C28|0.015|0.000|0.000|0.000|0.00|0
419729|SIME-C29|0.040|0.000|0.000|0.000|0.00|0
419730|SIME-C30|0.035|0.000|0.000|0.000|0.00|0
419731|SIME-C31|0.035|0.000|0.000|0.000|0.00|0
419732|SIME-C32|0.090|0.080|0.085|-0.005|-5.56|3,600
419733|SIME-C33|0.050|0.000|0.000|0.000|0.00|0
5285|SIMEPLT|5.070|5.030|5.060|-0.010|-0.20|24,110
5285CH|SIMEPLT-CH|0.030|0.000|0.000|0.000|0.00|0
5285CI|SIMEPLT-CI|0.035|0.000|0.000|0.000|0.00|0
5285CJ|SIMEPLT-CJ|0.090|0.090|0.090|0.000|0.00|1,998
5285CK|SIMEPLT-CK|0.150|0.115|0.115|-0.035|-23.33|2,000
5288|SIMEPROP|1.100|1.110|1.100|0.000|0.00|14,215
5288CG|SIMEPROP-CG|0.020|0.000|0.000|0.000|0.00|0
5288CH|SIMEPROP-CH|0.050|0.000|0.000|0.000|0.00|0
5288CJ|SIMEPROP-CJ|0.020|0.000|0.000|0.000|0.00|0
5288CK|SIMEPROP-CK|0.045|0.000|0.000|0.000|0.00|0
5288CL|SIMEPROP-CL|0.065|0.060|0.060|-0.005|-7.69|500
8532|SINOTOP|0.275|0.270|0.295|+0.020|+7.27|25
9431|SJC|0.540|0.000|0.000|0.000|0.00|0
7115|SKBSHUT|0.580|0.580|0.580|0.000|0.00|10
7155|SKPRES|1.340|1.330|1.330|-0.010|-0.75|10,265
7155CN|SKPRES-CN|0.040|0.000|0.000|0.000|0.00|0
7155CO|SKPRES-CO|0.045|0.045|0.045|0.000|0.00|3,000
7155CP|SKPRES-CP|0.050|0.000|0.000|0.000|0.00|0
7155CQ|SKPRES-CQ|0.115|0.110|0.110|-0.005|-4.35|2,000
03008|SLIC|0.420|0.000|0.000|0.000|0.00|0
7248|SLP|1.220|0.000|0.000|0.000|0.00|0
9776|SMCAP|0.215|0.210|0.195|-0.020|-9.30|129,068
9776WC|SMCAP-WC|0.100|0.100|0.100|0.000|0.00|6,545
0203|SMETRIC|0.535|0.535|0.530|-0.005|-0.93|2,053
4375|SMI|0.180|0.175|0.170|-0.010|-5.56|8,697
7132|SMISCOR|0.445|0.000|0.000|0.000|0.00|0
0117|SMRT|0.115|0.120|0.120|+0.005|+4.35|1
0169|SMTRACK|0.085|0.080|0.085|0.000|0.00|1,089
7943|SNC|0.235|0.235|0.235|0.000|0.00|200
5213|SNTORIA|0.395|0.000|0.000|0.000|0.00|0
5213WA|SNTORIA-WA|0.005|0.000|0.000|0.000|0.00|0
5213WB|SNTORIA-WB|0.050|0.000|0.000|0.000|0.00|0
5242|SOLID|0.290|0.290|0.280|-0.010|-3.45|290
5242WA|SOLID-WA|0.075|0.000|0.000|0.000|0.00|0
0093|SOLUTN|0.085|0.000|0.000|0.000|0.00|0
0093WA|SOLUTN-WA|0.025|0.030|0.030|+0.005|+20.00|3,000
5126|SOP|2.580|2.500|2.470|-0.110|-4.26|136
0656CG|SP500-CG|0.965|0.745|0.765|-0.200|-20.73|905
0656CH|SP500-CH|1.440|0.000|0.000|0.000|0.00|0
0656CI|SP500-CI|0.940|0.835|0.835|-0.105|-11.17|54
0656HG|SP500-HG|0.165|0.195|0.190|+0.025|+15.15|2,203
0656HH|SP500-HH|0.265|0.300|0.300|+0.035|+13.21|1,172
0656HI|SP500-HI|0.755|0.840|0.855|+0.100|+13.25|3,113
1783|SPB|6.230|6.240|6.230|0.000|0.00|1,841
7103|SPRITZER|2.190|0.000|0.000|0.000|0.00|0
8664|SPSETIA|2.220|2.220|2.270|+0.050|+2.25|11,303
866410|SPSETIA-C10|0.010|0.005|0.010|0.000|0.00|12,401
866411|SPSETIA-C11|0.060|0.065|0.065|+0.005|+8.33|1,100
866412|SPSETIA-C12|0.105|0.000|0.000|0.000|0.00|0
866413|SPSETIA-C13|0.055|0.055|0.055|0.000|0.00|1,700
866414|SPSETIA-C14|0.105|0.105|0.110|+0.005|+4.76|4
866415|SPSETIA-C15|0.150|0.000|0.000|0.000|0.00|0
866416|SPSETIA-C16|0.070|0.070|0.070|0.000|0.00|18,592
8664C9|SPSETIA-C9|0.005|0.000|0.000|0.000|0.00|0
8664PA|SPSETIA-PA|0.865|0.900|0.900|+0.035|+4.05|800
8664PB|SPSETIA-PB|0.765|0.765|0.770|+0.005|+0.65|37
0129|SRIDGE|0.220|0.215|0.210|-0.010|-4.55|2,454
0129WA|SRIDGE-WA|0.055|0.050|0.050|-0.005|-9.09|1,895
5665|SSTEEL|0.835|0.840|0.805|-0.030|-3.59|1,558
5665LB|SSTEEL-LB|0.760|0.000|0.000|0.000|0.00|0
6084|STAR|0.800|0.800|0.790|-0.010|-1.25|2,756
0140|STERPRO|0.165|0.165|0.180|+0.015|+9.09|730
0140WA|STERPRO-WA|0.040|0.000|0.000|0.000|0.00|0
7143|STONE|0.105|0.000|0.000|0.000|0.00|0
7143WA|STONE-WA|0.015|0.000|0.000|0.000|0.00|0
0080|STRAITS|0.270|0.265|0.275|+0.005|+1.85|160,860
0080WA|STRAITS-WA|0.170|0.170|0.175|+0.005|+2.94|108,084
6904|SUBUR|0.515|0.505|0.505|-0.010|-1.94|322
7207|SUCCESS|0.670|0.650|0.670|0.000|0.00|2,306
9865|SUIWAH|2.700|0.000|0.000|0.000|0.00|0
1201|SUMATEC|0.010|0.010|0.010|0.000|0.00|5,200
1201WA|SUMATEC-WA|0.005|0.005|0.005|0.000|0.00|188
5263|SUNCON|1.820|1.800|1.830|+0.010|+0.55|6,862
5263CU|SUNCON-CU|0.055|0.000|0.000|0.000|0.00|0
5263CV|SUNCON-CV|0.040|0.000|0.000|0.000|0.00|0
5263CW|SUNCON-CW|0.150|0.000|0.000|0.000|0.00|0
5176|SUNREIT|1.810|1.800|1.800|-0.010|-0.55|13,178
3743|SUNSURIA|0.650|0.650|0.620|-0.030|-4.62|215
3743WA|SUNSURIA-WA|0.045|0.000|0.000|0.000|0.00|0
5211|SUNWAY|1.680|1.680|1.680|0.000|0.00|8,889
5211WB|SUNWAY-WB|0.280|0.280|0.275|-0.005|-1.79|6,305
0148|SUNZEN|0.160|0.000|0.000|0.000|0.00|0
0148WA|SUNZEN-WA|0.045|0.045|0.045|0.000|0.00|1,774
0148WB|SUNZEN-WB|0.055|0.000|0.000|0.000|0.00|0
7235|SUPERLN|1.290|1.150|1.150|-0.140|-10.85|15,069
7106|SUPERMX|1.430|1.430|1.420|-0.010|-0.70|22,558
710648|SUPERMX-C48|0.005|0.000|0.000|0.000|0.00|0
710650|SUPERMX-C50|0.005|0.000|0.000|0.000|0.00|0
710652|SUPERMX-C52|0.005|0.000|0.000|0.000|0.00|0
710653|SUPERMX-C53|0.005|0.000|0.000|0.000|0.00|0
710654|SUPERMX-C54|0.040|0.000|0.000|0.000|0.00|0
710655|SUPERMX-C55|0.025|0.020|0.020|-0.005|-20.00|2,997
710656|SUPERMX-C56|0.075|0.075|0.070|-0.005|-6.67|2,500
710657|SUPERMX-C57|0.065|0.000|0.000|0.000|0.00|0
710658|SUPERMX-C58|0.050|0.000|0.000|0.000|0.00|0
710659|SUPERMX-C59|0.060|0.055|0.050|-0.010|-16.67|898
710660|SUPERMX-C60|0.030|0.000|0.000|0.000|0.00|0
710661|SUPERMX-C61|0.045|0.000|0.000|0.000|0.00|0
710662|SUPERMX-C62|0.055|0.055|0.050|-0.005|-9.09|15,481
710663|SUPERMX-C63|0.050|0.000|0.000|0.000|0.00|0
710664|SUPERMX-C64|0.070|0.000|0.000|0.000|0.00|0
710665|SUPERMX-C65|0.080|0.000|0.000|0.000|0.00|0
710666|SUPERMX-C66|0.065|0.000|0.000|0.000|0.00|0
03018|SUPREME|0.680|0.000|0.000|0.000|0.00|0
6521|SURIA|1.400|1.380|1.390|-0.010|-0.71|79
5135|SWKPLNT|1.550|0.000|0.000|0.000|0.00|0
7186|SWSCAP|0.660|0.000|0.000|0.000|0.00|0
7186WB|SWSCAP-WB|0.065|0.080|0.080|+0.015|+23.08|10
9717|SYCAL|0.235|0.000|0.000|0.000|0.00|0
7082|SYF|0.230|0.220|0.230|0.000|0.00|150
7082WB|SYF-WB|0.010|0.010|0.010|0.000|0.00|7,350
1538|SYMLIFE|0.420|0.415|0.405|-0.015|-3.57|3,914
1538WB|SYMLIFE-WB|0.035|0.030|0.030|-0.005|-14.29|2,855
5173|SYSCORP|0.320|0.305|0.305|-0.015|-4.69|515
0050|SYSTECH|0.245|0.230|0.230|-0.015|-6.12|1,108
7228|T7GLOBAL|0.505|0.505|0.505|0.000|0.00|29,017
4898|TA|0.615|0.610|0.620|+0.005|+0.81|7,217
5012|TAANN|2.250|2.230|2.200|-0.050|-2.22|1,582
5012CM|TAANN-CM|0.080|0.000|0.000|0.000|0.00|0
4022|TADMAX|0.210|0.210|0.205|-0.005|-2.38|7,043
7211|TAFI|0.300|0.300|0.290|-0.010|-3.33|140
5158|TAGB|0.250|0.245|0.245|-0.005|-2.00|2,636
6139|TAKAFUL|4.640|4.600|4.550|-0.090|-1.94|17,643
6139CC|TAKAFUL-CC|0.075|0.070|0.070|-0.005|-6.67|3,879
6139CD|TAKAFUL-CD|0.145|0.155|0.160|+0.015|+10.34|12,000
2259|TALAMT|0.040|0.040|0.040|0.000|0.00|202,291
8524|TALIWRK|0.915|0.915|0.900|-0.015|-1.64|3,293
8524CE|TALIWRK-CE|0.140|0.000|0.000|0.000|0.00|0
5191|TAMBUN|0.800|0.800|0.785|-0.015|-1.88|3,240
2429|TANCO|0.050|0.050|0.050|0.000|0.00|2,863
2429WB|TANCO-WB|0.025|0.000|0.000|0.000|0.00|0
5149|TAS|0.295|0.285|0.290|-0.005|-1.69|4,323
5140|TASCO|1.500|1.540|1.550|+0.050|+3.33|1,279
4448|TASEK|4.720|4.700|4.700|-0.020|-0.42|70
4448P|TASEK-PA|10.100|0.000|0.000|0.000|0.00|0
7097|TAWIN|0.535|0.505|0.495|-0.040|-7.48|19,110
4405|TCHONG|1.550|1.540|1.520|-0.030|-1.94|621
0132|TDEX|0.070|0.065|0.065|-0.005|-7.14|369
2054|TDM|0.170|0.170|0.170|0.000|0.00|4,193
0084|TECFAST|0.325|0.325|0.325|0.000|0.00|3,793
7439|TECGUAN|1.080|1.060|1.010|-0.070|-6.48|552
5289|TECHBND|0.745|0.750|0.750|+0.005|+0.67|2,333
7200|TEKSENG|0.240|0.240|0.240|0.000|0.00|790
7200WA|TEKSENG-WA|0.040|0.035|0.030|-0.010|-25.00|2,665
5347|TENAGA|12.880|12.740|12.760|-0.120|-0.93|21,138
534747|TENAGA-C47|0.050|0.000|0.000|0.000|0.00|0
534749|TENAGA-C49|0.005|0.005|0.005|0.000|0.00|750
534750|TENAGA-C50|0.040|0.035|0.035|-0.005|-12.50|12,500
534751|TENAGA-C51|0.040|0.035|0.040|0.000|0.00|1,511
534752|TENAGA-C52|0.040|0.000|0.000|0.000|0.00|0
534753|TENAGA-C53|0.055|0.050|0.050|-0.005|-9.09|4,000
534754|TENAGA-C54|0.100|0.090|0.090|-0.010|-10.00|1,800
0546C7|TENCENT-C7|0.200|0.165|0.165|-0.035|-17.50|2
7252|TEOSENG|1.250|1.220|1.240|-0.010|-0.80|5,133
7252WA|TEOSENG-WA|0.275|0.230|0.250|-0.025|-9.09|254
8702|TEXCHEM|0.680|0.685|0.685|+0.005|+0.74|40
0089|TEXCYCL|0.555|0.535|0.535|-0.020|-3.60|42
0145|TFP|0.105|0.100|0.095|-0.010|-9.52|500
9369|TGL|1.000|1.000|1.000|0.000|0.00|50
7034|TGUAN|2.540|2.510|2.540|0.000|0.00|1,438
7034LA|TGUAN-LA|2.570|0.000|0.000|0.000|0.00|0
7034WA|TGUAN-WA|1.050|1.040|1.020|-0.030|-2.86|750
9075|THETA|0.410|0.410|0.400|-0.010|-2.44|290
7206|THHEAVY|0.060|0.060|0.060|0.000|0.00|10,001
7206PB|THHEAVY-PB|0.075|0.000|0.000|0.000|0.00|0
5112|THPLANT|0.505|0.505|0.505|0.000|0.00|537
7889|THRIVEN|0.235|0.230|0.225|-0.010|-4.26|25,212
7889WB|THRIVEN-WB|0.070|0.075|0.060|-0.010|-14.29|11,676
7374|TIENWAH|1.350|0.000|0.000|0.000|0.00|0
7079|TIGER|0.075|0.070|0.075|0.000|0.00|4,970
7079WC|TIGER-WC|0.025|0.000|0.000|0.000|0.00|0
5031|TIMECOM|8.700|8.780|8.680|-0.020|-0.23|5,514
7854|TIMWELL|0.615|0.000|0.000|0.000|0.00|0
5239|TITIJYA|0.315|0.315|0.310|-0.005|-1.59|5,175
5239PA|TITIJYA-PA|0.035|0.030|0.035|0.000|0.00|2,909
4863|TM|3.170|3.150|3.120|-0.050|-1.58|22,663
486327|TM-C27|0.005|0.005|0.005|0.000|0.00|1,000
486328|TM-C28|0.005|0.000|0.000|0.000|0.00|0
486330|TM-C30|0.045|0.000|0.000|0.000|0.00|0
486331|TM-C31|0.050|0.000|0.000|0.000|0.00|0
486332|TM-C32|0.015|0.000|0.000|0.000|0.00|0
486333|TM-C33|0.065|0.000|0.000|0.000|0.00|0
486334|TM-C34|0.085|0.080|0.080|-0.005|-5.88|4
486335|TM-C35|0.115|0.105|0.105|-0.010|-8.70|100
486336|TM-C36|0.235|0.000|0.000|0.000|0.00|0
486337|TM-C37|0.360|0.350|0.350|-0.010|-2.78|4,437
486338|TM-C38|0.185|0.175|0.175|-0.010|-5.41|1,000
486339|TM-C39|0.235|0.225|0.230|-0.005|-2.13|700
486340|TM-C40|0.165|0.000|0.000|0.000|0.00|0
486341|TM-C41|0.095|0.085|0.085|-0.010|-10.53|1,000
0101|TMCLIFE|0.720|0.720|0.725|+0.005|+0.69|2,002
0101WB|TMCLIFE-WB|0.015|0.010|0.015|0.000|0.00|1,108
8397|TNLOGIS|0.595|0.590|0.600|+0.005|+0.84|4,067
7218|TOCEAN|0.700|0.625|0.635|-0.065|-9.29|537
7230|TOMEI|0.510|0.000|0.000|0.000|0.00|0
7285|TOMYPAK|0.495|0.490|0.495|0.000|0.00|1,689
7285WA|TOMYPAK-WA|0.145|0.140|0.130|-0.015|-10.34|6,630
5010|TONGHER|3.550|0.000|0.000|0.000|0.00|0
7113|TOPGLOV|4.430|4.430|4.480|+0.050|+1.13|46,538
711333|TOPGLOV-C33|0.005|0.000|0.000|0.000|0.00|0
711340|TOPGLOV-C40|0.005|0.000|0.000|0.000|0.00|0
711341|TOPGLOV-C41|0.005|0.000|0.000|0.000|0.00|0
711342|TOPGLOV-C42|0.020|0.020|0.020|0.000|0.00|1,500
711343|TOPGLOV-C43|0.025|0.000|0.000|0.000|0.00|0
711344|TOPGLOV-C44|0.025|0.030|0.025|0.000|0.00|372
711345|TOPGLOV-C45|0.075|0.075|0.085|+0.010|+13.33|12,363
711346|TOPGLOV-C46|0.065|0.065|0.070|+0.005|+7.69|58,900
711347|TOPGLOV-C47|0.085|0.090|0.090|+0.005|+5.88|450
711348|TOPGLOV-C48|0.065|0.065|0.065|0.000|0.00|1,287
711349|TOPGLOV-C49|0.125|0.125|0.125|0.000|0.00|100
711350|TOPGLOV-C50|0.090|0.095|0.095|+0.005|+5.56|1,220
03013|TOPVISN|0.400|0.000|0.000|0.000|0.00|0
7173|TOYOINK|0.620|0.000|0.000|0.000|0.00|0
7173WB|TOYOINK-WB|0.090|0.090|0.085|-0.005|-5.56|558
7176|TPC|0.415|0.400|0.410|-0.005|-1.20|968
7176WA|TPC-WA|0.220|0.200|0.200|-0.020|-9.09|400
5054|TRC|0.660|0.645|0.645|-0.015|-2.27|18,352
0199|TRIMODE|0.420|0.420|0.415|-0.005|-1.19|581
0118|TRIVE|0.015|0.015|0.020|+0.005|+33.33|18,818
0118WB|TRIVE-WB|0.005|0.000|0.000|0.000|0.00|0
5401|TROP|0.880|0.875|0.870|-0.010|-1.14|1,765
5401WA|TROP-WA|0.020|0.020|0.025|+0.005|+25.00|2,578
9059|TSH|1.050|1.020|1.080|+0.030|+2.86|97
5042|TSRCAP|0.400|0.000|0.000|0.000|0.00|0
5042WB|TSRCAP-WB|0.045|0.000|0.000|0.000|0.00|0
5230|TUNEPRO|0.700|0.690|0.670|-0.030|-4.29|9,189
5167|TURBO|0.760|0.780|0.765|+0.005|+0.66|573
4359|TURIYA|0.180|0.000|0.000|0.000|0.00|0
5111|TWRREIT|0.900|0.000|0.000|0.000|0.00|0
7100|UCHITEC|2.680|2.680|2.640|-0.040|-1.49|520
7100CE|UCHITEC-CE|0.025|0.000|0.000|0.000|0.00|0
7100CF|UCHITEC-CF|0.100|0.095|0.095|-0.005|-5.00|5,998
0005|UCREST|0.260|0.255|0.255|-0.005|-1.92|29,509
5148|UEMS|0.865|0.840|0.840|-0.025|-2.89|12,286
514864|UEMS-C64|0.040|0.000|0.000|0.000|0.00|0
514865|UEMS-C65|0.085|0.000|0.000|0.000|0.00|0
514866|UEMS-C66|0.075|0.060|0.060|-0.015|-20.00|1,800
7133|ULICORP|0.395|0.395|0.390|-0.005|-1.27|4,517
2593|UMCCA|5.330|5.300|5.400|+0.070|+1.31|840
7137|UMS|2.190|2.150|2.150|-0.040|-1.83|369
7227|UMSNGB|0.990|0.000|0.000|0.000|0.00|0
4588|UMW|5.790|5.660|5.790|0.000|0.00|2,461
458811|UMW-C11|0.035|0.000|0.000|0.000|0.00|0
458812|UMW-C12|0.210|0.000|0.000|0.000|0.00|0
458813|UMW-C13|0.205|0.205|0.190|-0.015|-7.32|112
458814|UMW-C14|0.190|0.185|0.185|-0.005|-2.63|47
458815|UMW-C15|0.205|0.200|0.200|-0.005|-2.44|200
458816|UMW-C16|0.115|0.110|0.105|-0.010|-8.70|1,600
458817|UMW-C17|0.110|0.110|0.105|-0.005|-4.55|932
4588C9|UMW-C9|0.025|0.000|0.000|0.000|0.00|0
7091|UNIMECH|1.120|1.100|1.070|-0.050|-4.46|896
5005|UNISEM|2.650|2.700|2.650|0.000|0.00|70
500511|UNISEM-C11|0.220|0.000|0.000|0.000|0.00|0
500512|UNISEM-C12|0.015|0.000|0.000|0.000|0.00|0
500514|UNISEM-C14|0.045|0.000|0.000|0.000|0.00|0
500515|UNISEM-C15|0.060|0.000|0.000|0.000|0.00|0
03017|UNIWALL|0.320|0.000|0.000|0.000|0.00|0
5200|UOADEV|2.190|2.180|2.190|0.000|0.00|5,505
5110|UOAREIT|1.380|1.380|1.380|0.000|0.00|23
7757|UPA|2.200|2.180|2.200|0.000|0.00|51
2089|UTDPLT|27.160|27.400|27.360|+0.200|+0.74|2
5754|UTUSAN|0.155|0.160|0.180|+0.025|+16.13|235
7250|UZMA|0.985|0.980|0.960|-0.025|-2.54|10,453
0060|VC|0.160|0.155|0.170|+0.010|+6.25|19,877
5243|VELESTO|0.300|0.295|0.295|-0.005|-1.67|164,498
524324|VELESTO-C24|0.215|0.000|0.000|0.000|0.00|0
524325|VELESTO-C25|0.025|0.000|0.000|0.000|0.00|0
524326|VELESTO-C26|0.120|0.000|0.000|0.000|0.00|0
524327|VELESTO-C27|0.100|0.000|0.000|0.000|0.00|0
5243WA|VELESTO-WA|0.115|0.120|0.110|-0.005|-4.35|42,344
4995|VERSATL|0.380|0.000|0.000|0.000|0.00|0
7240|VERTICE|0.885|0.865|0.880|-0.005|-0.56|74
7240WA|VERTICE-WA|0.510|0.505|0.505|-0.005|-0.98|52
0120|VIS|0.500|0.495|0.490|-0.010|-2.00|8,650
0120WB|VIS-WB|0.180|0.180|0.175|-0.005|-2.78|2,480
0097|VITROX|7.220|7.110|7.150|-0.070|-0.97|507
0097CL|VITROX-CL|0.005|0.000|0.000|0.000|0.00|0
0097CM|VITROX-CM|0.060|0.000|0.000|0.000|0.00|0
0069|VIVOCOM|0.020|0.020|0.015|-0.005|-25.00|9,513
0069WC|VIVOCOM-WC|0.005|0.005|0.005|0.000|0.00|50
0069WD|VIVOCOM-WD|0.005|0.005|0.005|0.000|0.00|10,000
0069WE|VIVOCOM-WE|0.010|0.005|0.005|-0.005|-50.00|8,711
7070|VIZIONE|0.980|0.975|0.965|-0.015|-1.53|5,643
7070LA|VIZIONE-LA|0.070|0.000|0.000|0.000|0.00|0
7070WC|VIZIONE-WC|0.405|0.390|0.390|-0.015|-3.70|750
6963|VS|1.030|0.995|1.010|-0.020|-1.94|161,002
696310|VS-C10|0.100|0.095|0.095|-0.005|-5.00|41,302
696311|VS-C11|0.205|0.000|0.000|0.000|0.00|0
696312|VS-C12|0.085|0.080|0.080|-0.005|-5.88|14,000
696313|VS-C13|0.110|0.100|0.100|-0.010|-9.09|270
696314|VS-C14|0.075|0.070|0.070|-0.005|-6.67|280
6963C5|VS-C5|0.005|0.005|0.005|0.000|0.00|500
6963C6|VS-C6|0.005|0.000|0.000|0.000|0.00|0
6963C7|VS-C7|0.005|0.000|0.000|0.000|0.00|0
6963C8|VS-C8|0.165|0.000|0.000|0.000|0.00|0
6963C9|VS-C9|0.145|0.135|0.135|-0.010|-6.90|20,500
0066|VSOLAR|0.240|0.240|0.220|-0.020|-8.33|282,644
5162|VSTECS|1.020|1.010|1.000|-0.020|-1.96|191
7203|WANGZNG|1.110|0.000|0.000|0.000|0.00|0
5016|WARISAN|2.100|2.100|2.100|0.000|0.00|1
5142|WASEONG|0.770|0.770|0.765|-0.005|-0.65|2,881
7226|WATTA|0.785|0.785|0.790|+0.005|+0.64|240
3565|WCEHB|0.530|0.520|0.530|0.000|0.00|1,499
9679|WCT|0.820|0.805|0.820|0.000|0.00|13,135
967914|WCT-C14|0.010|0.000|0.000|0.000|0.00|0
967915|WCT-C15|0.015|0.000|0.000|0.000|0.00|0
967916|WCT-C16|0.035|0.000|0.000|0.000|0.00|0
9679WE|WCT-WE|0.075|0.070|0.075|0.000|0.00|5,238
0197|WEGMANS|0.325|0.320|0.320|-0.005|-1.54|3,411
0197WA|WEGMANS-WA|0.135|0.135|0.135|0.000|0.00|695
7231|WELLCAL|1.270|1.260|1.260|-0.010|-0.79|85
0162|WIDAD|0.305|0.300|0.310|+0.005|+1.64|46,466
0162WA|WIDAD-WA|0.095|0.095|0.090|-0.005|-5.26|71,159
7692|WIDETEC|0.560|0.000|0.000|0.000|0.00|0
0008|WILLOW|0.445|0.450|0.440|-0.005|-1.12|710
0141|WINTONI|0.035|0.000|0.000|0.000|0.00|0
6378|WMG|0.130|0.125|0.125|-0.005|-3.85|146
7050|WONG|0.580|0.570|0.560|-0.020|-3.45|40
7025|WOODLAN|0.730|0.000|0.000|0.000|0.00|0
5246|WPRTS|3.800|3.780|3.780|-0.020|-0.53|9,292
5246CX|WPRTS-CX|0.050|0.000|0.000|0.000|0.00|0
5246CY|WPRTS-CY|0.135|0.000|0.000|0.000|0.00|0
5009|WTHORSE|1.170|1.170|1.170|0.000|0.00|70
4243|WTK|0.640|0.635|0.610|-0.030|-4.69|16,331
7245|WZSATU|0.280|0.280|0.275|-0.005|-1.79|4,405
7245WA|WZSATU-WA|0.115|0.115|0.115|0.000|0.00|3,368
5156|XDL|0.100|0.100|0.100|0.000|0.00|195,955
5156WD|XDL-WD|0.015|0.015|0.015|0.000|0.00|26,038
7121|XIANLNG|0.410|0.000|0.000|0.000|0.00|0
0581C1|XIAOMI-C1|0.020|0.000|0.000|0.000|0.00|0
0581C2|XIAOMI-C2|0.145|0.135|0.135|-0.010|-6.90|2,094
0095|XINGHE|0.035|0.030|0.035|0.000|0.00|89,205
5267|XINHWA|0.795|0.800|0.795|0.000|0.00|4,612
5155|XINQUAN|0.055|0.000|0.000|0.000|0.00|0
5155WA|XINQUAN-WA|0.005|0.000|0.000|0.000|0.00|0
5155WB|XINQUAN-WB|0.015|0.000|0.000|0.000|0.00|0
0165|XOX|0.050|0.050|0.050|0.000|0.00|4,235
7003|Y&G|0.910|0.000|0.000|0.000|0.00|0
7003WA|Y&G-WA|0.100|0.000|0.000|0.000|0.00|0
0025|YBS|0.140|0.000|0.000|0.000|0.00|0
5584|YEELEE|1.920|1.920|1.920|0.000|0.00|113
7122|YFG|0.005|0.000|0.000|0.000|0.00|0
0086|YGL|0.125|0.125|0.125|0.000|0.00|500
5048|YILAI|0.625|0.625|0.625|0.000|0.00|100
7293|YINSON|4.650|4.650|4.620|-0.030|-0.65|5,168
7293CT|YINSON-CT|0.035|0.035|0.035|0.000|0.00|100
7293CV|YINSON-CV|0.055|0.000|0.000|0.000|0.00|0
7293CW|YINSON-CW|0.120|0.000|0.000|0.000|0.00|0
7293CX|YINSON-CX|0.150|0.000|0.000|0.000|0.00|0
7020|YKGI|0.120|0.115|0.110|-0.010|-8.33|7,856
7020WB|YKGI-WB|0.015|0.000|0.000|0.000|0.00|0
7014|YLI|0.270|0.000|0.000|0.000|0.00|0
3158|YNHPROP|1.220|1.170|1.190|-0.030|-2.46|27,344
5159|YOCB|1.180|1.170|1.180|0.000|0.00|4
7066|YONGTAI|0.355|0.350|0.350|-0.005|-1.41|13,222
7066PA|YONGTAI-PA|0.215|0.210|0.215|0.000|0.00|200
7066WA|YONGTAI-WA|0.095|0.095|0.095|0.000|0.00|4,115
7178|YSPSAH|2.880|2.860|2.850|-0.030|-1.04|70
4677|YTL|1.100|1.080|1.080|-0.020|-1.82|14,686
467722|YTL-C22|0.050|0.000|0.000|0.000|0.00|0
467723|YTL-C23|0.060|0.000|0.000|0.000|0.00|0
467724|YTL-C24|0.070|0.000|0.000|0.000|0.00|0
2577|YTLLAND|0.390|0.000|0.000|0.000|0.00|0
2577LA|YTLLAND-LA|0.365|0.000|0.000|0.000|0.00|0
6742|YTLPOWR|0.845|0.845|0.835|-0.010|-1.18|23,565
6742C5|YTLPOWR-C5|0.005|0.000|0.000|0.000|0.00|0
6742C6|YTLPOWR-C6|0.045|0.000|0.000|0.000|0.00|0
6742C7|YTLPOWR-C7|0.150|0.000|0.000|0.000|0.00|0
5109|YTLREIT|1.280|1.280|1.290|+0.010|+0.78|2,400
7028|ZECON|0.275|0.265|0.265|-0.010|-3.64|24,984
2283|ZELAN|0.090|0.090|0.085|-0.005|-5.56|34,544
5131|ZHULIAN|1.380|1.360|1.380|0.000|0.00|138
0012|3A|0.940|0.940|0.950|+0.010|+1.06|1,872
