070322|A50CHIN-C22|0.055|0.000|0.000|0.000|0.00|0
070324|A50CHIN-C24|0.815|0.000|0.000|0.000|0.00|0
070326|A50CHIN-C26|0.495|0.000|0.000|0.000|0.00|0
070328|A50CHIN-C28|0.210|0.220|0.270|+0.060|+28.57|41,495
070330|A50CHIN-C30|0.265|0.275|0.365|+0.100|+37.74|39,333
070332|A50CHIN-C32|0.720|0.790|0.820|+0.100|+13.89|119
070334|A50CHIN-C34|0.895|0.980|0.985|+0.090|+10.06|40
070336|A50CHIN-C36|0.480|0.500|0.595|+0.115|+23.96|71,536
070338|A50CHIN-C38|0.185|0.195|0.250|+0.065|+35.14|171,562
070321|A50CHIN-H21|0.050|0.000|0.000|0.000|0.00|0
070323|A50CHIN-H23|0.005|0.000|0.000|0.000|0.00|0
070325|A50CHIN-H25|0.035|0.000|0.000|0.000|0.00|0
070327|A50CHIN-H27|0.075|0.060|0.060|-0.015|-20.00|776
070329|A50CHIN-H29|0.420|0.405|0.345|-0.075|-17.86|222,042
7054|AASIA|0.160|0.150|0.150|-0.010|-6.25|33
5238|AAX|0.245|0.245|0.245|0.000|0.00|192,336
523821|AAX-C21|0.005|0.000|0.000|0.000|0.00|0
5238WA|AAX-WA|0.050|0.045|0.045|-0.005|-10.00|29,882
0800EA|ABFMY1|1.179|0.000|0.000|0.000|0.00|0
7086|ABLEGRP|0.070|0.070|0.070|0.000|0.00|978
2488|ABMB|4.040|4.060|4.090|+0.050|+1.24|14,050
2488CY|ABMB-CY|0.100|0.000|0.000|0.000|0.00|0
7131|ACME|0.250|0.000|0.000|0.000|0.00|0
7120|ACOSTEC|0.425|0.420|0.420|-0.005|-1.18|14,533
5281|ADVCON|0.410|0.420|0.425|+0.015|+3.66|9,792
7191|ADVENTA|0.355|0.355|0.355|0.000|0.00|90
9148|ADVPKG|1.850|1.850|1.840|-0.010|-0.54|70
7146|AEM|0.105|0.105|0.105|0.000|0.00|200
7146WA|AEM-WA|0.005|0.005|0.005|0.000|0.00|5,500
0181|AEMULUS|0.240|0.240|0.240|0.000|0.00|2,345
6599|AEON|1.520|1.500|1.470|-0.050|-3.29|4,559
6599CO|AEON-CO|0.035|0.035|0.035|0.000|0.00|500
6599CP|AEON-CP|0.050|0.000|0.000|0.000|0.00|0
6599CQ|AEON-CQ|0.030|0.000|0.000|0.000|0.00|0
5139|AEONCR|16.800|16.800|16.800|0.000|0.00|3,128
5139LA|AEONCR-LA|1.540|0.000|0.000|0.000|0.00|0
5185|AFFIN|2.190|2.200|2.200|+0.010|+0.46|469
5198|AFUJIYA|0.520|0.000|0.000|0.000|0.00|0
7315|AHB|0.145|0.140|0.150|+0.005|+3.45|10,309
7315WB|AHB-WB|0.010|0.015|0.020|+0.010|+100.00|9,663
7090|AHEALTH|8.870|8.880|8.870|0.000|0.00|142
4952|AHP|0.770|0.770|0.770|0.000|0.00|98
0122|AIM|0.250|0.000|0.000|0.000|0.00|0
5099|AIRASIA|2.700|2.710|2.660|-0.040|-1.48|139,001
509959|AIRASIAC59|0.020|0.000|0.000|0.000|0.00|0
509967|AIRASIAC67|0.075|0.070|0.060|-0.015|-20.00|12,710
509968|AIRASIAC68|0.005|0.000|0.000|0.000|0.00|0
509969|AIRASIAC69|0.005|0.000|0.000|0.000|0.00|0
509970|AIRASIAC70|0.005|0.000|0.000|0.000|0.00|0
509971|AIRASIAC71|0.060|0.055|0.055|-0.005|-8.33|13,364
509972|AIRASIAC72|0.165|0.160|0.150|-0.015|-9.09|16,026
509973|AIRASIAC73|0.185|0.000|0.000|0.000|0.00|0
509974|AIRASIAC74|0.305|0.300|0.295|-0.010|-3.28|200
509975|AIRASIAC75|0.115|0.110|0.110|-0.005|-4.35|1,912
509976|AIRASIAC76|0.070|0.055|0.055|-0.015|-21.43|2,500
509977|AIRASIAC77|0.065|0.065|0.055|-0.010|-15.38|100,345
509978|AIRASIAC78|0.090|0.085|0.080|-0.010|-11.11|14,600
509979|AIRASIAC79|0.040|0.035|0.035|-0.005|-12.50|10,147
509980|AIRASIAC80|0.050|0.000|0.000|0.000|0.00|0
5014|AIRPORT|7.270|7.270|7.240|-0.030|-0.41|36,477
5014C4|AIRPORT-C4|0.025|0.025|0.025|0.000|0.00|1,000
5014C5|AIRPORT-C5|0.030|0.000|0.000|0.000|0.00|0
5014C6|AIRPORT-C6|0.075|0.000|0.000|0.000|0.00|0
5014C7|AIRPORT-C7|0.055|0.050|0.050|-0.005|-9.09|5
5014C8|AIRPORT-C8|0.150|0.095|0.105|-0.045|-30.00|23,988
2682|AISB|0.295|0.260|0.260|-0.035|-11.86|10
2658|AJI|18.000|18.000|18.000|0.000|0.00|95
7609|AJIYA|0.530|0.530|0.535|+0.005|+0.94|370
7609WA|AJIYA-WA|0.100|0.000|0.000|0.000|0.00|0
5115|ALAM|0.110|0.110|0.115|+0.005|+4.55|20,064
5115WA|ALAM-WA|0.005|0.040|0.035|+0.030|+600.00|169,207
5116|ALAQAR|1.370|1.370|1.370|0.000|0.00|6,690
2674|ALCOM|0.550|0.540|0.530|-0.020|-3.64|659
1163|ALLIANZ|14.500|14.500|14.500|0.000|0.00|15
1163PA|ALLIANZ-PA|14.300|0.000|0.000|0.000|0.00|0
5269|ALSREIT|0.845|0.860|0.845|0.000|0.00|88
1015|AMBANK|4.530|4.530|4.560|+0.030|+0.66|46,678
101510|AMBANK-C10|0.175|0.160|0.165|-0.010|-5.71|4
101511|AMBANK-C11|0.165|0.000|0.000|0.000|0.00|0
101512|AMBANK-C12|0.130|0.000|0.000|0.000|0.00|0
101513|AMBANK-C13|0.085|0.085|0.085|0.000|0.00|5,156
0159|AMEDIA|0.155|0.000|0.000|0.000|0.00|0
5120|AMFIRST|0.530|0.530|0.535|+0.005|+0.94|618
03011|AMLEX|0.200|0.000|0.000|0.000|0.00|0
1007|AMPROP|0.530|0.520|0.535|+0.005|+0.94|533
1007PA|AMPROP-PA|0.265|0.260|0.260|-0.005|-1.89|48
1007PB|AMPROP-PB|0.580|0.000|0.000|0.000|0.00|0
7031|AMTEL|0.665|0.000|0.000|0.000|0.00|0
5959|AMVERTON|1.250|1.240|1.240|-0.010|-0.80|3,683
6351|AMWAY|6.000|6.000|5.950|-0.050|-0.83|105
7083|ANALABS|1.100|1.090|1.090|-0.010|-0.91|30
4758|ANCOM|0.480|0.475|0.485|+0.005|+1.04|2
0048|ANCOMLB|0.080|0.000|0.000|0.000|0.00|0
6556|ANNJOO|1.560|1.570|1.570|+0.010|+0.64|4,721
6556PA|ANNJOO-PA|0.550|0.000|0.000|0.000|0.00|0
9342|ANZO|0.040|0.035|0.040|0.000|0.00|1,812
9342WA|ANZO-WA|0.005|0.000|0.000|0.000|0.00|0
9342WB|ANZO-WB|0.025|0.000|0.000|0.000|0.00|0
9342WC|ANZO-WC|0.005|0.000|0.000|0.000|0.00|0
5568|APB|0.650|0.000|0.000|0.000|0.00|0
5088|APEX|1.050|0.000|0.000|0.000|0.00|0
5194|APFT|0.015|0.015|0.015|0.000|0.00|120,600
5015|APM|3.000|2.950|3.000|0.000|0.00|253
6432|APOLLO|3.950|3.960|3.920|-0.030|-0.76|150
0119|APPASIA|0.090|0.080|0.095|+0.005|+5.56|2,184
0119WA|APPASIA-WA|0.035|0.035|0.040|+0.005|+14.29|501
7214|ARANK|0.525|0.520|0.520|-0.005|-0.95|368
7007|ARK|0.360|0.000|0.000|0.000|0.00|0
7007WB|ARK-WB|0.090|0.000|0.000|0.000|0.00|0
5210|ARMADA|0.190|0.185|0.190|0.000|0.00|359,553
521040|ARMADA-C40|0.005|0.000|0.000|0.000|0.00|0
521043|ARMADA-C43|0.005|0.000|0.000|0.000|0.00|0
521045|ARMADA-C45|0.005|0.000|0.000|0.000|0.00|0
521046|ARMADA-C46|0.005|0.000|0.000|0.000|0.00|0
521047|ARMADA-C47|0.005|0.000|0.000|0.000|0.00|0
521048|ARMADA-C48|0.005|0.000|0.000|0.000|0.00|0
521049|ARMADA-C49|0.005|0.000|0.000|0.000|0.00|0
521050|ARMADA-C50|0.015|0.000|0.000|0.000|0.00|0
5127|ARREIT|0.840|0.840|0.840|0.000|0.00|159
1481|ASB|0.140|0.135|0.140|0.000|0.00|13,338
0068|ASDION|0.275|0.275|0.280|+0.005|+1.82|50,829
7722|ASIABRN|0.480|0.000|0.000|0.000|0.00|0
7129|ASIAFLE|2.490|2.540|2.550|+0.060|+2.41|98
4057|ASIAPAC|0.115|0.115|0.125|+0.010|+8.70|871
4057LC|ASIAPAC-LC|0.580|0.000|0.000|0.000|0.00|0
4057WB|ASIAPAC-WB|0.045|0.000|0.000|0.000|0.00|0
0105|ASIAPLY|0.075|0.070|0.075|0.000|0.00|1,501
0105PA|ASIAPLY-PA|0.035|0.035|0.035|0.000|0.00|2,500
0105WA|ASIAPLY-WA|0.015|0.000|0.000|0.000|0.00|0
0105WB|ASIAPLY-WB|0.025|0.000|0.000|0.000|0.00|0
7162|ASTINO|0.670|0.000|0.000|0.000|0.00|0
6399|ASTRO|1.530|1.520|1.530|0.000|0.00|37,648
639910|ASTRO-C10|0.085|0.100|0.100|+0.015|+17.65|6,700
639911|ASTRO-C11|0.110|0.090|0.095|-0.015|-13.64|2,254
639912|ASTRO-C12|0.065|0.070|0.075|+0.010|+15.38|4,000
639913|ASTRO-C13|0.065|0.065|0.070|+0.005|+7.69|8,000
639914|ASTRO-C14|0.065|0.000|0.000|0.000|0.00|0
0072|AT|0.050|0.050|0.055|+0.005|+10.00|18,839
0072WB|AT-WB|0.005|0.000|0.000|0.000|0.00|0
8176|ATAIMS|1.710|1.720|1.710|0.000|0.00|3,629
7048|ATLAN|4.490|4.480|4.500|+0.010|+0.22|50
5130|ATRIUM|1.110|1.120|1.110|0.000|0.00|632
7099|ATTA|0.600|0.000|0.000|0.000|0.00|0
7099LA|ATTA-LA|0.075|0.075|0.075|0.000|0.00|800
7099PA|ATTA-PA|0.120|0.000|0.000|0.000|0.00|0
7099WB|ATTA-WB|0.110|0.000|0.000|0.000|0.00|0
7099WC|ATTA-WC|0.090|0.000|0.000|0.000|0.00|0
7181|ATURMJU|0.370|0.365|0.360|-0.010|-2.70|15,489
7181PA|ATURMJU-PA|0.185|0.185|0.180|-0.005|-2.70|9,065
8885|AVI|0.135|0.135|0.130|-0.005|-3.70|10,641
7579|AWC|0.770|0.770|0.775|+0.005|+0.65|5,647
7579WA|AWC-WA|0.250|0.250|0.255|+0.005|+2.00|2,698
6888|AXIATA|4.120|4.100|4.150|+0.030|+0.73|46,963
688828|AXIATA-C28|0.020|0.000|0.000|0.000|0.00|0
688830|AXIATA-C30|0.040|0.000|0.000|0.000|0.00|0
688831|AXIATA-C31|0.005|0.000|0.000|0.000|0.00|0
688832|AXIATA-C32|0.105|0.000|0.000|0.000|0.00|0
688833|AXIATA-C33|0.160|0.000|0.000|0.000|0.00|0
688834|AXIATA-C34|0.180|0.170|0.165|-0.015|-8.33|4
688835|AXIATA-C35|0.135|0.000|0.000|0.000|0.00|0
688836|AXIATA-C36|0.200|0.000|0.000|0.000|0.00|0
688837|AXIATA-C37|0.075|0.080|0.075|0.000|0.00|4
5106|AXREIT|1.800|1.810|1.800|0.000|0.00|41,155
2305|AYER|4.410|4.430|4.430|+0.020|+0.45|1
5021|AYS|0.330|0.330|0.330|0.000|0.00|1,400
7078|AZRB|0.510|0.510|0.520|+0.010|+1.96|101,989
7078WA|AZRB-WA|0.260|0.255|0.270|+0.010|+3.85|8,331
0098|BAHVEST|0.695|0.695|0.690|-0.005|-0.72|12,718
0098WA|BAHVEST-WA|0.445|0.450|0.440|-0.005|-1.12|15,592
7251|BARAKAH|0.095|0.095|0.095|0.000|0.00|75,324
4162|BAT|35.480|35.660|36.140|+0.660|+1.86|3,068
4162CM|BAT-CM|0.090|0.000|0.000|0.000|0.00|0
4162CN|BAT-CN|0.130|0.000|0.000|0.000|0.00|0
4162CO|BAT-CO|0.075|0.085|0.090|+0.015|+20.00|4
5248|BAUTO|2.260|2.270|2.260|0.000|0.00|18,668
5248C1|BAUTO-C1|0.080|0.000|0.000|0.000|0.00|0
5248CY|BAUTO-CY|0.140|0.000|0.000|0.000|0.00|0
5248CZ|BAUTO-CZ|0.185|0.180|0.180|-0.005|-2.70|100
6602|BCB|0.280|0.275|0.285|+0.005|+1.79|5,610
0187|BCMALL|0.195|0.195|0.195|0.000|0.00|1,742
6173|BDB|0.410|0.410|0.415|+0.005|+1.22|16,235
5190|BENALEC|0.195|0.190|0.185|-0.010|-5.13|35,634
9814|BERTAM|0.280|0.280|0.280|0.000|0.00|310
8133|BHIC|1.240|1.310|1.310|+0.070|+5.65|51
7005|BIG|0.390|0.395|0.425|+0.035|+8.97|1,734
5258|BIMB|4.250|4.250|4.310|+0.060|+1.41|9,603
5258WA|BIMB-WA|0.260|0.265|0.265|+0.005|+1.92|3,580
0195|BINACOM|0.395|0.000|0.000|0.000|0.00|0
6998|BINTAI|0.130|0.130|0.130|0.000|0.00|2,950
6998WA|BINTAI-WA|0.045|0.000|0.000|0.000|0.00|0
0179|BIOHLDG|0.200|0.205|0.205|+0.005|+2.50|6,411
0179WA|BIOHLDG-WA|0.080|0.080|0.080|0.000|0.00|3,637
7243|BIOOSMO|0.060|0.055|0.060|0.000|0.00|8,640
5032|BIPORT|4.800|4.760|4.750|-0.050|-1.04|122
3239|BJASSET|0.315|0.000|0.000|0.000|0.00|0
3239WB|BJASSET-WB|0.055|0.000|0.000|0.000|0.00|0
3395|BJCORP|0.270|0.265|0.270|0.000|0.00|725,879
339510|BJCORP-C10|0.005|0.000|0.000|0.000|0.00|0
339511|BJCORP-C11|0.015|0.020|0.020|+0.005|+33.33|1,000
339512|BJCORP-C12|0.150|0.040|0.040|-0.110|-73.33|4,000
3395LD|BJCORP-LD|0.345|0.345|0.345|0.000|0.00|534
3395LE|BJCORP-LE|0.385|0.000|0.000|0.000|0.00|0
3395WB|BJCORP-WB|0.045|0.045|0.045|0.000|0.00|1,100
3395WC|BJCORP-WC|0.070|0.070|0.070|0.000|0.00|750
5196|BJFOOD|1.620|1.620|1.630|+0.010|+0.62|806
4219|BJLAND|0.250|0.250|0.250|0.000|0.00|26,967
6025|BJMEDIA|0.150|0.000|0.000|0.000|0.00|0
1562|BJTOTO|2.400|2.400|2.420|+0.020|+0.83|22,439
1562CW|BJTOTO-CW|0.060|0.000|0.000|0.000|0.00|0
1562CX|BJTOTO-CX|0.090|0.000|0.000|0.000|0.00|0
1899|BKAWAN|16.980|17.000|16.980|0.000|0.00|40
5069|BLDPLNT|6.720|0.000|0.000|0.000|0.00|0
0508C5|BOC-C5|0.090|0.000|0.000|0.000|0.00|0
0168|BOILERM|0.575|0.535|0.555|-0.020|-3.48|401
9288|BONIA|0.245|0.250|0.250|+0.005|+2.04|1,052
7036|BORNOIL|0.040|0.045|0.040|0.000|0.00|14,680
7036WC|BORNOIL-WC|0.020|0.015|0.015|-0.005|-25.00|10,510
7036WD|BORNOIL-WD|0.020|0.000|0.000|0.000|0.00|0
6297|BOXPAK|1.080|0.000|0.000|0.000|0.00|0
6297WA|BOXPAK-WA|0.175|0.000|0.000|0.000|0.00|0
5254|BPLANT|0.770|0.790|0.760|-0.010|-1.30|4,308
5100|BPPLAS|1.060|1.070|1.070|+0.010|+0.94|1,758
5932|BPURI|0.185|0.180|0.185|0.000|0.00|22,730
9474|BRAHIMS|0.130|0.135|0.125|-0.005|-3.85|30,138
8761|BREM|0.790|0.790|0.765|-0.025|-3.16|72
9938|BRIGHT|0.195|0.195|0.195|0.000|0.00|1,709
7221|BSLCORP|0.365|0.365|0.360|-0.005|-1.37|165
2771|BSTEAD|1.270|1.270|1.270|0.000|0.00|2,500
0011|BTECH|0.340|0.345|0.345|+0.005|+1.47|29,317
7188|BTM|0.115|0.000|0.000|0.000|0.00|0
7188WA|BTM-WA|0.005|0.000|0.000|0.000|0.00|0
7188WB|BTM-WB|0.040|0.000|0.000|0.000|0.00|0
1818|BURSA|6.860|6.900|6.870|+0.010|+0.15|11,641
181820|BURSA-C20|0.005|0.000|0.000|0.000|0.00|0
181821|BURSA-C21|0.075|0.000|0.000|0.000|0.00|0
181822|BURSA-C22|0.050|0.000|0.000|0.000|0.00|0
181823|BURSA-C23|0.040|0.040|0.040|0.000|0.00|40
7174|CAB|0.595|0.600|0.600|+0.005|+0.84|9,372
7174WA|CAB-WA|0.450|0.000|0.000|0.000|0.00|0
0191|CABNET|0.285|0.000|0.000|0.000|0.00|0
0191WA|CABNET-WA|0.050|0.000|0.000|0.000|0.00|0
7154|CAELY|0.905|0.915|1.050|+0.145|+16.02|2,069
7154WA|CAELY-WA|0.540|0.550|0.700|+0.160|+29.63|394
7128|CAMRES|0.250|0.250|0.250|0.000|0.00|200
5105|CANONE|2.950|2.950|2.980|+0.030|+1.02|1,213
5229|CAP|0.010|0.000|0.000|0.000|0.00|0
0163|CAREPLS|0.160|0.160|0.160|0.000|0.00|1,820
5257|CARIMIN|0.835|0.835|0.830|-0.005|-0.60|52,803
5245|CARING|1.960|1.960|1.960|0.000|0.00|100
2836|CARLSBG|26.540|26.880|26.740|+0.200|+0.75|1,651
7076|CBIP|1.050|1.050|1.050|0.000|0.00|47
7076WA|CBIP-WA|0.010|0.000|0.000|0.000|0.00|0
2925|CCB|1.590|1.590|1.590|0.000|0.00|6
7035|CCK|0.600|0.605|0.600|0.000|0.00|7,691
7035WA|CCK-WA|0.120|0.120|0.120|0.000|0.00|5,466
2879|CCM|1.850|1.840|1.850|0.000|0.00|5,879
5195|CENSOF|0.145|0.140|0.145|0.000|0.00|3,330
5195WB|CENSOF-WB|0.005|0.000|0.000|0.000|0.00|0
8982|CEPAT|0.585|0.600|0.600|+0.015|+2.56|70
8435|CEPCO|0.645|0.000|0.000|0.000|0.00|0
8044|CFM|1.150|0.000|0.000|0.000|0.00|0
0579C1|CGARDEN-C1|0.140|0.000|0.000|0.000|0.00|0
7209|CHEETAH|0.300|0.000|0.000|0.000|0.00|0
7187|CHGP|0.350|0.350|0.350|0.000|0.00|200
7187WA|CHGP-WA|0.175|0.000|0.000|0.000|0.00|0
5738|CHHB|1.530|1.530|1.530|0.000|0.00|21
5738WB|CHHB-WB|0.390|0.000|0.000|0.000|0.00|0
0829EA|CHINAETF-MYR|5.630|5.640|5.720|+0.090|+1.60|14
0829EB|CHINAETF-USD|1.275|0.000|0.000|0.000|0.00|0
5273|CHINHIN|0.795|0.795|0.800|+0.005|+0.63|2,240
1929|CHINTEK|6.570|0.000|0.000|0.000|0.00|0
5007|CHINWEL|1.780|1.790|1.780|0.000|0.00|658
0501CG|CHMOBIL-CG|0.135|0.000|0.000|0.000|0.00|0
5797|CHOOBEE|1.580|1.590|1.580|0.000|0.00|95
7016|CHUAN|0.390|0.390|0.400|+0.010|+2.56|350
8052|CICB|0.590|0.000|0.000|0.000|0.00|0
2828|CIHLDG|1.410|0.000|0.000|0.000|0.00|0
1023|CIMB|5.110|5.130|5.150|+0.040|+0.78|124,175
102340|CIMB-C40|0.005|0.000|0.000|0.000|0.00|0
102341|CIMB-C41|0.075|0.000|0.000|0.000|0.00|0
102342|CIMB-C42|0.050|0.000|0.000|0.000|0.00|0
102343|CIMB-C43|0.025|0.000|0.000|0.000|0.00|0
102344|CIMB-C44|0.035|0.000|0.000|0.000|0.00|0
102345|CIMB-C45|0.050|0.045|0.050|0.000|0.00|10,040
102346|CIMB-C46|0.080|0.060|0.060|-0.020|-25.00|1,000
102347|CIMB-C47|0.055|0.000|0.000|0.000|0.00|0
0822EA|CIMBA40|1.850|1.850|1.855|+0.005|+0.27|351
0823EA|CIMBC50|1.585|1.600|1.600|+0.015|+0.95|150
7117|CJCEN|0.430|0.435|0.435|+0.005|+1.16|4,536
0514C3|CKHUTCH-C3|0.075|0.000|0.000|0.000|0.00|0
03001|CLOUD|0.300|0.000|0.000|0.000|0.00|0
7018|CME|0.040|0.000|0.000|0.000|0.00|0
7018LA|CME-LA|0.025|0.000|0.000|0.000|0.00|0
7018WA|CME-WA|0.025|0.000|0.000|0.000|0.00|0
5180|CMMT|1.120|1.120|1.110|-0.010|-0.89|4,483
2852|CMSB|3.370|3.330|3.340|-0.030|-0.89|7,709
285214|CMSB-C14|0.085|0.000|0.000|0.000|0.00|0
285215|CMSB-C15|0.120|0.105|0.105|-0.015|-12.50|1,000
7986|CNASIA|0.450|0.000|0.000|0.000|0.00|0
5104|CNI|0.070|0.070|0.070|0.000|0.00|1,650
5188|CNOUHUA|0.050|0.050|0.050|0.000|0.00|2,300
5071|COASTAL|1.060|1.060|1.060|0.000|0.00|476
7205|COCOLND|1.930|1.950|1.950|+0.020|+1.04|141
7195|COMCORP|0.105|0.105|0.100|-0.005|-4.76|10,326
2127|COMFORT|0.865|0.865|0.860|-0.005|-0.58|10,300
5136|COMPLET|0.870|0.880|0.880|+0.010|+1.15|700
5037|COMPUGT|0.025|0.025|0.025|0.000|0.00|8,980
0102|CONNECT|0.105|0.105|0.105|0.000|0.00|2,000
0102PA|CONNECT-PA|0.030|0.000|0.000|0.000|0.00|0
0102WA|CONNECT-WA|0.035|0.000|0.000|0.000|0.00|0
0102WB|CONNECT-WB|0.040|0.000|0.000|0.000|0.00|0
8591|CRESBLD|1.120|1.140|1.130|+0.010|+0.89|21,881
6718|CRESNDO|1.310|1.300|1.300|-0.010|-0.76|2,440
03016|CRG|0.050|0.045|0.045|-0.005|-10.00|2,410
7202|CSCENIC|1.100|1.140|1.140|+0.040|+3.64|200
5094|CSCSTEL|1.040|1.040|1.030|-0.010|-0.96|1,062
5214|CSL|0.010|0.000|0.000|0.000|0.00|0
0051|CUSCAPI|0.210|0.210|0.205|-0.005|-2.38|42,088
5049|CVIEW|1.510|0.000|0.000|0.000|0.00|0
9423|CWG|0.420|0.000|0.000|0.000|0.00|0
7157|CYL|0.420|0.420|0.430|+0.010|+2.38|772
5082|CYMAO|0.345|0.000|0.000|0.000|0.00|0
5184|CYPARK|1.690|1.710|1.690|0.000|0.00|1,815
7204|D&O|0.680|0.685|0.685|+0.005|+0.74|10,032
8125|DAIBOCI|1.580|1.590|1.630|+0.050|+3.16|1,704
8125WB|DAIBOCI-WB|0.140|0.000|0.000|0.000|0.00|0
5276|DANCO|0.610|0.610|0.620|+0.010|+1.64|11,433
5276WA|DANCO-WA|0.355|0.355|0.355|0.000|0.00|7,334
8338|DATAPRP|0.210|0.215|0.220|+0.010|+4.76|28,139
0091|DAYA|0.010|0.010|0.010|0.000|0.00|815
5141|DAYANG|1.380|1.380|1.390|+0.010|+0.72|211,910
7179|DBE|0.025|0.025|0.030|+0.005|+20.00|2,200
7179WB|DBE-WB|0.010|0.000|0.000|0.000|0.00|0
3484|DBHD|0.490|0.500|0.495|+0.005|+1.02|23,392
3484WA|DBHD-WA|0.105|0.110|0.110|+0.005|+4.76|5,193
7119|DEGEM|1.050|0.000|0.000|0.000|0.00|0
5132|DELEUM|1.090|1.090|1.090|0.000|0.00|557
7212|DESTINI|0.300|0.305|0.300|0.000|0.00|88,023
0152|DGB|0.120|0.125|0.120|0.000|0.00|2,303
0152WB|DGB-WB|0.025|0.025|0.030|+0.005|+20.00|14,742
0131|DGSB|0.075|0.080|0.080|+0.005|+6.67|22,046
7277|DIALOG|3.170|3.190|3.170|0.000|0.00|36,590
727733|DIALOG-C33|0.005|0.000|0.000|0.000|0.00|0
727735|DIALOG-C35|0.005|0.000|0.000|0.000|0.00|0
727736|DIALOG-C36|0.040|0.000|0.000|0.000|0.00|0
727737|DIALOG-C37|0.030|0.000|0.000|0.000|0.00|0
727738|DIALOG-C38|0.025|0.000|0.000|0.000|0.00|0
727739|DIALOG-C39|0.050|0.000|0.000|0.000|0.00|0
727740|DIALOG-C40|0.095|0.000|0.000|0.000|0.00|0
727741|DIALOG-C41|0.085|0.090|0.085|0.000|0.00|38,500
727742|DIALOG-C42|0.135|0.000|0.000|0.000|0.00|0
727743|DIALOG-C43|0.100|0.000|0.000|0.000|0.00|0
727744|DIALOG-C44|0.060|0.000|0.000|0.000|0.00|0
6947|DIGI|4.600|4.620|4.550|-0.050|-1.09|44,443
694724|DIGI-C24|0.040|0.035|0.025|-0.015|-37.50|3,024
694725|DIGI-C25|0.105|0.000|0.000|0.000|0.00|0
694726|DIGI-C26|0.115|0.000|0.000|0.000|0.00|0
694727|DIGI-C27|0.110|0.000|0.000|0.000|0.00|0
694728|DIGI-C28|0.040|0.000|0.000|0.000|0.00|0
0029|DIGISTA|0.045|0.045|0.045|0.000|0.00|1,550
0029WB|DIGISTA-WB|0.015|0.000|0.000|0.000|0.00|0
0400GA|DIN040000223|99.700|99.800|99.800|+0.100|+0.10|1
0400GC|DIN042300721|100.500|100.500|100.500|0.000|0.00|1
0400GB|DIN045801028|100.700|0.000|0.000|0.000|0.00|0
7528|DKLS|1.750|0.000|0.000|0.000|0.00|0
5908|DKSH|2.330|2.320|2.340|+0.010|+0.43|529
3026|DLADY|64.000|64.000|64.500|+0.500|+0.78|249
4456|DNEX|0.280|0.285|0.280|0.000|0.00|58,084
4456WD|DNEX-WD|0.070|0.070|0.070|0.000|0.00|20,016
7114|DNONCE|0.455|0.460|0.455|0.000|0.00|1,610
7114WA|DNONCE-WA|0.195|0.205|0.205|+0.010|+5.13|11,045
5835|DOLMITE|0.100|0.105|0.105|+0.005|+5.00|70
5265|DOLPHIN|0.135|0.135|0.140|+0.005|+3.70|2,100
5265WA|DOLPHIN-WA|0.030|0.000|0.000|0.000|0.00|0
7169|DOMINAN|1.260|1.250|1.260|0.000|0.00|92
7169WA|DOMINAN-WA|0.085|0.000|0.000|0.000|0.00|0
7148|DPHARMA|1.270|1.280|1.280|+0.010|+0.79|9,813
0205|DPIH|0.190|0.190|0.185|-0.005|-2.63|5,740
7198|DPS|0.075|0.070|0.075|0.000|0.00|1,010
7198WB|DPS-WB|0.030|0.000|0.000|0.000|0.00|0
1619|DRBHCOM|1.900|1.910|1.900|0.000|0.00|38,625
161960|DRBHCOMC60|0.020|0.020|0.020|0.000|0.00|4,620
161962|DRBHCOMC62|0.005|0.000|0.000|0.000|0.00|0
161964|DRBHCOMC64|0.005|0.000|0.000|0.000|0.00|0
161966|DRBHCOMC66|0.005|0.000|0.000|0.000|0.00|0
161967|DRBHCOMC67|0.015|0.000|0.000|0.000|0.00|0
161968|DRBHCOMC68|0.085|0.085|0.090|+0.005|+5.88|4,900
161969|DRBHCOMC69|0.135|0.000|0.000|0.000|0.00|0
161970|DRBHCOMC70|0.150|0.145|0.155|+0.005|+3.33|1,601
161971|DRBHCOMC71|0.110|0.000|0.000|0.000|0.00|0
161972|DRBHCOMC72|0.120|0.120|0.120|0.000|0.00|2,000
161973|DRBHCOMC73|0.090|0.000|0.000|0.000|0.00|0
161974|DRBHCOMC74|0.085|0.085|0.085|0.000|0.00|36,365
161975|DRBHCOMC75|0.080|0.080|0.080|0.000|0.00|6,168
161976|DRBHCOMC76|0.150|0.000|0.000|0.000|0.00|0
5216|DSONIC|0.515|0.515|0.515|0.000|0.00|58,887
5216WA|DSONIC-WA|0.085|0.085|0.085|0.000|0.00|5,456
7233|DUFU|1.600|1.630|1.690|+0.090|+5.63|45,166
3948|DUTALND|0.490|0.485|0.490|0.000|0.00|1,526
7165|DWL|0.790|0.000|0.000|0.000|0.00|0
7165PA|DWL-PA|0.220|0.230|0.230|+0.010|+4.55|200
7165WA|DWL-WA|0.225|0.225|0.225|0.000|0.00|200
5178|DYNACIA|0.085|0.085|0.085|0.000|0.00|8,123
5178PA|DYNACIA-PA|0.050|0.045|0.050|0.000|0.00|8,265
5178WA|DYNACIA-WA|0.035|0.035|0.035|0.000|0.00|300
3417|E&O|0.910|0.905|0.905|-0.005|-0.55|4,576
341713|E&O-C13|0.105|0.000|0.000|0.000|0.00|0
341714|E&O-C14|0.150|0.000|0.000|0.000|0.00|0
341715|E&O-C15|0.150|0.000|0.000|0.000|0.00|0
3417WB|E&O-WB|0.005|0.000|0.000|0.000|0.00|0
0154|EAH|0.015|0.020|0.015|0.000|0.00|18,470
0154WC|EAH-WC|0.005|0.000|0.000|0.000|0.00|0
0154WD|EAH-WD|0.010|0.005|0.005|-0.005|-50.00|1,880
0154WE|EAH-WE|0.010|0.005|0.010|0.000|0.00|1,970
2097|EASTLND|0.100|0.000|0.000|0.000|0.00|0
5259|EATECH|0.465|0.475|0.475|+0.010|+2.15|25,368
2143|ECM|0.270|0.320|0.285|+0.015|+5.56|534
3557|ECOFIRS|0.295|0.295|0.295|0.000|0.00|1,680
3557WC|ECOFIRS-WC|0.010|0.020|0.020|+0.010|+100.00|1,310
0059|ECOHLDS|0.300|0.300|0.305|+0.005|+1.67|940
5253|ECONBHD|0.490|0.495|0.505|+0.015|+3.06|164,039
5253WA|ECONBHD-WA|0.115|0.115|0.115|0.000|0.00|4,764
8206|ECOWLD|0.900|0.935|0.930|+0.030|+3.33|8,776
8206CQ|ECOWLD-CQ|0.005|0.000|0.000|0.000|0.00|0
8206CS|ECOWLD-CS|0.035|0.000|0.000|0.000|0.00|0
8206CT|ECOWLD-CT|0.020|0.000|0.000|0.000|0.00|0
8206WA|ECOWLD-WA|0.185|0.000|0.000|0.000|0.00|0
5036|EDARAN|0.530|0.540|0.535|+0.005|+0.94|1,937
7471|EDEN|0.130|0.135|0.130|0.000|0.00|48,165
7471WB|EDEN-WB|0.050|0.050|0.050|0.000|0.00|2,900
1368|EDGENTA|2.830|2.800|2.780|-0.050|-1.77|482
0107|EDUSPEC|0.030|0.025|0.030|0.000|0.00|7,852
0064|EFFICEN|0.190|0.190|0.190|0.000|0.00|95
0065|EFORCE|0.460|0.460|0.460|0.000|0.00|22,883
0065WA|EFORCE-WA|0.125|0.120|0.120|-0.005|-4.00|20,010
8907|EG|0.455|0.455|0.460|+0.005|+1.10|1,370
8907PA|EG-PA|0.450|0.000|0.000|0.000|0.00|0
8907WC|EG-WC|0.145|0.000|0.000|0.000|0.00|0
5081|EIG|0.655|0.000|0.000|0.000|0.00|0
5208|EITA|1.300|1.300|1.280|-0.020|-1.54|1,032
7182|EKA|0.065|0.000|0.000|0.000|0.00|0
8877|EKOVEST|0.495|0.495|0.495|0.000|0.00|62,025
8877CS|EKOVEST-CS|0.020|0.000|0.000|0.000|0.00|0
8877CT|EKOVEST-CT|0.020|0.025|0.025|+0.005|+25.00|6,881
8877WB|EKOVEST-WB|0.045|0.045|0.045|0.000|0.00|85,137
9016|EKSONS|0.800|0.000|0.000|0.000|0.00|0
5228|ELKDESA|1.390|1.390|1.390|0.000|0.00|325
5228LA|ELKDESA-LA|1.130|0.000|0.000|0.000|0.00|0
0090|ELSOFT|0.955|0.960|0.950|-0.005|-0.52|4,898
7217|EMETALL|0.420|0.410|0.410|-0.010|-2.38|320
9091|EMICO|0.175|0.000|0.000|0.000|0.00|0
6076|ENCORP|0.385|0.395|0.395|+0.010|+2.60|5
7149|ENGKAH|0.900|0.880|0.880|-0.020|-2.22|2
5056|ENGTEX|0.845|0.000|0.000|0.000|0.00|0
8613|ENRA|1.450|1.430|1.150|-0.300|-20.69|102
7773|EPMB|0.350|0.350|0.350|0.000|0.00|100
0190|ESAFE|0.210|0.000|0.000|0.000|0.00|0
0100|ESCERAM|0.165|0.000|0.000|0.000|0.00|0
03021|ETH|0.170|0.000|0.000|0.000|0.00|0
6815|EUPE|0.635|0.625|0.670|+0.035|+5.51|1,504
7208|EURO|0.130|0.135|0.135|+0.005|+3.85|1,020
7094|EUROSP|0.480|0.000|0.000|0.000|0.00|0
5101|EVERGRN|0.365|0.365|0.365|0.000|0.00|4,615
7249|EWEIN|0.580|0.585|0.565|-0.015|-2.59|17,099
5283|EWINT|0.750|0.755|0.740|-0.010|-1.33|10,026
5283WA|EWINT-WA|0.145|0.150|0.135|-0.010|-6.90|13,911
3689|F&N|34.800|35.060|34.840|+0.040|+0.11|10,274
2984|FACBIND|1.280|1.200|1.250|-0.030|-2.34|435
7047|FAJAR|0.360|0.365|0.375|+0.015|+4.17|10,722
7047WB|FAJAR-WB|0.020|0.020|0.020|0.000|0.00|1,360
5029|FAREAST|2.760|0.000|0.000|0.000|0.00|0
6041|FARLIM|0.370|0.360|0.370|0.000|0.00|1,351
7229|FAVCO|2.670|2.650|2.670|0.000|0.00|115
06505D|FBMKLCI-C5D|0.085|0.000|0.000|0.000|0.00|0
06505I|FBMKLCI-C5I|0.005|0.000|0.000|0.000|0.00|0
06505J|FBMKLCI-C5J|0.020|0.000|0.000|0.000|0.00|0
06505K|FBMKLCI-C5K|0.005|0.005|0.010|+0.005|+100.00|2,070
06505L|FBMKLCI-C5L|0.070|0.000|0.000|0.000|0.00|0
06505M|FBMKLCI-C5M|0.100|0.000|0.000|0.000|0.00|0
06505N|FBMKLCI-C5N|0.025|0.000|0.000|0.000|0.00|0
06505O|FBMKLCI-C5O|0.025|0.025|0.020|-0.005|-20.00|1,650
06505P|FBMKLCI-C5P|0.120|0.130|0.130|+0.010|+8.33|500
06505Q|FBMKLCI-C5Q|0.190|0.200|0.195|+0.005|+2.63|6,872
06505R|FBMKLCI-C5R|0.040|0.040|0.040|0.000|0.00|12,663
06505S|FBMKLCI-C5S|0.100|0.000|0.000|0.000|0.00|0
06505T|FBMKLCI-C5T|0.165|0.175|0.175|+0.010|+6.06|2,000
06505U|FBMKLCI-C5U|0.150|0.000|0.000|0.000|0.00|0
06505V|FBMKLCI-C5V|0.050|0.040|0.040|-0.010|-20.00|10,000
06505W|FBMKLCI-C5W|0.025|0.025|0.025|0.000|0.00|240
06505X|FBMKLCI-C5X|0.175|0.000|0.000|0.000|0.00|0
06505Y|FBMKLCI-C5Y|0.295|0.000|0.000|0.000|0.00|0
0820EA|FBMKLCI-EA|1.750|1.750|1.750|0.000|0.00|56
06506F|FBMKLCI-H6F|0.020|0.000|0.000|0.000|0.00|0
06506K|FBMKLCI-H6K|0.230|0.000|0.000|0.000|0.00|0
06506L|FBMKLCI-H6L|0.155|0.145|0.145|-0.010|-6.45|1,500
06506M|FBMKLCI-H6M|0.240|0.000|0.000|0.000|0.00|0
06506N|FBMKLCI-H6N|0.225|0.000|0.000|0.000|0.00|0
06506O|FBMKLCI-H6O|0.390|0.360|0.355|-0.035|-8.97|8,500
06506P|FBMKLCI-H6P|0.075|0.070|0.075|0.000|0.00|8,951
06506Q|FBMKLCI-H6Q|0.125|0.115|0.115|-0.010|-8.00|2,240
06506R|FBMKLCI-H6R|0.240|0.000|0.000|0.000|0.00|0
06506S|FBMKLCI-H6S|0.325|0.385|0.380|+0.055|+16.92|2,000
06506T|FBMKLCI-H6T|0.130|0.115|0.120|-0.010|-7.69|960
06506U|FBMKLCI-H6U|0.255|0.000|0.000|0.000|0.00|0
06506V|FBMKLCI-H6V|0.300|0.000|0.000|0.000|0.00|0
06506W|FBMKLCI-H6W|0.170|0.170|0.170|0.000|0.00|250
06506X|FBMKLCI-H6X|0.145|0.135|0.135|-0.010|-6.90|300
06506Y|FBMKLCI-H6Y|0.150|0.000|0.000|0.000|0.00|0
06506Z|FBMKLCI-H6Z|0.360|0.000|0.000|0.000|0.00|0
06508A|FBMKLCI-H8A|0.395|0.405|0.405|+0.010|+2.53|2,000
2755|FCW|0.715|0.000|0.000|0.000|0.00|0
5222|FGV|1.140|1.140|1.180|+0.040|+3.51|134,004
522255|FGV-C55|0.010|0.005|0.010|0.000|0.00|1,742
522256|FGV-C56|0.005|0.000|0.000|0.000|0.00|0
522258|FGV-C58|0.005|0.005|0.005|0.000|0.00|6,000
522259|FGV-C59|0.035|0.000|0.000|0.000|0.00|0
522260|FGV-C60|0.005|0.000|0.000|0.000|0.00|0
522261|FGV-C61|0.025|0.000|0.000|0.000|0.00|0
522262|FGV-C62|0.080|0.080|0.085|+0.005|+6.25|15,710
522263|FGV-C63|0.160|0.165|0.175|+0.015|+9.38|18,169
522264|FGV-C64|0.250|0.000|0.000|0.000|0.00|0
522265|FGV-C65|0.170|0.175|0.180|+0.010|+5.88|10,962
522266|FGV-C66|0.320|0.000|0.000|0.000|0.00|0
522267|FGV-C67|0.395|0.390|0.405|+0.010|+2.53|343
522268|FGV-C68|0.150|0.000|0.000|0.000|0.00|0
522269|FGV-C69|0.110|0.105|0.110|0.000|0.00|78,200
522270|FGV-C70|0.105|0.105|0.105|0.000|0.00|1,000
522271|FGV-C71|0.040|0.040|0.045|+0.005|+12.50|5,000
522272|FGV-C72|0.035|0.035|0.040|+0.005|+14.29|55,617
522273|FGV-C73|0.075|0.080|0.080|+0.005|+6.67|14,946
6939|FIAMMA|0.475|0.475|0.475|0.000|0.00|161
0149|FIBON|0.430|0.000|0.000|0.000|0.00|0
8605|FIHB|0.495|0.480|0.500|+0.005|+1.01|3,400
8605PA|FIHB-PA|0.085|0.090|0.090|+0.005|+5.88|200
8605PB|FIHB-PB|0.080|0.000|0.000|0.000|0.00|0
3107|FIMACOR|1.920|1.930|1.930|+0.010|+0.52|368
0150|FINTEC|0.055|0.050|0.055|0.000|0.00|3,366
0150PA|FINTEC-PA|0.025|0.025|0.025|0.000|0.00|400
0150WA|FINTEC-WA|0.010|0.010|0.010|0.000|0.00|800
0150WB|FINTEC-WB|0.020|0.000|0.000|0.000|0.00|0
9318|FITTERS|0.475|0.475|0.485|+0.010|+2.11|50,317
9318WB|FITTERS-WB|0.020|0.020|0.025|+0.005|+25.00|13,012
5197|FLBHD|1.610|1.610|1.600|-0.010|-0.62|2,089
0116|FOCUS|0.135|0.135|0.135|0.000|0.00|57,719
0116WC|FOCUS-WC|0.085|0.000|0.000|0.000|0.00|0
0157|FOCUSP|0.345|0.340|0.340|-0.005|-1.45|146
5277|FPGROUP|0.285|0.295|0.325|+0.040|+14.04|142,095
9172|FPI|1.790|1.810|1.800|+0.010|+0.56|6,003
7210|FREIGHT|0.590|0.600|0.595|+0.005|+0.85|1,411
0128|FRONTKN|0.970|0.975|0.990|+0.020|+2.06|276,664
9377|FSBM|0.095|0.000|0.000|0.000|0.00|0
9377WA|FSBM-WA|0.025|0.000|0.000|0.000|0.00|0
7184|G3|0.780|0.770|0.810|+0.030|+3.85|530
7184WA|G3-WA|0.700|0.720|0.800|+0.100|+14.29|800
9261|GADANG|0.640|0.640|0.660|+0.020|+3.13|62,203
9261WB|GADANG-WB|0.190|0.190|0.200|+0.010|+5.26|20,507
5398|GAMUDA|2.840|2.890|2.880|+0.040|+1.41|57,234
539851|GAMUDA-C51|0.005|0.000|0.000|0.000|0.00|0
539853|GAMUDA-C53|0.005|0.000|0.000|0.000|0.00|0
539856|GAMUDA-C56|0.030|0.000|0.000|0.000|0.00|0
539857|GAMUDA-C57|0.025|0.000|0.000|0.000|0.00|0
539858|GAMUDA-C58|0.055|0.060|0.055|0.000|0.00|2,800
539859|GAMUDA-C59|0.165|0.165|0.155|-0.010|-6.06|1,224
539860|GAMUDA-C60|0.095|0.000|0.000|0.000|0.00|0
539861|GAMUDA-C61|0.065|0.060|0.060|-0.005|-7.69|1,500
539862|GAMUDA-C62|0.090|0.000|0.000|0.000|0.00|0
539863|GAMUDA-C63|0.090|0.000|0.000|0.000|0.00|0
539864|GAMUDA-C64|0.085|0.085|0.080|-0.005|-5.88|4,000
539865|GAMUDA-C65|0.100|0.100|0.100|0.000|0.00|31,000
5398WE|GAMUDA-WE|0.220|0.225|0.225|+0.005|+2.27|13,686
5209|GASMSIA|2.860|2.850|2.850|-0.010|-0.35|30
5226|GBGAQRS|1.320|1.300|1.330|+0.010|+0.76|25,580
5226WB|GBGAQRS-WB|0.355|0.365|0.360|+0.005|+1.41|31,987
5102|GCB|3.540|3.550|3.550|+0.010|+0.28|4,065
5102CA|GCB-CA|0.270|0.250|0.240|-0.030|-11.11|2,437
5102CB|GCB-CB|0.170|0.000|0.000|0.000|0.00|0
5102CC|GCB-CC|0.120|0.125|0.120|0.000|0.00|14,790
5102CD|GCB-CD|0.095|0.085|0.085|-0.010|-10.53|800
5102CE|GCB-CE|0.145|0.000|0.000|0.000|0.00|0
5592|GCE|0.470|0.470|0.470|0.000|0.00|2
0198|GDB|0.295|0.300|0.300|+0.005|+1.69|16,933
0078|GDEX|0.335|0.340|0.345|+0.010|+2.99|35,941
0078WB|GDEX-WB|0.055|0.055|0.060|+0.005|+9.09|6,716
0580C1|GEELY-C1|0.045|0.000|0.000|0.000|0.00|0
0104|GENETEC|1.700|1.690|1.730|+0.030|+1.76|360
4715|GENM|3.240|3.250|3.200|-0.040|-1.23|99,915
471540|GENM-C40|0.150|0.000|0.000|0.000|0.00|0
471541|GENM-C41|0.005|0.000|0.000|0.000|0.00|0
471542|GENM-C42|0.025|0.000|0.000|0.000|0.00|0
471543|GENM-C43|0.030|0.030|0.025|-0.005|-16.67|4,351
471544|GENM-C44|0.075|0.000|0.000|0.000|0.00|0
471545|GENM-C45|0.125|0.125|0.120|-0.005|-4.00|3,040
471546|GENM-C46|0.085|0.085|0.080|-0.005|-5.88|28,612
471547|GENM-C47|0.115|0.000|0.000|0.000|0.00|0
471548|GENM-C48|0.130|0.000|0.000|0.000|0.00|0
471549|GENM-C49|0.165|0.160|0.160|-0.005|-3.03|900
471550|GENM-C50|0.140|0.140|0.135|-0.005|-3.57|1,270
471551|GENM-C51|0.100|0.100|0.095|-0.005|-5.00|19,988
471552|GENM-C52|0.185|0.175|0.175|-0.010|-5.41|1,165
471553|GENM-C53|0.105|0.000|0.000|0.000|0.00|0
471554|GENM-C54|0.070|0.000|0.000|0.000|0.00|0
471555|GENM-C55|0.050|0.050|0.045|-0.005|-10.00|6,600
2291|GENP|10.500|10.560|10.600|+0.100|+0.95|14,024
2291CI|GENP-CI|0.150|0.000|0.000|0.000|0.00|0
2291WA|GENP-WA|2.700|2.560|2.750|+0.050|+1.85|249
3182|GENTING|6.700|6.770|6.640|-0.060|-0.90|84,464
318251|GENTINGC51|0.005|0.000|0.000|0.000|0.00|0
318255|GENTINGC55|0.050|0.000|0.000|0.000|0.00|0
318256|GENTINGC56|0.030|0.000|0.000|0.000|0.00|0
318257|GENTINGC57|0.060|0.065|0.055|-0.005|-8.33|25,880
318258|GENTINGC58|0.055|0.050|0.045|-0.010|-18.18|10,096
318259|GENTINGC59|0.075|0.000|0.000|0.000|0.00|0
318260|GENTINGC60|0.095|0.000|0.000|0.000|0.00|0
318261|GENTINGC61|0.085|0.085|0.075|-0.010|-11.76|9,224
318262|GENTINGC62|0.110|0.105|0.100|-0.010|-9.09|531
318263|GENTINGC63|0.110|0.100|0.100|-0.010|-9.09|100
318264|GENTINGC64|0.065|0.055|0.055|-0.010|-15.38|200
7197|GESHEN|0.620|0.610|0.630|+0.010|+1.61|350
5079|GETS|0.130|0.135|0.335|+0.205|+157.69|597,630
0039|GFM|0.495|0.500|0.500|+0.005|+1.01|26,293
0039WC|GFM-WC|0.200|0.200|0.200|0.000|0.00|38,421
0021|GHLSYS|1.690|1.700|1.700|+0.010|+0.59|3,614
0021CA|GHLSYS-CA|0.095|0.105|0.105|+0.010|+10.53|500
3204|GKENT|1.140|1.130|1.140|0.000|0.00|41,198
7382|GLBHD|0.425|0.000|0.000|0.000|0.00|0
5020|GLOMAC|0.365|0.365|0.370|+0.005|+1.37|1,329
5220|GLOTEC|0.460|0.455|0.465|+0.005|+1.09|1,628
5220WA|GLOTEC-WA|0.060|0.055|0.065|+0.005|+8.33|186
9962|GMUTUAL|0.275|0.000|0.000|0.000|0.00|0
0045|GNB|0.050|0.050|0.050|0.000|0.00|2,515
1147|GOB|0.185|0.185|0.185|0.000|0.00|720
1147WA|GOB-WA|0.005|0.000|0.000|0.000|0.00|0
0074|GOCEAN|0.110|0.110|0.115|+0.005|+4.55|2,700
0074WA|GOCEAN-WA|0.005|0.000|0.000|0.000|0.00|0
0828EA|GOLDETF|1.740|1.740|1.735|-0.005|-0.29|1,228
7192|GOODWAY|0.205|0.205|0.205|0.000|0.00|2,430
2135|GOPENG|0.660|0.000|0.000|0.000|0.00|0
7096|GPA|0.100|0.105|0.105|+0.005|+5.00|4,575
7096WA|GPA-WA|0.030|0.030|0.030|0.000|0.00|8,250
0082|GPACKET|0.310|0.310|0.310|0.000|0.00|2,555
0082WB|GPACKET-WB|0.075|0.075|0.080|+0.005|+6.67|1,009
5649|GPHAROS|0.245|0.245|0.245|0.000|0.00|290
0056|GRANFLO|0.200|0.000|0.000|0.000|0.00|0
0136|GREENYB|0.140|0.135|0.125|-0.015|-10.71|3,970
7077|GSB|0.185|0.185|0.190|+0.005|+2.70|2,763
7022|GTRONIC|1.740|1.750|1.740|0.000|0.00|3,055
7022CR|GTRONIC-CR|0.005|0.000|0.000|0.000|0.00|0
7022CS|GTRONIC-CS|0.005|0.000|0.000|0.000|0.00|0
7022CT|GTRONIC-CT|0.005|0.000|0.000|0.000|0.00|0
7022CU|GTRONIC-CU|0.030|0.000|0.000|0.000|0.00|0
7022CV|GTRONIC-CV|0.065|0.000|0.000|0.000|0.00|0
7022CW|GTRONIC-CW|0.040|0.000|0.000|0.000|0.00|0
3247|GUH|0.480|0.470|0.480|0.000|0.00|163
7676|GUNUNG|0.290|0.000|0.000|0.000|0.00|0
7676WB|GUNUNG-WB|0.040|0.040|0.040|0.000|0.00|1,430
1503|GUOCO|0.740|0.730|0.750|+0.010|+1.35|1,900
7668|HAIO|2.580|2.560|2.540|-0.040|-1.55|1,407
7668CG|HAIO-CG|0.075|0.000|0.000|0.000|0.00|0
5151|HALEX|0.870|0.930|0.850|-0.020|-2.30|2,531
7253|HANDAL|0.360|0.345|0.350|-0.010|-2.78|577
3034|HAPSENG|9.830|9.880|9.900|+0.070|+0.71|22,627
3034CX|HAPSENG-CX|0.030|0.000|0.000|0.000|0.00|0
2062|HARBOUR|0.680|0.700|0.705|+0.025|+3.68|31
2062WC|HARBOUR-WC|0.085|0.000|0.000|0.000|0.00|0
5008|HARISON|3.880|0.000|0.000|0.000|0.00|0
7501|HARNLEN|0.650|0.000|0.000|0.000|0.00|0
5168|HARTA|4.610|4.620|4.630|+0.020|+0.43|114,262
516811|HARTA-C11|0.005|0.000|0.000|0.000|0.00|0
516815|HARTA-C15|0.020|0.000|0.000|0.000|0.00|0
516816|HARTA-C16|0.005|0.000|0.000|0.000|0.00|0
516817|HARTA-C17|0.005|0.000|0.000|0.000|0.00|0
516818|HARTA-C18|0.005|0.000|0.000|0.000|0.00|0
516819|HARTA-C19|0.055|0.000|0.000|0.000|0.00|0
516820|HARTA-C20|0.050|0.030|0.050|0.000|0.00|15,200
516821|HARTA-C21|0.060|0.060|0.060|0.000|0.00|1,150
516822|HARTA-C22|0.045|0.050|0.050|+0.005|+11.11|600
516823|HARTA-C23|0.145|0.145|0.145|0.000|0.00|8,000
5187|HBGLOB|0.120|0.120|0.115|-0.005|-4.17|3,274
7105|HCK|1.250|0.000|0.000|0.000|0.00|0
7105WA|HCK-WA|0.295|0.000|0.000|0.000|0.00|0
3255|HEIM|23.440|23.400|24.000|+0.560|+2.39|2,237
5121|HEKTAR|1.140|1.130|1.140|0.000|0.00|672
4324|HENGYUAN|5.810|5.810|5.830|+0.020|+0.34|1,287
4324C2|HENGYUAN-C2|0.005|0.000|0.000|0.000|0.00|0
4324C4|HENGYUAN-C4|0.030|0.000|0.000|0.000|0.00|0
4324C5|HENGYUAN-C5|0.035|0.000|0.000|0.000|0.00|0
4324C6|HENGYUAN-C6|0.055|0.000|0.000|0.000|0.00|0
4324C7|HENGYUAN-C7|0.170|0.000|0.000|0.000|0.00|0
4324C8|HENGYUAN-C8|0.105|0.105|0.105|0.000|0.00|668
4324C9|HENGYUAN-C9|0.150|0.095|0.095|-0.055|-36.67|1,250
4324CZ|HENGYUAN-CZ|0.005|0.000|0.000|0.000|0.00|0
5095|HEVEA|0.635|0.640|0.640|+0.005|+0.79|645
5095WB|HEVEA-WB|0.450|0.000|0.000|0.000|0.00|0
3298|HEXZA|0.695|0.705|0.705|+0.010|+1.44|405
0175|HHGROUP|0.120|0.115|0.115|-0.005|-4.17|400
0160|HHHCORP|0.090|0.090|0.090|0.000|0.00|450
5072|HIAPTEK|0.265|0.265|0.265|0.000|0.00|55,850
5072LA|HIAPTEK-LA|0.290|0.000|0.000|0.000|0.00|0
5072WB|HIAPTEK-WB|0.065|0.070|0.065|0.000|0.00|22,712
5199|HIBISCS|1.070|1.080|1.070|0.000|0.00|249,675
5199CM|HIBISCS-CM|0.085|0.000|0.000|0.000|0.00|0
5199CN|HIBISCS-CN|0.075|0.000|0.000|0.000|0.00|0
5199CO|HIBISCS-CO|0.080|0.000|0.000|0.000|0.00|0
5199CP|HIBISCS-CP|0.050|0.055|0.055|+0.005|+10.00|400
5199CQ|HIBISCS-CQ|0.125|0.125|0.125|0.000|0.00|14,105
5199CR|HIBISCS-CR|0.110|0.115|0.110|0.000|0.00|53,030
5199CS|HIBISCS-CS|0.085|0.000|0.000|0.000|0.00|0
5199CT|HIBISCS-CT|0.130|0.000|0.000|0.000|0.00|0
5199CU|HIBISCS-CU|0.095|0.090|0.095|0.000|0.00|9,163
5199CV|HIBISCS-CV|0.080|0.000|0.000|0.000|0.00|0
5199CW|HIBISCS-CW|0.095|0.095|0.090|-0.005|-5.26|244
5199WC|HIBISCS-WC|0.485|0.485|0.485|0.000|0.00|86,110
7033|HIGHTEC|1.200|0.000|0.000|0.000|0.00|0
8443|HIL|0.605|0.610|0.610|+0.005|+0.83|14,023
8443WB|HIL-WB|0.230|0.220|0.215|-0.015|-6.52|475
0505CF|HKEX-CF|0.425|0.000|0.000|0.000|0.00|0
5819|HLBANK|20.280|20.400|20.300|+0.020|+0.10|12,144
5819CN|HLBANK-CN|0.030|0.000|0.000|0.000|0.00|0
5819CO|HLBANK-CO|0.120|0.000|0.000|0.000|0.00|0
5274|HLCAP|9.600|0.000|0.000|0.000|0.00|0
1082|HLFG|19.000|19.000|19.180|+0.180|+0.95|4,954
3301|HLIND|9.950|9.960|9.960|+0.010|+0.10|1,666
0188|HLT|0.130|0.000|0.000|0.000|0.00|0
0188WA|HLT-WA|0.040|0.000|0.000|0.000|0.00|0
5169|HOHUP|0.420|0.410|0.460|+0.040|+9.52|45,707
5165|HOKHENG|0.665|0.650|0.650|-0.015|-2.26|2,440
5160|HOMERIZ|0.605|0.605|0.605|0.000|0.00|771
5160WA|HOMERIZ-WA|0.065|0.060|0.060|-0.005|-7.69|1,040
7010|HOOVER|0.640|0.570|0.585|-0.055|-8.59|1,810
06513Y|HSI-C3Y|0.050|0.050|0.055|+0.005|+10.00|1,142
06513Z|HSI-C3Z|0.105|0.110|0.130|+0.025|+23.81|172,783
06515A|HSI-C5A|0.295|0.300|0.345|+0.050|+16.95|478,559
06515B|HSI-C5B|0.610|0.620|0.705|+0.095|+15.57|15,140
06515C|HSI-C5C|0.150|0.155|0.165|+0.015|+10.00|72,988
06515D|HSI-C5D|0.270|0.275|0.300|+0.030|+11.11|402,046
06515E|HSI-C5E|0.540|0.560|0.620|+0.080|+14.81|15,610
06515F|HSI-C5F|0.905|0.900|1.010|+0.105|+11.60|240
06515G|HSI-C5G|0.460|0.465|0.510|+0.050|+10.87|141,481
06515H|HSI-C5H|0.730|0.750|0.750|+0.020|+2.74|100
06515I|HSI-C5I|1.080|0.000|0.000|0.000|0.00|0
06515J|HSI-C5J|0.595|0.600|0.655|+0.060|+10.08|26,612
06515K|HSI-C5K|0.920|0.940|0.995|+0.075|+8.15|200
06515L|HSI-C5L|1.410|0.000|0.000|0.000|0.00|0
06515M|HSI-C5M|1.810|0.000|0.000|0.000|0.00|0
06515N|HSI-C5N|0.245|0.260|0.270|+0.025|+10.20|1,400
06515O|HSI-C5O|0.390|0.000|0.000|0.000|0.00|0
06515P|HSI-C5P|0.570|0.575|0.635|+0.065|+11.40|2,950
06515Q|HSI-C5Q|0.855|0.940|0.940|+0.085|+9.94|250
06514Z|HSI-H4Z|0.005|0.005|0.005|0.000|0.00|1,603
06516A|HSI-H6A|0.015|0.010|0.010|-0.005|-33.33|11,031
06516B|HSI-H6B|0.025|0.025|0.020|-0.005|-20.00|501
06516C|HSI-H6C|0.070|0.065|0.055|-0.015|-21.43|71,968
06516D|HSI-H6D|0.050|0.000|0.000|0.000|0.00|0
06516E|HSI-H6E|0.110|0.100|0.100|-0.010|-9.09|800
06516F|HSI-H6F|0.220|0.210|0.190|-0.030|-13.64|328,318
06516G|HSI-H6G|0.425|0.410|0.370|-0.055|-12.94|341,893
06516H|HSI-H6H|0.070|0.060|0.060|-0.010|-14.29|200
06516I|HSI-H6I|0.130|0.000|0.000|0.000|0.00|0
06516J|HSI-H6J|0.240|0.230|0.215|-0.025|-10.42|11,409
06516K|HSI-H6K|0.065|0.000|0.000|0.000|0.00|0
06516L|HSI-H6L|0.120|0.000|0.000|0.000|0.00|0
06516M|HSI-H6M|0.165|0.155|0.145|-0.020|-12.12|10,640
06516N|HSI-H6N|0.280|0.270|0.250|-0.030|-10.71|1,981
06516O|HSI-H6O|0.235|0.205|0.205|-0.030|-12.77|150
06516P|HSI-H6P|0.355|0.000|0.000|0.000|0.00|0
06516Q|HSI-H6Q|0.490|0.470|0.450|-0.040|-8.16|5,467
06516R|HSI-H6R|0.705|0.700|0.655|-0.050|-7.09|6,875
6238|HSL|1.420|1.420|1.420|0.000|0.00|90
5138|HSPLANT|1.720|0.000|0.000|0.000|0.00|0
0185|HSSEB|1.170|1.180|1.190|+0.020|+1.71|6,192
0185WA|HSSEB-WA|0.210|0.215|0.215|+0.005|+2.38|420
5028|HTPADU|0.740|0.740|0.750|+0.010|+1.35|1,511
2739|HUAAN|0.250|0.250|0.265|+0.015|+6.00|723,434
5062|HUAYANG|0.385|0.385|0.385|0.000|0.00|3,809
7013|HUBLINE|0.060|0.055|0.055|-0.005|-8.33|42,540
7013WA|HUBLINE-WA|0.005|0.000|0.000|0.000|0.00|0
7013WB|HUBLINE-WB|0.005|0.000|0.000|0.000|0.00|0
7013WC|HUBLINE-WC|0.020|0.015|0.020|0.000|0.00|15,020
5000|HUMEIND|0.750|0.750|0.740|-0.010|-1.33|2,196
5024|HUPSENG|0.990|1.000|1.000|+0.010|+1.01|631
8478|HWATAI|0.320|0.320|0.300|-0.020|-6.25|620
9601|HWGB|0.100|0.095|0.100|0.000|0.00|1,434
9601WD|HWGB-WD|0.030|0.025|0.025|-0.005|-16.67|67
4251|IBHD|0.430|0.430|0.430|0.000|0.00|730
4251LB|IBHD-LB|0.320|0.000|0.000|0.000|0.00|0
4251WA|IBHD-WA|0.015|0.000|0.000|0.000|0.00|0
5084|IBRACO|0.655|0.000|0.000|0.000|0.00|0
5108|ICAP|2.400|0.000|0.000|0.000|0.00|0
0502CF|ICBC-CF|0.100|0.000|0.000|0.000|0.00|0
5255|ICON|0.095|0.090|0.095|0.000|0.00|18,966
9687|IDEAL|1.140|1.100|1.140|0.000|0.00|51
9687WB|IDEAL-WB|0.370|0.370|0.355|-0.015|-4.05|350
0174|IDMENSN|0.025|0.025|0.025|0.000|0.00|600
0174WA|IDMENSN-WA|0.005|0.000|0.000|0.000|0.00|0
0023|IFCAMSC|0.435|0.435|0.445|+0.010|+2.30|182,785
5606|IGBB|2.630|2.630|2.650|+0.020|+0.76|2,603
5606PA|IGBB-PA|1.110|0.000|0.000|0.000|0.00|0
5606PB|IGBB-PB|3.200|0.000|0.000|0.000|0.00|0
5227|IGBREIT|1.860|1.860|1.850|-0.010|-0.54|22,670
5225|IHH|5.800|5.840|5.770|-0.030|-0.52|41,626
522510|IHH-C10|0.120|0.120|0.120|0.000|0.00|100
522511|IHH-C11|0.140|0.140|0.135|-0.005|-3.57|6,000
5225C7|IHH-C7|0.035|0.030|0.030|-0.005|-14.29|1,000
5225C8|IHH-C8|0.105|0.000|0.000|0.000|0.00|0
5225C9|IHH-C9|0.095|0.000|0.000|0.000|0.00|0
0401GA|IHS046000824|97.500|0.000|0.000|0.000|0.00|0
3336|IJM|2.170|2.180|2.220|+0.050|+2.30|71,756
333620|IJM-C20|0.085|0.000|0.000|0.000|0.00|0
333621|IJM-C21|0.120|0.135|0.140|+0.020|+16.67|21
333624|IJM-C24|0.175|0.180|0.190|+0.015|+8.57|1,200
333625|IJM-C25|0.200|0.205|0.210|+0.010|+5.00|800
333626|IJM-C26|0.130|0.135|0.140|+0.010|+7.69|21,994
2216|IJMPLNT|1.600|1.570|1.570|-0.030|-1.88|10
5268|IKHMAS|0.155|0.155|0.155|0.000|0.00|8,471
5614|ILB|0.395|0.395|0.390|-0.005|-1.27|190
7222|IMASPRO|1.980|1.960|1.980|0.000|0.00|9,908
0166|INARI|1.600|1.600|1.570|-0.030|-1.88|34,621
016621|INARI-C21|0.005|0.000|0.000|0.000|0.00|0
016623|INARI-C23|0.005|0.000|0.000|0.000|0.00|0
016624|INARI-C24|0.005|0.000|0.000|0.000|0.00|0
016625|INARI-C25|0.005|0.000|0.000|0.000|0.00|0
016626|INARI-C26|0.035|0.000|0.000|0.000|0.00|0
016627|INARI-C27|0.040|0.000|0.000|0.000|0.00|0
016628|INARI-C28|0.035|0.030|0.030|-0.005|-14.29|21,333
016629|INARI-C29|0.070|0.065|0.065|-0.005|-7.14|2,000
016630|INARI-C30|0.060|0.000|0.000|0.000|0.00|0
016631|INARI-C31|0.125|0.125|0.125|0.000|0.00|10,500
016632|INARI-C32|0.130|0.130|0.120|-0.010|-7.69|14,439
016633|INARI-C33|0.270|0.000|0.000|0.000|0.00|0
016634|INARI-C34|0.085|0.085|0.080|-0.005|-5.88|2,807
016635|INARI-C35|0.065|0.065|0.060|-0.005|-7.69|6,700
016636|INARI-C36|0.080|0.080|0.080|0.000|0.00|200
016637|INARI-C37|0.105|0.000|0.000|0.000|0.00|0
016638|INARI-C38|0.095|0.000|0.000|0.000|0.00|0
016639|INARI-C39|0.180|0.180|0.180|0.000|0.00|5,608
0166WB|INARI-WB|1.050|1.060|1.030|-0.020|-1.90|1,595
2607|INCKEN|0.635|0.635|0.640|+0.005|+0.79|230
0094|INIX|0.075|0.075|0.075|0.000|0.00|215,035
0094WA|INIX-WA|0.030|0.035|0.030|0.000|0.00|10,546
0147|INNITY|0.565|0.000|0.000|0.000|0.00|0
6262|INNO|0.750|0.750|0.740|-0.010|-1.33|168
3379|INSAS|0.755|0.755|0.760|+0.005|+0.66|4,198
3379PA|INSAS-PA|0.980|0.985|0.980|0.000|0.00|51
3379WB|INSAS-WB|0.070|0.065|0.075|+0.005|+7.14|2,469
0192|INTA|0.280|0.280|0.275|-0.005|-1.79|3,400
1961|IOICORP|4.460|4.490|4.460|0.000|0.00|14,503
196119|IOICORP-C19|0.035|0.030|0.035|0.000|0.00|5,500
196120|IOICORP-C20|0.085|0.085|0.085|0.000|0.00|100
196121|IOICORP-C21|0.110|0.110|0.110|0.000|0.00|1,598
5249|IOIPG|1.330|1.330|1.320|-0.010|-0.75|39,723
5249CV|IOIPG-CV|0.130|0.105|0.100|-0.030|-23.08|1,000
5673|IPMUDA|0.490|0.530|0.520|+0.030|+6.12|103
5107|IQGROUP|1.120|1.120|1.120|0.000|0.00|70
8834|IREKA|0.545|0.000|0.000|0.000|0.00|0
8834WB|IREKA-WB|0.005|0.000|0.000|0.000|0.00|0
7183|IRETEX|0.160|0.150|0.160|0.000|0.00|65
7183LA|IRETEX-LA|0.020|0.020|0.020|0.000|0.00|500
7183WA|IRETEX-WA|0.005|0.000|0.000|0.000|0.00|0
0010|IRIS|0.150|0.150|0.150|0.000|0.00|106,745
9393|ITRONIC|0.105|0.000|0.000|0.000|0.00|0
5175|IVORY|0.200|0.200|0.200|0.000|0.00|1,270
1589|IWCITY|0.685|0.690|0.705|+0.020|+2.92|89,856
7223|JADI|0.035|0.035|0.035|0.000|0.00|2,850
0024|JAG|0.045|0.045|0.045|0.000|0.00|65,510
0024WA|JAG-WA|0.005|0.000|0.000|0.000|0.00|0
0024WB|JAG-WB|0.010|0.005|0.010|0.000|0.00|1,535
4723|JAKS|0.730|0.730|0.770|+0.040|+5.48|68,504
4723WB|JAKS-WB|0.460|0.445|0.515|+0.055|+11.96|2,826
8648|JASKITA|0.120|0.000|0.000|0.000|0.00|0
7152|JAYCORP|0.945|0.945|0.950|+0.005|+0.53|429
0058|JCBNEXT|1.540|0.000|0.000|0.000|0.00|0
5161|JCY|0.200|0.200|0.200|0.000|0.00|7,136
8931|JERASIA|0.385|0.000|0.000|0.000|0.00|0
9083|JETSON|0.185|0.170|0.175|-0.010|-5.41|1,770
0146|JFTECH|0.885|0.885|0.860|-0.025|-2.82|1,315
0127|JHM|1.280|1.300|1.280|0.000|0.00|15,028
8923|JIANKUN|0.325|0.290|0.320|-0.005|-1.54|45
8923WA|JIANKUN-WA|0.075|0.075|0.075|0.000|0.00|200
6769|JKGLAND|0.075|0.080|0.075|0.000|0.00|622
03003|JMEDU|0.535|0.000|0.000|0.000|0.00|0
7043|JMR|1.030|0.000|0.000|0.000|0.00|0
3441|JOHAN|0.085|0.085|0.085|0.000|0.00|410
7167|JOHOTIN|1.370|1.370|1.400|+0.030|+2.19|11,980
4383|JTIASA|0.530|0.530|0.540|+0.010|+1.89|1,344
0111|K1|0.220|0.225|0.220|0.000|0.00|16,141
0111WC|K1-WC|0.100|0.100|0.105|+0.005|+5.00|25,017
0193|KAB|0.215|0.210|0.215|0.000|0.00|3,040
8672|KAMDAR|0.290|0.000|0.000|0.000|0.00|0
0170|KANGER|0.040|0.040|0.045|+0.005|+12.50|1,471
0170WA|KANGER-WA|0.015|0.000|0.000|0.000|0.00|0
5247|KAREX|0.445|0.450|0.445|0.000|0.00|14,027
0054|KARYON|0.130|0.130|0.130|0.000|0.00|5,774
7216|KAWAN|1.680|1.680|1.680|0.000|0.00|30
3115|KBUNAI|0.085|0.080|0.085|0.000|0.00|740
3115WC|KBUNAI-WC|0.020|0.020|0.020|0.000|0.00|40
7199|KEINHIN|0.625|0.515|0.570|-0.055|-8.80|704
7323|KEN|0.680|0.000|0.000|0.000|0.00|0
6483|KENANGA|0.530|0.530|0.540|+0.010|+1.89|749
7161|KERJAYA|1.240|1.240|1.230|-0.010|-0.81|3,031
7161CJ|KERJAYA-CJ|0.020|0.000|0.000|0.000|0.00|0
7161CK|KERJAYA-CK|0.060|0.000|0.000|0.000|0.00|0
7161WB|KERJAYA-WB|0.175|0.180|0.190|+0.015|+8.57|1,805
9334|KESM|8.500|8.500|8.500|0.000|0.00|75
0143|KEYASIC|0.105|0.110|0.105|0.000|0.00|32,349
6491|KFIMA|1.650|1.660|1.660|+0.010|+0.61|10
8303|KFM|0.170|0.170|0.170|0.000|0.00|280
0151|KGB|1.260|1.260|1.250|-0.010|-0.79|11,518
0151WA|KGB-WA|0.740|0.740|0.740|0.000|0.00|955
0036|KGROUP|0.040|0.045|0.045|+0.005|+12.50|610
0036WB|KGROUP-WB|0.005|0.000|0.000|0.000|0.00|0
6203|KHEESAN|0.610|0.000|0.000|0.000|0.00|0
7062|KHIND|1.700|1.700|1.700|0.000|0.00|130
6211|KIALIM|0.220|0.000|0.000|0.000|0.00|0
3522|KIANJOO|3.100|3.100|3.100|0.000|0.00|1,102
5371|KIMHIN|1.160|1.140|1.160|0.000|0.00|106
5171|KIMLUN|1.180|1.190|1.180|0.000|0.00|307
5171WA|KIMLUN-WA|0.340|0.000|0.000|0.000|0.00|0
5060|KINSTEL|0.005|0.000|0.000|0.000|0.00|0
5280|KIPREIT|0.885|0.880|0.885|0.000|0.00|3,196
9466|KKB|1.220|1.220|1.220|0.000|0.00|1,701
5235SS|KLCC|7.800|7.840|7.760|-0.040|-0.51|202
2445|KLK|24.660|24.800|24.800|+0.140|+0.57|5,755
2445C2|KLK-C2|0.125|0.000|0.000|0.000|0.00|0
2445C3|KLK-C3|0.150|0.000|0.000|0.000|0.00|0
2453|KLUANG|3.320|3.330|3.330|+0.010|+0.30|160
5027|KMLOONG|1.190|1.190|1.180|-0.010|-0.84|644
5027WB|KMLOONG-WB|0.245|0.290|0.290|+0.045|+18.37|1
7164|KNM|0.120|0.120|0.115|-0.005|-4.17|42,528
7164WB|KNM-WB|0.015|0.010|0.015|0.000|0.00|2,324
5035|KNUSFOR|0.430|0.000|0.000|0.000|0.00|0
6971|KOBAY|1.470|1.400|1.400|-0.070|-4.76|1
7017|KOMARK|0.275|0.270|0.270|-0.005|-1.82|110,028
7017WB|KOMARK-WB|0.035|0.040|0.040|+0.005|+14.29|45,435
7153|KOSSAN|3.500|3.550|3.520|+0.020|+0.57|4,230
7153C1|KOSSAN-C1|0.150|0.075|0.075|-0.075|-50.00|230
7153CZ|KOSSAN-CZ|0.150|0.000|0.000|0.000|0.00|0
0002|KOTRA|1.700|1.690|1.690|-0.010|-0.59|100
5878|KPJ|1.000|1.000|0.980|-0.020|-2.00|46,078
5878CS|KPJ-CS|0.030|0.000|0.000|0.000|0.00|0
5878CT|KPJ-CT|0.150|0.085|0.085|-0.065|-43.33|2,000
7130|KPOWER|0.310|0.000|0.000|0.000|0.00|0
5843|KPS|1.390|1.370|1.390|0.000|0.00|5,510
9121|KPSCB|0.520|0.000|0.000|0.000|0.00|0
1996|KRETAM|0.405|0.000|0.000|0.000|0.00|0
0176|KRONO|0.585|0.590|0.595|+0.010|+1.71|19,672
3476|KSENG|4.680|4.680|4.690|+0.010|+0.21|134
5038|KSL|0.890|0.890|0.930|+0.040|+4.49|1,579
5192|KSSC|0.500|0.480|0.500|0.000|0.00|4,072
5172|KSTAR|0.075|0.000|0.000|0.000|0.00|0
5172WA|KSTAR-WA|0.005|0.010|0.010|+0.005|+100.00|300
4847|KTB|0.070|0.075|0.085|+0.015|+21.43|102,948
0180|KTC|0.175|0.175|0.175|0.000|0.00|400
6874|KUB|0.405|0.405|0.405|0.000|0.00|16,476
2186|KUCHAI|1.540|1.540|1.560|+0.020|+1.30|294
6572|KWANTAS|0.800|0.810|0.810|+0.010|+1.25|30
8362|KYM|0.320|0.000|0.000|0.000|0.00|0
3174|L&G|0.150|0.150|0.150|0.000|0.00|6,323
3794|LAFMSIA|2.550|2.570|2.500|-0.050|-1.96|5,155
3794CE|LAFMSIA-CE|0.085|0.090|0.085|0.000|0.00|1,700
0018|LAMBO|0.150|0.145|0.150|0.000|0.00|15,860
1643|LANDMRK|0.465|0.455|0.470|+0.005|+1.08|450
7006|LATITUD|3.990|0.000|0.000|0.000|0.00|0
9385|LAYHONG|0.425|0.425|0.445|+0.020|+4.71|67,720
9385WA|LAYHONG-WA|0.185|0.190|0.195|+0.010|+5.41|12,294
9326|LBALUM|0.485|0.520|0.510|+0.025|+5.15|1,950
8494|LBICAP|0.925|0.930|0.960|+0.035|+3.78|823
5789|LBS|0.640|0.645|0.635|-0.005|-0.78|1,982
5789PA|LBS-PA|0.850|0.000|0.000|0.000|0.00|0
5789WB|LBS-WB|0.235|0.000|0.000|0.000|0.00|0
5284|LCTITAN|4.050|4.100|4.100|+0.050|+1.23|6,125
9628|LEBTECH|0.830|0.000|0.000|0.000|0.00|0
8079|LEESK|0.870|0.890|0.890|+0.020|+2.30|200
5232|LEONFB|0.490|0.490|0.570|+0.080|+16.33|200
8745|LEWEKO|0.150|0.000|0.000|0.000|0.00|0
8745WB|LEWEKO-WB|0.055|0.000|0.000|0.000|0.00|0
7170|LFECORP|0.110|0.000|0.000|0.000|0.00|0
3573|LIENHOE|0.285|0.270|0.285|0.000|0.00|5,557
7089|LIIHEN|2.650|2.630|2.600|-0.050|-1.89|2,655
8486|LIONFIB|0.425|0.420|0.420|-0.005|-1.18|90
4235|LIONIND|0.525|0.525|0.540|+0.015|+2.86|37,637
6645|LITRAK|4.310|4.130|4.210|-0.100|-2.32|585
0182|LKL|0.115|0.115|0.115|0.000|0.00|479
7126|LONBISC|0.385|0.385|0.390|+0.005|+1.30|27,634
7126WA|LONBISC-WA|0.030|0.030|0.030|0.000|0.00|2,605
8621|LPI|15.960|15.980|15.920|-0.040|-0.25|103
9881|LSTEEL|0.285|0.000|0.000|0.000|0.00|0
7085|LTKM|1.180|1.180|1.180|0.000|0.00|10
5068|LUSTER|0.075|0.080|0.080|+0.005|+6.67|1,470
5068WA|LUSTER-WA|0.030|0.000|0.000|0.000|0.00|0
5068WB|LUSTER-WB|0.035|0.000|0.000|0.000|0.00|0
5143|LUXCHEM|0.520|0.515|0.520|0.000|0.00|1,740
0075|LYC|0.325|0.315|0.325|0.000|0.00|324
9199|LYSAGHT|2.670|0.000|0.000|0.000|0.00|0
5078|M&G|0.090|0.090|0.095|+0.005|+5.56|2,000
0017|M3TECH|0.050|0.050|0.050|0.000|0.00|2,486
0017WA|M3TECH-WA|0.005|0.000|0.000|0.000|0.00|0
1198|MAA|1.020|1.010|1.020|0.000|0.00|931
7617|MAGNA|0.930|0.890|0.890|-0.040|-4.30|100
7617WB|MAGNA-WB|0.190|0.000|0.000|0.000|0.00|0
7087|MAGNI|4.590|4.750|4.630|+0.040|+0.87|655
3859|MAGNUM|2.370|2.370|2.380|+0.010|+0.42|8,291
8583|MAHSING|0.935|0.935|0.930|-0.005|-0.53|2,558
858317|MAHSING-C17|0.040|0.000|0.000|0.000|0.00|0
858318|MAHSING-C18|0.030|0.000|0.000|0.000|0.00|0
858319|MAHSING-C19|0.020|0.020|0.020|0.000|0.00|3,400
8583WC|MAHSING-WC|0.020|0.010|0.020|0.000|0.00|1,601
5264|MALAKOF|0.905|0.910|0.910|+0.005|+0.55|8,448
526412|MALAKOFC12|0.005|0.000|0.000|0.000|0.00|0
526415|MALAKOFC15|0.025|0.000|0.000|0.000|0.00|0
526416|MALAKOFC16|0.005|0.000|0.000|0.000|0.00|0
526417|MALAKOFC17|0.090|0.000|0.000|0.000|0.00|0
526418|MALAKOFC18|0.050|0.050|0.055|+0.005|+10.00|19,500
526419|MALAKOFC19|0.115|0.115|0.115|0.000|0.00|11,200
526420|MALAKOFC20|0.080|0.085|0.085|+0.005|+6.25|376
526421|MALAKOFC21|0.080|0.000|0.000|0.000|0.00|0
526422|MALAKOFC22|0.045|0.045|0.045|0.000|0.00|7,000
526423|MALAKOFC23|0.155|0.150|0.150|-0.005|-3.23|17,100
4936|MALPAC|0.850|0.000|0.000|0.000|0.00|0
6181|MALTON|0.490|0.490|0.490|0.000|0.00|9,884
1058|MANULFE|2.650|0.000|0.000|0.000|0.00|0
3514|MARCO|0.125|0.120|0.120|-0.005|-4.00|500
5098|MASTEEL|0.475|0.475|0.485|+0.010|+2.11|32,520
7029|MASTER|0.795|0.790|0.790|-0.005|-0.63|9,038
0189|MATANG|0.075|0.070|0.070|-0.005|-6.67|5,100
5236|MATRIX|1.910|1.910|1.890|-0.020|-1.05|2,554
5236WA|MATRIX-WA|0.115|0.110|0.115|0.000|0.00|1,101
6012|MAXIS|5.360|5.380|5.360|0.000|0.00|30,767
601210|MAXIS-C10|0.055|0.060|0.060|+0.005|+9.09|4
6012C8|MAXIS-C8|0.065|0.000|0.000|0.000|0.00|0
6012C9|MAXIS-C9|0.040|0.040|0.040|0.000|0.00|200
5189|MAXWELL|0.010|0.000|0.000|0.000|0.00|0
5189WA|MAXWELL-WA|0.005|0.000|0.000|0.000|0.00|0
1155|MAYBANK|9.260|9.280|9.270|+0.010|+0.11|123,086
115543|MAYBANKC43|0.035|0.040|0.040|+0.005|+14.29|400
115544|MAYBANKC44|0.005|0.000|0.000|0.000|0.00|0
115546|MAYBANKC46|0.010|0.005|0.005|-0.005|-50.00|10,500
115547|MAYBANKC47|0.035|0.000|0.000|0.000|0.00|0
115548|MAYBANKC48|0.030|0.000|0.000|0.000|0.00|0
115549|MAYBANKC49|0.095|0.000|0.000|0.000|0.00|0
115550|MAYBANKC50|0.075|0.070|0.070|-0.005|-6.67|10,400
115551|MAYBANKC51|0.075|0.000|0.000|0.000|0.00|0
115552|MAYBANKC52|0.040|0.035|0.035|-0.005|-12.50|13,745
115553|MAYBANKC53|0.150|0.000|0.000|0.000|0.00|0
5077|MAYBULK|0.545|0.545|0.535|-0.010|-1.83|6,980
5886|MBG|0.800|0.805|0.805|+0.005|+0.63|22
5152|MBL|1.300|1.280|1.250|-0.050|-3.85|2,903
5152WA|MBL-WA|0.440|0.445|0.445|+0.005|+1.14|1,140
5983|MBMR|2.700|2.790|2.760|+0.060|+2.22|2,383
1171|MBSB|0.950|0.950|0.955|+0.005|+0.53|20,614
117115|MBSB-C15|0.010|0.000|0.000|0.000|0.00|0
117116|MBSB-C16|0.060|0.000|0.000|0.000|0.00|0
117117|MBSB-C17|0.030|0.035|0.035|+0.005|+16.67|1,012
117118|MBSB-C18|0.055|0.020|0.025|-0.030|-54.55|2,000
117119|MBSB-C19|0.045|0.000|0.000|0.000|0.00|0
117120|MBSB-C20|0.015|0.000|0.000|0.000|0.00|0
117121|MBSB-C21|0.030|0.030|0.030|0.000|0.00|11
7189|MBWORLD|1.620|0.000|0.000|0.000|0.00|0
7004|MCEHLDG|0.710|0.630|0.630|-0.080|-11.27|10
0167|MCLEAN|0.085|0.090|0.090|+0.005|+5.88|3,200
0167WB|MCLEAN-WB|0.025|0.000|0.000|0.000|0.00|0
5182|MCT|0.530|0.535|0.520|-0.010|-1.89|20,280
4502|MEDIA|0.470|0.475|0.480|+0.010|+2.13|12,467
5090|MEDIAC|0.225|0.220|0.220|-0.005|-2.22|8,342
0081|MEGASUN|0.125|0.120|0.120|-0.005|-4.00|18
0081WA|MEGASUN-WA|0.010|0.010|0.010|0.000|0.00|1,451
5129|MELATI|0.455|0.000|0.000|0.000|0.00|0
3778|MELEWAR|0.140|0.135|0.140|0.000|0.00|239
3778WB|MELEWAR-WB|0.045|0.000|0.000|0.000|0.00|0
1694|MENANG|0.375|0.380|0.375|0.000|0.00|1,061
1694WB|MENANG-WB|0.010|0.005|0.005|-0.005|-50.00|705
0577C2|MENGNIU-C2|0.180|0.260|0.275|+0.095|+52.78|36,516
5223|MENTIGA|0.575|0.000|0.000|0.000|0.00|0
8192|MERCURY|0.810|0.000|0.000|0.000|0.00|0
5006|MERGE|1.420|1.420|1.530|+0.110|+7.75|5,833
5040|MERIDIAN|0.300|0.295|0.295|-0.005|-1.67|540
5040WA|MERIDIAN-WA|0.105|0.070|0.070|-0.035|-33.33|1,800
5040WB|MERIDIAN-WB|0.025|0.000|0.000|0.000|0.00|0
5040WC|MERIDIAN-WC|0.030|0.000|0.000|0.000|0.00|0
7234|MESB|0.295|0.000|0.000|0.000|0.00|0
7234WA|MESB-WA|0.100|0.000|0.000|0.000|0.00|0
0826EA|METFAPA|1.040|1.040|1.000|-0.040|-3.85|310
0825EA|METFSID|0.807|0.000|0.000|0.000|0.00|0
0827EA|METFUS50|1.080|1.100|1.100|+0.020|+1.85|4
6149|METROD|1.700|0.000|0.000|0.000|0.00|0
3069|MFCB|3.800|3.800|3.850|+0.050|+1.32|5,634
3069WA|MFCB-WA|1.670|1.680|1.680|+0.010|+0.60|920
03015|MFGROUP|0.220|0.000|0.000|0.000|0.00|0
3662|MFLOUR|0.740|0.740|0.760|+0.020|+2.70|66,369
3662LA|MFLOUR-LA|1.460|1.460|1.490|+0.030|+2.05|1,099
3662WC|MFLOUR-WC|0.370|0.375|0.390|+0.020|+5.41|30,337
7595|MGB|0.735|0.770|0.750|+0.015|+2.04|1,379
7595WA|MGB-WA|0.250|0.000|0.000|0.000|0.00|0
0155|MGRC|0.270|0.000|0.000|0.000|0.00|0
5186|MHB|0.800|0.795|0.810|+0.010|+1.25|2,572
518613|MHB-C13|0.020|0.000|0.000|0.000|0.00|0
5026|MHC|0.590|0.610|0.610|+0.020|+3.39|99
03005|MHCARE|0.460|0.500|0.520|+0.060|+13.04|180
5286|MI|2.280|2.300|2.250|-0.030|-1.32|4,170
5286CA|MI-CA|0.090|0.000|0.000|0.000|0.00|0
5286CB|MI-CB|0.035|0.000|0.000|0.000|0.00|0
5286CC|MI-CC|0.050|0.050|0.050|0.000|0.00|984
5286CD|MI-CD|0.130|0.140|0.140|+0.010|+7.69|600
5286CE|MI-CE|0.150|0.000|0.000|0.000|0.00|0
5286CF|MI-CF|0.085|0.000|0.000|0.000|0.00|0
0126|MICROLN|0.410|0.000|0.000|0.000|0.00|0
5001|MIECO|0.270|0.265|0.265|-0.005|-1.85|2,317
0112|MIKROMB|0.260|0.255|0.255|-0.005|-1.92|1,182
7935|MILUX|0.730|0.000|0.000|0.000|0.00|0
5166|MINDA|0.050|0.045|0.045|-0.005|-10.00|11,800
7219|MINETEC|0.060|0.055|0.055|-0.005|-8.33|2,810
7219WA|MINETEC-WA|0.005|0.000|0.000|0.000|0.00|0
5576|MINHO|0.280|0.280|0.290|+0.010|+3.57|2,200
5576WC|MINHO-WC|0.070|0.000|0.000|0.000|0.00|0
3816|MISC|6.680|6.820|6.690|+0.010|+0.15|9,760
381619|MISC-C19|0.140|0.160|0.140|0.000|0.00|7,854
381620|MISC-C20|0.080|0.075|0.075|-0.005|-6.25|1,740
381621|MISC-C21|0.160|0.000|0.000|0.000|0.00|0
381622|MISC-C22|0.100|0.000|0.000|0.000|0.00|0
9571|MITRA|0.385|0.385|0.395|+0.010|+2.60|66,419
9571WD|MITRA-WD|0.045|0.045|0.045|0.000|0.00|2,270
9571WE|MITRA-WE|0.095|0.000|0.000|0.000|0.00|0
8141|MJPERAK|0.210|0.210|0.210|0.000|0.00|4,890
6114|MKH|1.270|1.280|1.290|+0.020|+1.57|896
8893|MKLAND|0.185|0.190|0.185|0.000|0.00|680
0085|MLAB|0.040|0.040|0.040|0.000|0.00|1,500
0085WA|MLAB-WA|0.010|0.005|0.010|0.000|0.00|3,715
0085WB|MLAB-WB|0.005|0.000|0.000|0.000|0.00|0
0034|MMAG|0.220|0.215|0.225|+0.005|+2.27|210
0034PA|MMAG-PA|0.085|0.000|0.000|0.000|0.00|0
0034WB|MMAG-WB|0.060|0.060|0.060|0.000|0.00|1,200
2194|MMCCORP|0.990|0.990|0.990|0.000|0.00|17,055
219412|MMCCORPC12|0.050|0.000|0.000|0.000|0.00|0
0113|MMSV|0.950|0.935|0.940|-0.010|-1.05|337
0103|MNC|0.035|0.000|0.000|0.000|0.00|0
0103WA|MNC-WA|0.010|0.000|0.000|0.000|0.00|0
6459|MNRB|1.020|1.020|1.030|+0.010|+0.98|7,896
0156|MPAY|0.125|0.125|0.135|+0.010|+8.00|50,935
6548|MPCORP|0.045|0.000|0.000|0.000|0.00|0
5237|MPHBCAP|1.060|1.040|1.060|0.000|0.00|74
3867|MPI|9.800|9.800|10.000|+0.200|+2.04|1,343
5123|MQREIT|1.110|1.100|1.090|-0.020|-1.80|1,404
0070|MQTECH|0.025|0.025|0.025|0.000|0.00|500
0070WA|MQTECH-WA|0.010|0.000|0.000|0.000|0.00|0
1651|MRCB|0.875|0.875|0.885|+0.010|+1.14|271,965
165134|MRCB-C34|0.005|0.000|0.000|0.000|0.00|0
165136|MRCB-C36|0.060|0.070|0.065|+0.005|+8.33|4,000
165137|MRCB-C37|0.100|0.100|0.100|0.000|0.00|200
165138|MRCB-C38|0.070|0.075|0.075|+0.005|+7.14|9,000
165139|MRCB-C39|0.155|0.150|0.150|-0.005|-3.23|51,355
165140|MRCB-C40|0.170|0.000|0.000|0.000|0.00|0
165141|MRCB-C41|0.175|0.180|0.180|+0.005|+2.86|500
165142|MRCB-C42|0.055|0.000|0.000|0.000|0.00|0
165143|MRCB-C43|0.105|0.105|0.110|+0.005|+4.76|42,010
165144|MRCB-C44|0.095|0.095|0.095|0.000|0.00|38,100
1651WB|MRCB-WB|0.245|0.240|0.250|+0.005|+2.04|9,882
5916|MSC|0.895|0.895|0.900|+0.005|+0.56|301
5202|MSM|1.800|1.800|1.800|0.000|0.00|409
5011|MSNIAGA|1.560|1.530|1.620|+0.060|+3.85|405
5150|MSPORTS|0.010|0.010|0.010|0.000|0.00|4,200
5924|MTDACPI|0.160|0.165|0.170|+0.010|+6.25|1,032
0092|MTOUCHE|0.055|0.055|0.055|0.000|0.00|1,350
0092WB|MTOUCHE-WB|0.010|0.000|0.000|0.000|0.00|0
0092WC|MTOUCHE-WC|0.015|0.000|0.000|0.000|0.00|0
0043|MTRONIC|0.080|0.075|0.080|0.000|0.00|97,842
0043OR|MTRONIC-OR|0.005|0.005|0.005|0.000|0.00|541,451
3883|MUDA|1.870|1.880|1.870|0.000|0.00|3,155
5085|MUDAJYA|0.345|0.340|0.350|+0.005|+1.45|4,378
9539|MUH|0.450|0.450|0.450|0.000|0.00|25
5703|MUHIBAH|2.950|2.910|2.930|-0.020|-0.68|325
5703CJ|MUHIBAH-CJ|0.150|0.080|0.080|-0.070|-46.67|200
3891|MUIIND|0.165|0.165|0.165|0.000|0.00|8,193
3913|MUIPROP|0.175|0.175|0.170|-0.005|-2.86|10,617
3905|MULPHA|2.380|2.380|2.400|+0.020|+0.84|992
5087|MYCRON|0.275|0.280|0.275|0.000|0.00|418
5087WA|MYCRON-WA|0.080|0.000|0.000|0.000|0.00|0
0138|MYEG|1.440|1.440|1.410|-0.030|-2.08|364,778
013844|MYEG-C44|0.200|0.000|0.000|0.000|0.00|0
013846|MYEG-C46|0.010|0.000|0.000|0.000|0.00|0
013848|MYEG-C48|0.005|0.000|0.000|0.000|0.00|0
013849|MYEG-C49|0.010|0.000|0.000|0.000|0.00|0
013850|MYEG-C50|0.030|0.000|0.000|0.000|0.00|0
013851|MYEG-C51|0.010|0.005|0.005|-0.005|-50.00|1,399
013852|MYEG-C52|0.005|0.000|0.000|0.000|0.00|0
013853|MYEG-C53|0.030|0.030|0.030|0.000|0.00|135
013854|MYEG-C54|0.010|0.000|0.000|0.000|0.00|0
013855|MYEG-C55|0.135|0.140|0.125|-0.010|-7.41|108,939
013856|MYEG-C56|0.420|0.415|0.415|-0.005|-1.19|50
013857|MYEG-C57|0.215|0.220|0.220|+0.005|+2.33|4,650
013858|MYEG-C58|0.145|0.150|0.145|0.000|0.00|30,760
013859|MYEG-C59|0.215|0.220|0.210|-0.005|-2.33|44,982
013860|MYEG-C60|0.250|0.270|0.260|+0.010|+4.00|4
013861|MYEG-C61|0.150|0.155|0.145|-0.005|-3.33|4,072
013862|MYEG-C62|0.205|0.210|0.210|+0.005|+2.44|250
013863|MYEG-C63|0.165|0.170|0.165|0.000|0.00|11,100
013864|MYEG-C64|0.125|0.125|0.125|0.000|0.00|21,200
013865|MYEG-C65|0.135|0.135|0.125|-0.010|-7.41|73,112
013866|MYEG-C66|0.150|0.155|0.145|-0.005|-3.33|40,595
013867|MYEG-C67|0.150|0.100|0.095|-0.055|-36.67|7,900
0821EA|MYETFDJ|1.045|1.045|1.075|+0.030|+2.87|2,070
0824EA|MYETFID|1.120|0.000|0.000|0.000|0.00|0
03010|MYKRIS|0.320|0.000|0.000|0.000|0.00|0
5275|MYNEWS|1.340|1.340|1.370|+0.030|+2.24|300
0041|MYSCM|0.240|0.240|0.240|0.000|0.00|1,345
0108|N2N|0.835|0.850|0.835|0.000|0.00|5,023
0108WB|N2N-WB|0.255|0.250|0.250|-0.005|-1.96|193
0206|NADIBHD|0.260|0.260|0.260|0.000|0.00|10,634
5073|NAIM|1.140|1.140|1.160|+0.020|+1.75|50,130
9806|NATWIDE|0.300|0.000|0.000|0.000|0.00|0
4707|NESTLE|146.400|147.700|146.800|+0.400|+0.27|1,195
4707CE|NESTLE-CE|0.025|0.040|0.030|+0.005|+20.00|1,510
0020|NETX|0.015|0.015|0.015|0.000|0.00|39,704
0020WB|NETX-WB|0.005|0.000|0.000|0.000|0.00|0
0096|NEXGRAM|0.020|0.020|0.020|0.000|0.00|500
0096WA|NEXGRAM-WA|0.005|0.005|0.005|0.000|0.00|200
0096WB|NEXGRAM-WB|0.005|0.000|0.000|0.000|0.00|0
0096WC|NEXGRAM-WC|0.005|0.000|0.000|0.000|0.00|0
7241|NGGB|0.485|0.485|0.480|-0.005|-1.03|2,312
7241WA|NGGB-WA|0.180|0.180|0.180|0.000|0.00|5,132
7060|NHFATT|2.680|0.000|0.000|0.000|0.00|0
7139|NICE|0.035|0.000|0.000|0.000|0.00|0
7139WB|NICE-WB|0.010|0.010|0.010|0.000|0.00|7,000
7215|NIHSIN|0.275|0.275|0.285|+0.010|+3.64|14,200
0083|NOTION|0.570|0.565|0.570|0.000|0.00|4,677
0083WC|NOTION-WC|0.255|0.250|0.250|-0.005|-1.96|30
0201|NOVA|0.470|0.480|0.470|0.000|0.00|566
0026|NOVAMSC|0.125|0.125|0.125|0.000|0.00|33,998
5047|NPC|1.780|0.000|0.000|0.000|0.00|0
03006|NPS|0.310|0.000|0.000|0.000|0.00|0
2038|NSOP|3.280|3.280|3.200|-0.080|-2.44|241
5066|NTPM|0.500|0.495|0.495|-0.005|-1.00|500
5025|NWP|0.075|0.075|0.075|0.000|0.00|510
4944|NYLEX|0.660|0.650|0.655|-0.005|-0.76|1,000
5533|OCB|0.450|0.000|0.000|0.000|0.00|0
0172|OCK|0.580|0.590|0.580|0.000|0.00|27,071
0172WA|OCK-WA|0.100|0.105|0.100|0.000|0.00|8,935
0049|OCNCASH|0.445|0.430|0.445|0.000|0.00|56
7071|OCR|0.270|0.275|0.270|0.000|0.00|6,017
7071PA|OCR-PA|0.025|0.000|0.000|0.000|0.00|0
7071WC|OCR-WC|0.035|0.025|0.030|-0.005|-14.29|5,642
7071WD|OCR-WD|0.075|0.070|0.075|0.000|0.00|7,033
7107|OFI|0.755|0.765|0.770|+0.015|+1.99|225
5827|OIB|2.020|0.000|0.000|0.000|0.00|0
7140|OKA|0.675|0.685|0.670|-0.005|-0.74|863
3018|OLYMPIA|0.110|0.110|0.110|0.000|0.00|3,160
9008|OMESTI|0.400|0.390|0.400|0.000|0.00|20,430
0035|OPCOM|0.685|0.690|0.665|-0.020|-2.92|14,218
0040|OPENSYS|0.330|0.335|0.335|+0.005|+1.52|3,075
4006|ORIENT|6.500|6.440|6.440|-0.060|-0.92|51
0079|ORION|0.210|0.215|0.210|0.000|0.00|289,630
0079WA|ORION-WA|0.140|0.140|0.135|-0.005|-3.57|122,001
5065|ORNA|0.985|0.990|0.985|0.000|0.00|530
5053|OSK|0.940|0.945|0.935|-0.005|-0.53|3,661
5053WC|OSK-WC|0.040|0.040|0.040|0.000|0.00|201
0053|OSKVI|0.460|0.480|0.470|+0.010|+2.17|59
0153|OVERSEA|0.115|0.000|0.000|0.000|0.00|0
5260|OWG|0.610|0.605|0.605|-0.005|-0.82|1,818
5260WA|OWG-WA|0.175|0.175|0.180|+0.005|+2.86|2,498
6009|P&O|1.010|0.995|1.000|-0.010|-0.99|54
7225|PA|0.050|0.050|0.050|0.000|0.00|4,290
7225WB|PA-WB|0.040|0.035|0.040|0.000|0.00|720
7052|PADINI|3.610|3.600|3.590|-0.020|-0.55|5,274
7052C1|PADINI-C1|0.150|0.095|0.095|-0.055|-36.67|150
7052CV|PADINI-CV|0.005|0.000|0.000|0.000|0.00|0
7052CW|PADINI-CW|0.005|0.000|0.000|0.000|0.00|0
7052CX|PADINI-CX|0.100|0.105|0.105|+0.005|+5.00|1,000
7052CY|PADINI-CY|0.070|0.070|0.070|0.000|0.00|50
7052CZ|PADINI-CZ|0.125|0.000|0.000|0.000|0.00|0
3719|PANAMY|37.600|37.600|37.700|+0.100|+0.27|4
8419|PANSAR|0.800|0.790|0.800|0.000|0.00|147
8419WA|PANSAR-WA|0.305|0.290|0.305|0.000|0.00|70
5125|PANTECH|0.520|0.525|0.515|-0.005|-0.96|4,790
5125WA|PANTECH-WA|0.120|0.120|0.120|0.000|0.00|690
5125WB|PANTECH-WB|0.130|0.000|0.000|0.000|0.00|0
5022|PAOS|0.365|0.365|0.365|0.000|0.00|40
5022WA|PAOS-WA|0.065|0.065|0.070|+0.005|+7.69|9,537
9407|PARAGON|0.305|0.000|0.000|0.000|0.00|0
1724|PARAMON|2.100|2.050|2.020|-0.080|-3.81|336
5657|PARKSON|0.255|0.255|0.255|0.000|0.00|6,717
0022|PARLO|0.080|0.000|0.000|0.000|0.00|0
6912|PASDEC|0.405|0.410|0.390|-0.015|-3.70|824
6912WA|PASDEC-WA|0.070|0.000|0.000|0.000|0.00|0
0177|PASUKGB|0.050|0.050|0.050|0.000|0.00|2,990
5212|PAVREIT|1.800|1.800|1.820|+0.020|+1.11|12,960
5041|PBA|1.180|0.000|0.000|0.000|0.00|0
1295|PBBANK|23.280|23.240|23.160|-0.120|-0.52|89,717
129526|PBBANK-C26|0.005|0.000|0.000|0.000|0.00|0
129527|PBBANK-C27|0.015|0.015|0.010|-0.005|-33.33|502
129528|PBBANK-C28|0.105|0.000|0.000|0.000|0.00|0
129529|PBBANK-C29|0.095|0.090|0.085|-0.010|-10.53|12,458
129530|PBBANK-C30|0.095|0.075|0.075|-0.020|-21.05|22
129531|PBBANK-C31|0.095|0.095|0.090|-0.005|-5.26|26,512
6068|PCCS|0.385|0.385|0.445|+0.060|+15.58|328,683
6068WA|PCCS-WA|0.100|0.100|0.135|+0.035|+35.00|148,642
5183|PCHEM|9.150|9.210|9.160|+0.010|+0.11|95,299
518323|PCHEM-C23|0.015|0.000|0.000|0.000|0.00|0
518324|PCHEM-C24|0.015|0.000|0.000|0.000|0.00|0
518325|PCHEM-C25|0.045|0.000|0.000|0.000|0.00|0
518326|PCHEM-C26|0.085|0.090|0.090|+0.005|+5.88|8,003
518327|PCHEM-C27|0.130|0.000|0.000|0.000|0.00|0
518328|PCHEM-C28|0.115|0.000|0.000|0.000|0.00|0
518329|PCHEM-C29|0.145|0.145|0.145|0.000|0.00|1,044
518330|PCHEM-C30|0.175|0.185|0.185|+0.010|+5.71|3,000
518331|PCHEM-C31|0.090|0.000|0.000|0.000|0.00|0
6254|PDZ|0.035|0.030|0.035|0.000|0.00|2,100
6254WB|PDZ-WB|0.010|0.000|0.000|0.000|0.00|0
5622|PEB|0.850|0.900|0.900|+0.050|+5.88|3
5271|PECCA|1.060|1.060|1.060|0.000|0.00|4,391
5231|PELIKAN|0.360|0.350|0.355|-0.005|-1.39|1,352
5133|PENERGY|1.050|1.060|1.040|-0.010|-0.95|4,169
9997|PENSONI|0.400|0.430|0.400|0.000|0.00|2,860
9997WB|PENSONI-WB|0.115|0.110|0.110|-0.005|-4.35|200
7160|PENTA|3.470|3.480|3.510|+0.040|+1.15|4,251
7108|PERDANA|0.415|0.415|0.410|-0.005|-1.20|185,467
0047|PERISAI|0.005|0.000|0.000|0.000|0.00|0
7080|PERMAJU|0.495|0.495|0.510|+0.015|+3.03|203,012
5436|PERSTIM|4.900|4.920|4.910|+0.010|+0.20|56
8311|PESONA|0.235|0.240|0.240|+0.005|+2.13|7,378
8311WC|PESONA-WC|0.045|0.045|0.045|0.000|0.00|2,885
5219|PESTECH|1.030|1.050|1.020|-0.010|-0.97|1,665
5681|PETDAG|24.900|25.100|25.000|+0.100|+0.40|5,082
5681CX|PETDAG-CX|0.055|0.055|0.055|0.000|0.00|900
6033|PETGAS|17.680|17.820|17.620|-0.060|-0.34|9,138
6033CS|PETGAS-CS|0.010|0.000|0.000|0.000|0.00|0
3042|PETRONM|6.550|6.520|6.610|+0.060|+0.92|491
3042CS|PETRONM-CS|0.035|0.000|0.000|0.000|0.00|0
3042CT|PETRONM-CT|0.150|0.000|0.000|0.000|0.00|0
3611|PGLOBE|1.040|1.000|1.000|-0.040|-3.85|30
3611WA|PGLOBE-WA|0.075|0.000|0.000|0.000|0.00|0
7081|PHARMA|2.270|2.280|2.270|0.000|0.00|989
4464|PHB|0.020|0.020|0.025|+0.005|+25.00|75,835
7201|PICORP|0.135|0.145|0.135|0.000|0.00|6,678
7095|PIE|1.570|1.570|1.560|-0.010|-0.64|3,321
0006|PINEAPP|0.320|0.000|0.000|0.000|0.00|0
1902|PINEPAC|0.330|0.325|0.330|0.000|0.00|1,704
0527C2|PINGAN-C2|0.100|0.000|0.000|0.000|0.00|0
0527C3|PINGAN-C3|0.415|0.440|0.455|+0.040|+9.64|15,828
7163|PJBUMI|0.315|0.000|0.000|0.000|0.00|0
7163WA|PJBUMI-WA|0.050|0.000|0.000|0.000|0.00|0
0171|PLABS|0.310|0.305|0.310|0.000|0.00|1,040
7055|PLB|1.150|1.150|1.170|+0.020|+1.74|20
5075|PLENITU|1.510|0.000|0.000|0.000|0.00|0
9695|PLS|0.960|0.960|0.970|+0.010|+1.04|11,319
7172|PMBTECH|3.330|3.330|3.350|+0.020|+0.60|480
7172LA|PMBTECH-LA|3.620|0.000|0.000|0.000|0.00|0
7172WA|PMBTECH-WA|1.590|1.560|1.560|-0.030|-1.89|10
4081|PMCORP|0.140|0.140|0.140|0.000|0.00|100
8869|PMETAL|4.550|4.590|4.510|-0.040|-0.88|38,258
886915|PMETAL-C15|0.055|0.065|0.050|-0.005|-9.09|7,517
886917|PMETAL-C17|0.010|0.000|0.000|0.000|0.00|0
886918|PMETAL-C18|0.120|0.000|0.000|0.000|0.00|0
886919|PMETAL-C19|0.070|0.000|0.000|0.000|0.00|0
886920|PMETAL-C20|0.050|0.000|0.000|0.000|0.00|0
886921|PMETAL-C21|0.035|0.000|0.000|0.000|0.00|0
886922|PMETAL-C22|0.035|0.040|0.035|0.000|0.00|400
886923|PMETAL-C23|0.180|0.000|0.000|0.000|0.00|0
886924|PMETAL-C24|0.095|0.000|0.000|0.000|0.00|0
886925|PMETAL-C25|0.165|0.160|0.155|-0.010|-6.06|400
886926|PMETAL-C26|0.135|0.135|0.125|-0.010|-7.41|336
886927|PMETAL-C27|0.145|0.130|0.125|-0.020|-13.79|8
886928|PMETAL-C28|0.150|0.155|0.155|+0.005|+3.33|1,000
8869WC|PMETAL-WC|4.150|4.160|4.050|-0.100|-2.41|884
1287|PMHLDG|0.040|0.045|0.040|0.000|0.00|2,254
6637|PNEPCB|0.500|0.520|0.520|+0.020|+4.00|18
5080|POHKONG|0.490|0.000|0.000|0.000|0.00|0
7088|POHUAT|1.520|1.510|1.530|+0.010|+0.66|716
7088WB|POHUAT-WB|0.510|0.510|0.510|0.000|0.00|50
8117|POLY|0.440|0.430|0.465|+0.025|+5.68|160
03007|POLYMER|0.170|0.000|0.000|0.000|0.00|0
4634|POS|1.880|1.890|1.830|-0.050|-2.66|9,606
463421|POS-C21|0.005|0.000|0.000|0.000|0.00|0
463422|POS-C22|0.005|0.000|0.000|0.000|0.00|0
463423|POS-C23|0.005|0.000|0.000|0.000|0.00|0
463424|POS-C24|0.005|0.000|0.000|0.000|0.00|0
463425|POS-C25|0.005|0.000|0.000|0.000|0.00|0
463426|POS-C26|0.005|0.000|0.000|0.000|0.00|0
463427|POS-C27|0.005|0.010|0.010|+0.005|+100.00|1,500
463428|POS-C28|0.005|0.000|0.000|0.000|0.00|0
463429|POS-C29|0.035|0.000|0.000|0.000|0.00|0
463430|POS-C30|0.040|0.000|0.000|0.000|0.00|0
463431|POS-C31|0.070|0.075|0.070|0.000|0.00|1,650
463432|POS-C32|0.045|0.000|0.000|0.000|0.00|0
463433|POS-C33|0.100|0.105|0.105|+0.005|+5.00|404
463434|POS-C34|0.090|0.085|0.085|-0.005|-5.56|17,986
4065|PPB|18.080|18.180|18.320|+0.240|+1.33|7,248
4065CJ|PPB-CJ|0.115|0.000|0.000|0.000|0.00|0
7190|PPG|0.395|0.000|0.000|0.000|0.00|0
8273|PPHB|0.605|0.590|0.605|0.000|0.00|386
5204|PRESBHD|0.500|0.505|0.525|+0.025|+5.00|243,546
9873|PRESTAR|0.690|0.690|0.680|-0.010|-1.45|3,369
7168|PRG|0.740|0.740|0.740|0.000|0.00|100
7168WA|PRG-WA|0.345|0.335|0.335|-0.010|-2.90|1,767
0123|PRIVA|0.070|0.065|0.065|-0.005|-7.14|400
8346|PRKCORP|0.435|0.410|0.415|-0.020|-4.60|87
8966|PRLEXUS|0.555|0.550|0.550|-0.005|-0.90|920
8966WA|PRLEXUS-WA|0.080|0.085|0.085|+0.005|+6.25|200
5070|PRTASCO|0.260|0.260|0.265|+0.005|+1.92|7,894
5070WA|PRTASCO-WA|0.060|0.060|0.060|0.000|0.00|125
7145|PSIPTEK|0.130|0.125|0.125|-0.005|-3.85|11,550
7145WA|PSIPTEK-WA|0.025|0.020|0.025|0.000|0.00|1,113
9598|PTARAS|2.150|2.160|2.160|+0.010|+0.47|33
0038|PTB|0.145|0.140|0.135|-0.010|-6.90|865
0186|PTRANS|0.235|0.235|0.235|0.000|0.00|1,567
0186WA|PTRANS-WA|0.060|0.060|0.060|0.000|0.00|37,593
0007|PUC|0.095|0.095|0.095|0.000|0.00|113,689
0007WA|PUC-WA|0.065|0.000|0.000|0.000|0.00|0
6807|PUNCAK|0.360|0.360|0.360|0.000|0.00|1,899
7134|PWF|0.760|0.770|0.760|0.000|0.00|100
7134WA|PWF-WA|0.230|0.000|0.000|0.000|0.00|0
7123|PWORTH|0.055|0.055|0.050|-0.005|-9.09|30,616
7237|PWROOT|1.280|1.270|1.270|-0.010|-0.78|3,866
7237WA|PWROOT-WA|0.255|0.255|0.260|+0.005|+1.96|18
0196|QES|0.235|0.240|0.245|+0.010|+4.26|64,896
7084|QL|6.900|6.930|6.880|-0.020|-0.29|5,365
7084CL|QL-CL|0.050|0.000|0.000|0.000|0.00|0
7084CM|QL-CM|0.055|0.000|0.000|0.000|0.00|0
7084CN|QL-CN|0.085|0.090|0.080|-0.005|-5.88|4
7084CO|QL-CO|0.130|0.130|0.130|0.000|0.00|2,998
7544|QUALITY|0.815|0.000|0.000|0.000|0.00|0
7498|RALCO|0.260|0.000|0.000|0.000|0.00|0
7498WB|RALCO-WB|0.005|0.000|0.000|0.000|0.00|0
5272|RANHILL|1.330|1.340|1.310|-0.020|-1.50|1,536
7765|RAPID|5.740|5.680|5.940|+0.200|+3.48|27,147
9296|RCECAP|1.620|1.610|1.630|+0.010|+0.62|493
5256|REACH|0.300|0.300|0.300|0.000|0.00|30,878
5256WA|REACH-WA|0.055|0.055|0.060|+0.005|+9.09|5,100
03002|REDIDEA|0.280|0.000|0.000|0.000|0.00|0
0032|REDTONE|0.280|0.285|0.300|+0.020|+7.14|36,441
0032LA|REDTONE-LA|0.110|0.000|0.000|0.000|0.00|0
7232|RESINTC|0.310|0.285|0.310|0.000|0.00|535
0173|REV|0.210|0.200|0.200|-0.010|-4.76|975
0200|REVENUE|1.210|1.210|1.200|-0.010|-0.83|1,832
0200WA|REVENUE-WA|0.395|0.395|0.395|0.000|0.00|5,231
9946|REX|0.420|0.000|0.000|0.000|0.00|0
0106|REXIT|0.725|0.725|0.715|-0.010|-1.38|1,731
0037|RGB|0.210|0.210|0.210|0.000|0.00|15,311
9954|RGTBHD|0.175|0.175|0.180|+0.005|+2.86|6,915
9954WB|RGTBHD-WB|0.105|0.000|0.000|0.000|0.00|0
0202|RGTECH|0.230|0.230|0.235|+0.005|+2.17|550
1066|RHBBANK|5.690|5.660|5.700|+0.010|+0.18|51,954
106610|RHBBANKC10|0.090|0.000|0.000|0.000|0.00|0
106611|RHBBANKC11|0.040|0.000|0.000|0.000|0.00|0
106612|RHBBANKC12|0.090|0.085|0.085|-0.005|-5.56|300
106613|RHBBANKC13|0.070|0.075|0.070|0.000|0.00|461
5278|RHONEMA|0.730|0.730|0.750|+0.020|+2.74|100
9741|ROHAS|0.660|0.660|0.650|-0.010|-1.52|500
5113|RSAWIT|0.190|0.190|0.190|0.000|0.00|294
5270|RSENA|0.505|0.000|0.000|0.000|0.00|0
7803|RUBEREX|0.440|0.455|0.440|0.000|0.00|1,459
2542|RVIEW|3.000|3.020|3.020|+0.020|+0.67|50
5134|SAB|3.800|3.810|3.810|+0.010|+0.26|53
8567|SALCON|0.270|0.275|0.275|+0.005|+1.85|12,505
8567WB|SALCON-WB|0.080|0.085|0.090|+0.010|+12.50|6,959
0183|SALUTE|0.370|0.365|0.370|0.000|0.00|1,940
9822|SAM|7.810|7.750|7.790|-0.020|-0.26|35
5147|SAMCHEM|0.600|0.605|0.595|-0.005|-0.83|358
9113|SANBUMI|0.310|0.310|0.315|+0.005|+1.61|26,851
0541C9|SANDS-C9|0.115|0.000|0.000|0.000|0.00|0
0133|SANICHI|0.060|0.055|0.055|-0.005|-8.33|2,600
0133WC|SANICHI-WC|0.005|0.000|0.000|0.000|0.00|0
0133WD|SANICHI-WD|0.005|0.000|0.000|0.000|0.00|0
0133WE|SANICHI-WE|0.015|0.015|0.015|0.000|0.00|5,000
7811|SAPIND|0.740|0.750|0.760|+0.020|+2.70|40
5218|SAPNRG|0.335|0.335|0.335|0.000|0.00|1,034,787
5218PA|SAPNRG-PA|0.345|0.340|0.330|-0.015|-4.35|2,715
5218WA|SAPNRG-WA|0.130|0.130|0.130|0.000|0.00|619,172
521869|SAPNRGC69|0.005|0.000|0.000|0.000|0.00|0
521870|SAPNRGC70|0.060|0.000|0.000|0.000|0.00|0
521871|SAPNRGC71|0.005|0.000|0.000|0.000|0.00|0
521872|SAPNRGC72|0.005|0.000|0.000|0.000|0.00|0
521873|SAPNRGC73|0.030|0.000|0.000|0.000|0.00|0
521874|SAPNRGC74|0.030|0.000|0.000|0.000|0.00|0
521875|SAPNRGC75|0.080|0.080|0.080|0.000|0.00|40,500
521876|SAPNRGC76|0.075|0.080|0.075|0.000|0.00|999
4596|SAPRES|0.615|0.615|0.615|0.000|0.00|390
5252|SASBADI|0.230|0.230|0.230|0.000|0.00|27,379
5157|SAUDEE|0.320|0.320|0.320|0.000|0.00|130
5157WA|SAUDEE-WA|0.115|0.105|0.100|-0.015|-13.04|400
2569|SBAGAN|2.920|2.960|2.960|+0.040|+1.37|20
5207|SBCCORP|0.485|0.475|0.480|-0.005|-1.03|605
5170|SCABLE|0.340|0.340|0.350|+0.010|+2.94|7,837
0109|SCBUILD|0.025|0.025|0.030|+0.005|+20.00|42,712
0109WB|SCBUILD-WB|0.005|0.000|0.000|0.000|0.00|0
0158|SCC|0.520|0.515|0.515|-0.005|-0.96|10
7247|SCGM|1.070|1.060|1.040|-0.030|-2.80|1,277
7247WA|SCGM-WA|0.070|0.065|0.065|-0.005|-7.14|24
0161|SCH|0.130|0.000|0.000|0.000|0.00|0
0161WA|SCH-WA|0.040|0.000|0.000|0.000|0.00|0
9237|SCIB|0.585|0.585|0.585|0.000|0.00|140
0099|SCICOM|1.090|1.090|1.090|0.000|0.00|329
4731|SCIENTX|8.450|8.450|8.550|+0.100|+1.18|2,287
4731CF|SCIENTX-CF|0.060|0.060|0.060|0.000|0.00|100
7239|SCNWOLF|0.175|0.000|0.000|0.000|0.00|0
7158|SCOMI|0.055|0.050|0.050|-0.005|-9.09|9,486
7158WB|SCOMI-WB|0.015|0.015|0.010|-0.005|-33.33|521
7045|SCOMIES|0.085|0.085|0.085|0.000|0.00|16,203
0001|SCOMNET|0.755|0.760|0.790|+0.035|+4.64|15,032
0028|SCOPE|0.230|0.235|0.230|0.000|0.00|19,056
0028WA|SCOPE-WA|0.090|0.090|0.090|0.000|0.00|1,068
2224|SDRED|0.670|0.670|0.660|-0.010|-1.49|3,374
7073|SEACERA|0.340|0.340|0.345|+0.005|+1.47|343,611
7073WB|SEACERA-WB|0.005|0.000|0.000|0.000|0.00|0
7073WC|SEACERA-WC|0.040|0.040|0.045|+0.005|+12.50|4,972
4286|SEAL|0.340|0.340|0.340|0.000|0.00|70
5145|SEALINK|0.195|0.195|0.205|+0.010|+5.13|41,353
5163|SEB|0.365|0.365|0.380|+0.015|+4.11|331
0178|SEDANIA|0.130|0.130|0.135|+0.005|+3.85|7,825
7053|SEEHUP|0.910|0.000|0.000|0.000|0.00|0
03009|SEERS|0.100|0.000|0.000|0.000|0.00|0
9792|SEG|0.625|0.630|0.630|+0.005|+0.80|2,850
5250|SEM|1.480|1.470|1.480|0.000|0.00|1,006
5205|SENDAI|0.470|0.470|0.475|+0.005|+1.06|81,779
5279|SERBADK|3.820|3.830|3.770|-0.050|-1.31|19,819
5279CN|SERBADK-CN|0.005|0.000|0.000|0.000|0.00|0
5279CP|SERBADK-CP|0.060|0.000|0.000|0.000|0.00|0
5279CQ|SERBADK-CQ|0.170|0.000|0.000|0.000|0.00|0
5279CR|SERBADK-CR|0.125|0.125|0.125|0.000|0.00|500
5279CS|SERBADK-CS|0.090|0.000|0.000|0.000|0.00|0
7180|SERNKOU|0.525|0.000|0.000|0.000|0.00|0
7180WA|SERNKOU-WA|0.265|0.250|0.275|+0.010|+3.77|660
0055|SERSOL|0.105|0.000|0.000|0.000|0.00|0
0055WA|SERSOL-WA|0.045|0.040|0.040|-0.005|-11.11|499
5517|SHANG|5.600|5.600|5.570|-0.030|-0.54|8,799
4316|SHCHAN|0.370|0.370|0.440|+0.070|+18.92|134
7412|SHH|0.485|0.000|0.000|0.000|0.00|0
6017|SHL|2.360|2.320|2.400|+0.040|+1.69|42
5181|SIGGAS|0.970|0.980|0.935|-0.035|-3.61|7,972
7246|SIGN|0.495|0.500|0.490|-0.005|-1.01|409
7246WA|SIGN-WA|0.085|0.000|0.000|0.000|0.00|0
4197|SIME|2.230|2.220|2.230|0.000|0.00|79,911
419725|SIME-C25|0.005|0.000|0.000|0.000|0.00|0
419727|SIME-C27|0.005|0.000|0.000|0.000|0.00|0
419728|SIME-C28|0.015|0.000|0.000|0.000|0.00|0
419729|SIME-C29|0.040|0.000|0.000|0.000|0.00|0
419730|SIME-C30|0.035|0.000|0.000|0.000|0.00|0
419731|SIME-C31|0.035|0.000|0.000|0.000|0.00|0
419732|SIME-C32|0.090|0.090|0.095|+0.005|+5.56|12,000
419733|SIME-C33|0.055|0.000|0.000|0.000|0.00|0
419734|SIME-C34|0.150|0.000|0.000|0.000|0.00|0
5285|SIMEPLT|5.020|5.090|5.020|0.000|0.00|16,699
5285CH|SIMEPLT-CH|0.030|0.000|0.000|0.000|0.00|0
5285CI|SIMEPLT-CI|0.035|0.000|0.000|0.000|0.00|0
5285CJ|SIMEPLT-CJ|0.085|0.085|0.090|+0.005|+5.88|2,997
5285CK|SIMEPLT-CK|0.115|0.000|0.000|0.000|0.00|0
5288|SIMEPROP|1.100|1.100|1.110|+0.010|+0.91|18,621
5288CG|SIMEPROP-CG|0.020|0.000|0.000|0.000|0.00|0
5288CH|SIMEPROP-CH|0.050|0.000|0.000|0.000|0.00|0
5288CJ|SIMEPROP-CJ|0.020|0.000|0.000|0.000|0.00|0
5288CK|SIMEPROP-CK|0.045|0.000|0.000|0.000|0.00|0
5288CL|SIMEPROP-CL|0.060|0.000|0.000|0.000|0.00|0
5288CM|SIMEPROP-CM|0.120|0.130|0.135|+0.015|+12.50|7,500
8532|SINOTOP|0.270|0.270|0.270|0.000|0.00|40
9431|SJC|0.540|0.000|0.000|0.000|0.00|0
7115|SKBSHUT|0.580|0.000|0.000|0.000|0.00|0
7155|SKPRES|1.350|1.350|1.340|-0.010|-0.74|27,186
7155CN|SKPRES-CN|0.040|0.000|0.000|0.000|0.00|0
7155CO|SKPRES-CO|0.040|0.040|0.040|0.000|0.00|12,200
7155CP|SKPRES-CP|0.050|0.050|0.050|0.000|0.00|4,000
7155CQ|SKPRES-CQ|0.110|0.115|0.115|+0.005|+4.55|8,500
03008|SLIC|0.420|0.000|0.000|0.000|0.00|0
7248|SLP|1.220|1.220|1.220|0.000|0.00|30
9776|SMCAP|0.180|0.185|0.180|0.000|0.00|29,969
9776WC|SMCAP-WC|0.090|0.090|0.095|+0.005|+5.56|1,664
0203|SMETRIC|0.530|0.530|0.540|+0.010|+1.89|532
4375|SMI|0.170|0.170|0.170|0.000|0.00|3,326
7132|SMISCOR|0.480|0.000|0.000|0.000|0.00|0
0117|SMRT|0.115|0.120|0.120|+0.005|+4.35|50
0169|SMTRACK|0.095|0.000|0.000|0.000|0.00|0
7943|SNC|0.235|0.000|0.000|0.000|0.00|0
5213|SNTORIA|0.400|0.000|0.000|0.000|0.00|0
5213WA|SNTORIA-WA|0.005|0.000|0.000|0.000|0.00|0
5213WB|SNTORIA-WB|0.050|0.000|0.000|0.000|0.00|0
5242|SOLID|0.310|0.000|0.000|0.000|0.00|0
5242WA|SOLID-WA|0.070|0.000|0.000|0.000|0.00|0
0093|SOLUTN|0.085|0.085|0.085|0.000|0.00|570
0093WA|SOLUTN-WA|0.025|0.025|0.025|0.000|0.00|45
5126|SOP|2.470|0.000|0.000|0.000|0.00|0
0656CG|SP500-CG|0.730|0.825|0.820|+0.090|+12.33|484
0656CH|SP500-CH|1.390|1.450|1.450|+0.060|+4.32|600
0656CI|SP500-CI|0.860|0.000|0.000|0.000|0.00|0
0656HG|SP500-HG|0.175|0.155|0.160|-0.015|-8.57|184
0656HH|SP500-HH|0.285|0.270|0.265|-0.020|-7.02|418
0656HI|SP500-HI|0.800|0.000|0.000|0.000|0.00|0
1783|SPB|6.250|6.250|6.250|0.000|0.00|1,250
7103|SPRITZER|2.190|0.000|0.000|0.000|0.00|0
8664|SPSETIA|2.190|2.190|2.270|+0.080|+3.65|24,895
866410|SPSETIA-C10|0.010|0.000|0.000|0.000|0.00|0
866411|SPSETIA-C11|0.065|0.000|0.000|0.000|0.00|0
866412|SPSETIA-C12|0.090|0.080|0.095|+0.005|+5.56|800
866413|SPSETIA-C13|0.055|0.055|0.065|+0.010|+18.18|2,800
866414|SPSETIA-C14|0.105|0.120|0.130|+0.025|+23.81|8
866415|SPSETIA-C15|0.150|0.000|0.000|0.000|0.00|0
866416|SPSETIA-C16|0.070|0.070|0.075|+0.005|+7.14|20,000
8664PA|SPSETIA-PA|0.900|0.900|0.900|0.000|0.00|160
8664PB|SPSETIA-PB|0.770|0.000|0.000|0.000|0.00|0
0129|SRIDGE|0.205|0.205|0.205|0.000|0.00|4,772
0129WA|SRIDGE-WA|0.050|0.050|0.055|+0.005|+10.00|2,100
5665|SSTEEL|0.830|0.835|0.830|0.000|0.00|46
5665LB|SSTEEL-LB|0.760|0.000|0.000|0.000|0.00|0
6084|STAR|0.755|0.760|0.755|0.000|0.00|744
0140|STERPRO|0.165|0.160|0.185|+0.020|+12.12|6,927
0140WA|STERPRO-WA|0.030|0.030|0.035|+0.005|+16.67|4,000
7143|STONE|0.035|0.040|0.055|+0.020|+57.14|16,607
7143WA|STONE-WA|0.005|0.005|0.005|0.000|0.00|11,299
0080|STRAITS|0.270|0.270|0.270|0.000|0.00|50,265
0080WA|STRAITS-WA|0.165|0.170|0.170|+0.005|+3.03|31,869
6904|SUBUR|0.505|0.500|0.545|+0.040|+7.92|215
7207|SUCCESS|0.670|0.660|0.670|0.000|0.00|1,344
9865|SUIWAH|2.680|2.690|2.690|+0.010|+0.37|30
1201|SUMATEC|0.010|0.005|0.005|-0.005|-50.00|14,216
1201WA|SUMATEC-WA|0.005|0.005|0.010|+0.005|+100.00|4,674
5263|SUNCON|1.890|1.900|1.910|+0.020|+1.06|30,306
5263CU|SUNCON-CU|0.055|0.000|0.000|0.000|0.00|0
5263CV|SUNCON-CV|0.045|0.000|0.000|0.000|0.00|0
5263CW|SUNCON-CW|0.100|0.100|0.100|0.000|0.00|1,500
5176|SUNREIT|1.790|1.800|1.800|+0.010|+0.56|50,935
3743|SUNSURIA|0.625|0.655|0.675|+0.050|+8.00|435
3743WA|SUNSURIA-WA|0.035|0.040|0.045|+0.010|+28.57|674
5211|SUNWAY|1.690|1.680|1.680|-0.010|-0.59|75,510
5211WB|SUNWAY-WB|0.290|0.295|0.300|+0.010|+3.45|29,157
0148|SUNZEN|0.160|0.150|0.160|0.000|0.00|3,250
0148WA|SUNZEN-WA|0.045|0.000|0.000|0.000|0.00|0
0148WB|SUNZEN-WB|0.055|0.000|0.000|0.000|0.00|0
7235|SUPERLN|1.120|1.130|1.110|-0.010|-0.89|2,704
7106|SUPERMX|1.430|1.440|1.470|+0.040|+2.80|68,708
710648|SUPERMX-C48|0.005|0.000|0.000|0.000|0.00|0
710650|SUPERMX-C50|0.005|0.000|0.000|0.000|0.00|0
710652|SUPERMX-C52|0.005|0.000|0.000|0.000|0.00|0
710653|SUPERMX-C53|0.005|0.000|0.000|0.000|0.00|0
710654|SUPERMX-C54|0.040|0.000|0.000|0.000|0.00|0
710655|SUPERMX-C55|0.020|0.025|0.025|+0.005|+25.00|2,777
710656|SUPERMX-C56|0.075|0.080|0.090|+0.015|+20.00|5,450
710657|SUPERMX-C57|0.060|0.060|0.070|+0.010|+16.67|2,220
710658|SUPERMX-C58|0.040|0.040|0.040|0.000|0.00|4,950
710659|SUPERMX-C59|0.055|0.060|0.065|+0.010|+18.18|5,625
710660|SUPERMX-C60|0.030|0.000|0.000|0.000|0.00|0
710661|SUPERMX-C61|0.045|0.025|0.025|-0.020|-44.44|1,000
710662|SUPERMX-C62|0.050|0.055|0.060|+0.010|+20.00|10,845
710663|SUPERMX-C63|0.045|0.050|0.055|+0.010|+22.22|11,000
710664|SUPERMX-C64|0.070|0.070|0.075|+0.005|+7.14|1,200
710665|SUPERMX-C65|0.080|0.000|0.000|0.000|0.00|0
710666|SUPERMX-C66|0.065|0.070|0.070|+0.005|+7.69|3,920
710667|SUPERMX-C67|0.090|0.090|0.100|+0.010|+11.11|11,500
03018|SUPREME|0.680|0.000|0.000|0.000|0.00|0
6521|SURIA|1.390|1.370|1.380|-0.010|-0.72|463
5135|SWKPLNT|1.550|0.000|0.000|0.000|0.00|0
7186|SWSCAP|0.665|0.635|0.655|-0.010|-1.50|250
7186WB|SWSCAP-WB|0.075|0.000|0.000|0.000|0.00|0
9717|SYCAL|0.230|0.225|0.255|+0.025|+10.87|8,154
7082|SYF|0.220|0.220|0.220|0.000|0.00|999
7082WB|SYF-WB|0.005|0.000|0.000|0.000|0.00|0
1538|SYMLIFE|0.425|0.425|0.420|-0.005|-1.18|3,565
1538WB|SYMLIFE-WB|0.035|0.035|0.030|-0.005|-14.29|692
5173|SYSCORP|0.310|0.305|0.315|+0.005|+1.61|1,911
0050|SYSTECH|0.230|0.230|0.240|+0.010|+4.35|4,202
7228|T7GLOBAL|0.545|0.550|0.535|-0.010|-1.83|113,591
4898|TA|0.625|0.620|0.620|-0.005|-0.80|1,738
5012|TAANN|2.350|2.300|2.400|+0.050|+2.13|195
5012CM|TAANN-CM|0.080|0.000|0.000|0.000|0.00|0
4022|TADMAX|0.200|0.205|0.205|+0.005|+2.50|10,368
7211|TAFI|0.290|0.000|0.000|0.000|0.00|0
5158|TAGB|0.250|0.250|0.250|0.000|0.00|222
6139|TAKAFUL|4.880|4.900|4.980|+0.100|+2.05|10,193
6139CC|TAKAFUL-CC|0.105|0.110|0.110|+0.005|+4.76|3,693
6139CD|TAKAFUL-CD|0.160|0.000|0.000|0.000|0.00|0
2259|TALAMT|0.040|0.045|0.045|+0.005|+12.50|38,968
8524|TALIWRK|0.890|0.880|0.890|0.000|0.00|2,214
8524CE|TALIWRK-CE|0.140|0.000|0.000|0.000|0.00|0
5191|TAMBUN|0.775|0.775|0.775|0.000|0.00|3,982
2429|TANCO|0.050|0.050|0.055|+0.005|+10.00|52,830
2429WB|TANCO-WB|0.020|0.025|0.020|0.000|0.00|514
5149|TAS|0.285|0.285|0.295|+0.010|+3.51|10,595
5140|TASCO|1.630|1.670|1.660|+0.030|+1.84|2,210
4448|TASEK|4.890|4.930|4.960|+0.070|+1.43|375
4448P|TASEK-PA|10.100|0.000|0.000|0.000|0.00|0
7097|TAWIN|0.495|0.505|0.510|+0.015|+3.03|4,262
4405|TCHONG|1.510|1.500|1.510|0.000|0.00|1,547
0132|TDEX|0.070|0.075|0.080|+0.010|+14.29|9,124
2054|TDM|0.165|0.165|0.170|+0.005|+3.03|6,271
0084|TECFAST|0.315|0.325|0.320|+0.005|+1.59|6,940
7439|TECGUAN|1.450|1.450|1.390|-0.060|-4.14|3,506
5289|TECHBND|0.750|0.755|0.795|+0.045|+6.00|4,039
7200|TEKSENG|0.240|0.235|0.235|-0.005|-2.08|2,375
7200WA|TEKSENG-WA|0.035|0.035|0.040|+0.005|+14.29|1,200
5347|TENAGA|12.520|12.640|12.660|+0.140|+1.12|51,716
534747|TENAGA-C47|0.050|0.000|0.000|0.000|0.00|0
534749|TENAGA-C49|0.005|0.005|0.005|0.000|0.00|1,100
534750|TENAGA-C50|0.035|0.035|0.035|0.000|0.00|4,200
534751|TENAGA-C51|0.030|0.000|0.000|0.000|0.00|0
534752|TENAGA-C52|0.040|0.000|0.000|0.000|0.00|0
534753|TENAGA-C53|0.045|0.045|0.045|0.000|0.00|3,450
534754|TENAGA-C54|0.075|0.075|0.085|+0.010|+13.33|37,150
534755|TENAGA-C55|0.090|0.090|0.095|+0.005|+5.56|21,000
534756|TENAGA-C56|0.180|0.180|0.190|+0.010|+5.56|6,000
0546C7|TENCENT-C7|0.165|0.000|0.000|0.000|0.00|0
7252|TEOSENG|1.200|1.200|1.220|+0.020|+1.67|4,576
7252WA|TEOSENG-WA|0.230|0.000|0.000|0.000|0.00|0
8702|TEXCHEM|0.685|0.645|0.700|+0.015|+2.19|30
0089|TEXCYCL|0.530|0.000|0.000|0.000|0.00|0
0145|TFP|0.105|0.095|0.105|0.000|0.00|201
9369|TGL|1.000|0.000|0.000|0.000|0.00|0
7034|TGUAN|2.520|2.520|2.530|+0.010|+0.40|220
7034LA|TGUAN-LA|2.570|0.000|0.000|0.000|0.00|0
7034WA|TGUAN-WA|1.020|1.030|1.030|+0.010|+0.98|30
9075|THETA|0.390|0.395|0.395|+0.005|+1.28|9
7206|THHEAVY|0.060|0.055|0.060|0.000|0.00|11,092
7206PB|THHEAVY-PB|0.075|0.000|0.000|0.000|0.00|0
5112|THPLANT|0.525|0.525|0.520|-0.005|-0.95|970
7889|THRIVEN|0.225|0.230|0.230|+0.005|+2.22|3,888
7889WB|THRIVEN-WB|0.065|0.065|0.065|0.000|0.00|1,954
7374|TIENWAH|1.380|1.380|1.380|0.000|0.00|100
7079|TIGER|0.075|0.065|0.070|-0.005|-6.67|234,541
7079WC|TIGER-WC|0.020|0.020|0.020|0.000|0.00|100
5031|TIMECOM|8.660|8.700|8.700|+0.040|+0.46|17,955
7854|TIMWELL|0.650|0.000|0.000|0.000|0.00|0
5239|TITIJYA|0.300|0.300|0.300|0.000|0.00|20,112
5239PA|TITIJYA-PA|0.030|0.030|0.030|0.000|0.00|1,100
4863|TM|3.200|3.200|3.200|0.000|0.00|34,523
486327|TM-C27|0.005|0.000|0.000|0.000|0.00|0
486328|TM-C28|0.005|0.005|0.005|0.000|0.00|9,500
486330|TM-C30|0.045|0.000|0.000|0.000|0.00|0
486331|TM-C31|0.050|0.000|0.000|0.000|0.00|0
486332|TM-C32|0.015|0.000|0.000|0.000|0.00|0
486333|TM-C33|0.065|0.000|0.000|0.000|0.00|0
486334|TM-C34|0.085|0.000|0.000|0.000|0.00|0
486335|TM-C35|0.110|0.000|0.000|0.000|0.00|0
486336|TM-C36|0.235|0.000|0.000|0.000|0.00|0
486337|TM-C37|0.360|0.000|0.000|0.000|0.00|0
486338|TM-C38|0.185|0.000|0.000|0.000|0.00|0
486339|TM-C39|0.230|0.240|0.245|+0.015|+6.52|600
486340|TM-C40|0.165|0.000|0.000|0.000|0.00|0
486341|TM-C41|0.090|0.090|0.090|0.000|0.00|2,500
0101|TMCLIFE|0.735|0.725|0.725|-0.010|-1.36|289
0101WB|TMCLIFE-WB|0.010|0.010|0.010|0.000|0.00|7,067
8397|TNLOGIS|0.590|0.590|0.605|+0.015|+2.54|951
7218|TOCEAN|0.615|0.615|0.615|0.000|0.00|523
7230|TOMEI|0.500|0.500|0.540|+0.040|+8.00|112
7285|TOMYPAK|0.475|0.475|0.485|+0.010|+2.11|2,081
7285WA|TOMYPAK-WA|0.125|0.120|0.130|+0.005|+4.00|1,450
5010|TONGHER|3.510|3.480|3.550|+0.040|+1.14|63
7113|TOPGLOV|4.490|4.500|4.620|+0.130|+2.90|119,083
711333|TOPGLOV-C33|0.005|0.000|0.000|0.000|0.00|0
711341|TOPGLOV-C41|0.005|0.005|0.005|0.000|0.00|3,610
711342|TOPGLOV-C42|0.020|0.020|0.025|+0.005|+25.00|11,098
711343|TOPGLOV-C43|0.025|0.030|0.035|+0.010|+40.00|1,500
711344|TOPGLOV-C44|0.025|0.030|0.035|+0.010|+40.00|10,048
711345|TOPGLOV-C45|0.080|0.085|0.090|+0.010|+12.50|11,755
711346|TOPGLOV-C46|0.070|0.075|0.085|+0.015|+21.43|23,610
711347|TOPGLOV-C47|0.090|0.000|0.000|0.000|0.00|0
711348|TOPGLOV-C48|0.070|0.070|0.070|0.000|0.00|2,472
711349|TOPGLOV-C49|0.130|0.135|0.145|+0.015|+11.54|65,690
711350|TOPGLOV-C50|0.090|0.100|0.105|+0.015|+16.67|2,400
711351|TOPGLOV-C51|0.135|0.145|0.145|+0.010|+7.41|18,200
711352|TOPGLOV-C52|0.190|0.195|0.210|+0.020|+10.53|19,315
03013|TOPVISN|0.400|0.000|0.000|0.000|0.00|0
7173|TOYOINK|0.620|0.620|0.620|0.000|0.00|134
7173WB|TOYOINK-WB|0.085|0.085|0.085|0.000|0.00|1,947
7176|TPC|0.415|0.410|0.415|0.000|0.00|1,780
7176WA|TPC-WA|0.220|0.000|0.000|0.000|0.00|0
5054|TRC|0.630|0.630|0.620|-0.010|-1.59|21,838
0199|TRIMODE|0.435|0.450|0.435|0.000|0.00|548
0118|TRIVE|0.020|0.020|0.015|-0.005|-25.00|2,160
0118WB|TRIVE-WB|0.005|0.000|0.000|0.000|0.00|0
5401|TROP|0.880|0.870|0.865|-0.015|-1.70|1,250
5401WA|TROP-WA|0.020|0.020|0.020|0.000|0.00|4
9059|TSH|1.080|1.030|1.050|-0.030|-2.78|340
5042|TSRCAP|0.400|0.400|0.400|0.000|0.00|5
5042WB|TSRCAP-WB|0.045|0.000|0.000|0.000|0.00|0
5230|TUNEPRO|0.665|0.665|0.670|+0.005|+0.75|3,720
5167|TURBO|0.765|0.000|0.000|0.000|0.00|0
4359|TURIYA|0.155|0.150|0.150|-0.005|-3.23|10
5111|TWRREIT|0.895|0.000|0.000|0.000|0.00|0
7100|UCHITEC|2.670|2.650|2.670|0.000|0.00|1,109
7100CE|UCHITEC-CE|0.025|0.000|0.000|0.000|0.00|0
7100CF|UCHITEC-CF|0.095|0.095|0.095|0.000|0.00|1,499
0005|UCREST|0.255|0.260|0.260|+0.005|+1.96|25,889
5148|UEMS|0.825|0.820|0.820|-0.005|-0.61|16,452
514864|UEMS-C64|0.040|0.000|0.000|0.000|0.00|0
514865|UEMS-C65|0.070|0.070|0.070|0.000|0.00|1,797
514866|UEMS-C66|0.050|0.060|0.055|+0.005|+10.00|3,000
7133|ULICORP|0.420|0.420|0.425|+0.005|+1.19|1,905
2593|UMCCA|5.450|5.400|5.440|-0.010|-0.18|324
7137|UMS|2.050|2.060|2.000|-0.050|-2.44|72
7227|UMSNGB|0.990|0.990|0.995|+0.005|+0.51|150
4588|UMW|5.750|5.750|5.730|-0.020|-0.35|5,385
458811|UMW-C11|0.035|0.000|0.000|0.000|0.00|0
458812|UMW-C12|0.210|0.000|0.000|0.000|0.00|0
458813|UMW-C13|0.185|0.185|0.185|0.000|0.00|4
458814|UMW-C14|0.180|0.180|0.185|+0.005|+2.78|998
458815|UMW-C15|0.185|0.195|0.190|+0.005|+2.70|324
458816|UMW-C16|0.105|0.000|0.000|0.000|0.00|0
458817|UMW-C17|0.100|0.100|0.100|0.000|0.00|1,600
7091|UNIMECH|1.050|1.080|1.080|+0.030|+2.86|831
5005|UNISEM|2.610|2.680|2.650|+0.040|+1.53|90
500511|UNISEM-C11|0.220|0.000|0.000|0.000|0.00|0
500514|UNISEM-C14|0.045|0.000|0.000|0.000|0.00|0
500515|UNISEM-C15|0.060|0.000|0.000|0.000|0.00|0
03017|UNIWALL|0.320|0.000|0.000|0.000|0.00|0
5200|UOADEV|2.160|2.160|2.150|-0.010|-0.46|8,293
5110|UOAREIT|1.370|1.370|1.400|+0.030|+2.19|747
7757|UPA|2.240|0.000|0.000|0.000|0.00|0
2089|UTDPLT|27.380|27.500|27.320|-0.060|-0.22|114
5754|UTUSAN|0.155|0.155|0.150|-0.005|-3.23|276
7250|UZMA|0.930|0.930|0.920|-0.010|-1.08|14,220
0060|VC|0.175|0.175|0.180|+0.005|+2.86|4,115
5243|VELESTO|0.280|0.285|0.285|+0.005|+1.79|139,762
524325|VELESTO-C25|0.025|0.000|0.000|0.000|0.00|0
524326|VELESTO-C26|0.120|0.000|0.000|0.000|0.00|0
524327|VELESTO-C27|0.095|0.095|0.095|0.000|0.00|1,000
5243WA|VELESTO-WA|0.110|0.110|0.115|+0.005|+4.55|33,610
4995|VERSATL|0.365|0.370|0.365|0.000|0.00|2,815
7240|VERTICE|0.865|0.900|0.895|+0.030|+3.47|68
7240WA|VERTICE-WA|0.500|0.000|0.000|0.000|0.00|0
0120|VIS|0.425|0.430|0.410|-0.015|-3.53|22,383
0120WB|VIS-WB|0.155|0.160|0.140|-0.015|-9.68|17,473
0097|VITROX|7.320|7.330|7.180|-0.140|-1.91|523
0097CL|VITROX-CL|0.005|0.000|0.000|0.000|0.00|0
0097CM|VITROX-CM|0.060|0.060|0.060|0.000|0.00|100
0069|VIVOCOM|0.020|0.020|0.020|0.000|0.00|300
0069WC|VIVOCOM-WC|0.005|0.000|0.000|0.000|0.00|0
0069WD|VIVOCOM-WD|0.005|0.000|0.000|0.000|0.00|0
0069WE|VIVOCOM-WE|0.010|0.005|0.005|-0.005|-50.00|1,216
7070|VIZIONE|0.965|0.965|0.960|-0.005|-0.52|9,094
7070LA|VIZIONE-LA|0.070|0.000|0.000|0.000|0.00|0
7070WC|VIZIONE-WC|0.380|0.000|0.000|0.000|0.00|0
6963|VS|1.070|1.070|1.070|0.000|0.00|142,345
696310|VS-C10|0.105|0.105|0.105|0.000|0.00|50,380
696311|VS-C11|0.205|0.000|0.000|0.000|0.00|0
696312|VS-C12|0.090|0.090|0.090|0.000|0.00|29,000
696313|VS-C13|0.110|0.110|0.115|+0.005|+4.55|9,395
696314|VS-C14|0.075|0.075|0.075|0.000|0.00|40
696315|VS-C15|0.165|0.170|0.165|0.000|0.00|22,672
6963C5|VS-C5|0.005|0.000|0.000|0.000|0.00|0
6963C7|VS-C7|0.005|0.000|0.000|0.000|0.00|0
6963C8|VS-C8|0.180|0.000|0.000|0.000|0.00|0
6963C9|VS-C9|0.150|0.155|0.150|0.000|0.00|46,600
0066|VSOLAR|0.210|0.210|0.205|-0.005|-2.38|280,655
5162|VSTECS|0.990|0.990|0.985|-0.005|-0.51|1,111
7203|WANGZNG|1.120|0.000|0.000|0.000|0.00|0
5016|WARISAN|2.100|2.100|2.100|0.000|0.00|1
5142|WASEONG|0.770|0.765|0.775|+0.005|+0.65|2,523
7226|WATTA|0.790|0.790|0.800|+0.010|+1.27|280
3565|WCEHB|0.540|0.530|0.530|-0.010|-1.85|313
9679|WCT|0.820|0.820|0.830|+0.010|+1.22|23,358
967914|WCT-C14|0.010|0.000|0.000|0.000|0.00|0
967915|WCT-C15|0.015|0.000|0.000|0.000|0.00|0
967916|WCT-C16|0.035|0.040|0.040|+0.005|+14.29|2,000
9679WE|WCT-WE|0.065|0.065|0.070|+0.005|+7.69|12,336
0197|WEGMANS|0.325|0.320|0.325|0.000|0.00|2,432
0197WA|WEGMANS-WA|0.135|0.135|0.135|0.000|0.00|765
7231|WELLCAL|1.250|1.240|1.260|+0.010|+0.80|252
0162|WIDAD|0.300|0.305|0.325|+0.025|+8.33|190,386
0162WA|WIDAD-WA|0.095|0.090|0.095|0.000|0.00|164,735
7692|WIDETEC|0.560|0.560|0.560|0.000|0.00|69
0008|WILLOW|0.445|0.450|0.480|+0.035|+7.87|2,850
0141|WINTONI|0.035|0.000|0.000|0.000|0.00|0
6378|WMG|0.125|0.000|0.000|0.000|0.00|0
7050|WONG|0.555|0.555|0.570|+0.015|+2.70|480
7025|WOODLAN|0.730|0.000|0.000|0.000|0.00|0
5246|WPRTS|3.700|3.690|3.760|+0.060|+1.62|7,458
5246CX|WPRTS-CX|0.050|0.000|0.000|0.000|0.00|0
5246CY|WPRTS-CY|0.120|0.130|0.130|+0.010|+8.33|290
5246CZ|WPRTS-CZ|0.150|0.000|0.000|0.000|0.00|0
5009|WTHORSE|1.070|0.000|0.000|0.000|0.00|0
4243|WTK|0.605|0.605|0.605|0.000|0.00|19,477
7245|WZSATU|0.285|0.280|0.285|0.000|0.00|3,050
7245WA|WZSATU-WA|0.115|0.115|0.115|0.000|0.00|760
5156|XDL|0.095|0.095|0.090|-0.005|-5.26|143,891
5156WD|XDL-WD|0.010|0.010|0.015|+0.005|+50.00|6,050
7121|XIANLNG|0.430|0.000|0.000|0.000|0.00|0
0581C1|XIAOMI-C1|0.010|0.000|0.000|0.000|0.00|0
0581C2|XIAOMI-C2|0.135|0.140|0.140|+0.005|+3.70|12,700
0095|XINGHE|0.030|0.030|0.030|0.000|0.00|9,420
5267|XINHWA|0.800|0.770|0.800|0.000|0.00|175
5155|XINQUAN|0.055|0.000|0.000|0.000|0.00|0
5155WA|XINQUAN-WA|0.005|0.000|0.000|0.000|0.00|0
5155WB|XINQUAN-WB|0.015|0.000|0.000|0.000|0.00|0
0165|XOX|0.050|0.050|0.050|0.000|0.00|4,300
7003|Y&G|0.910|0.000|0.000|0.000|0.00|0
7003WA|Y&G-WA|0.100|0.000|0.000|0.000|0.00|0
0025|YBS|0.130|0.130|0.130|0.000|0.00|3,000
5584|YEELEE|1.910|1.910|1.910|0.000|0.00|30
7122|YFG|0.005|0.000|0.000|0.000|0.00|0
0086|YGL|0.115|0.000|0.000|0.000|0.00|0
5048|YILAI|0.625|0.000|0.000|0.000|0.00|0
7293|YINSON|4.580|4.600|4.600|+0.020|+0.44|24,304
7293CT|YINSON-CT|0.030|0.035|0.040|+0.010|+33.33|11,658
7293CV|YINSON-CV|0.055|0.000|0.000|0.000|0.00|0
7293CW|YINSON-CW|0.110|0.000|0.000|0.000|0.00|0
7293CX|YINSON-CX|0.150|0.000|0.000|0.000|0.00|0
7020|YKGI|0.115|0.120|0.115|0.000|0.00|1,490
7020WB|YKGI-WB|0.015|0.015|0.015|0.000|0.00|2,650
7014|YLI|0.315|0.280|0.280|-0.035|-11.11|30
3158|YNHPROP|1.200|1.160|1.190|-0.010|-0.83|79,879
5159|YOCB|1.170|1.170|1.170|0.000|0.00|100
7066|YONGTAI|0.345|0.345|0.355|+0.010|+2.90|19,669
7066PA|YONGTAI-PA|0.210|0.210|0.210|0.000|0.00|1,099
7066WA|YONGTAI-WA|0.090|0.090|0.090|0.000|0.00|600
7178|YSPSAH|2.860|2.850|2.850|-0.010|-0.35|100
4677|YTL|1.050|1.050|1.060|+0.010|+0.95|38,064
467722|YTL-C22|0.050|0.000|0.000|0.000|0.00|0
467723|YTL-C23|0.065|0.055|0.055|-0.010|-15.38|854
467724|YTL-C24|0.070|0.000|0.000|0.000|0.00|0
467725|YTL-C25|0.155|0.145|0.150|-0.005|-3.23|7,998
2577|YTLLAND|0.380|0.385|0.385|+0.005|+1.32|1,494
2577LA|YTLLAND-LA|0.360|0.000|0.000|0.000|0.00|0
6742|YTLPOWR|0.855|0.850|0.860|+0.005|+0.58|8,411
6742C5|YTLPOWR-C5|0.005|0.000|0.000|0.000|0.00|0
6742C6|YTLPOWR-C6|0.045|0.000|0.000|0.000|0.00|0
6742C7|YTLPOWR-C7|0.150|0.000|0.000|0.000|0.00|0
6742C8|YTLPOWR-C8|0.095|0.000|0.000|0.000|0.00|0
5109|YTLREIT|1.290|1.290|1.280|-0.010|-0.78|331
7028|ZECON|0.255|0.255|0.265|+0.010|+3.92|30,522
2283|ZELAN|0.085|0.085|0.085|0.000|0.00|17,389
5131|ZHULIAN|1.380|0.000|0.000|0.000|0.00|0
0012|3A|0.935|0.930|0.935|0.000|0.00|1,385
