070322|A50CHIN-C22|0.055|0.000|0.000|0.000|0.00|0
070324|A50CHIN-C24|0.815|0.000|0.000|0.000|0.00|0
070326|A50CHIN-C26|0.495|0.000|0.000|0.000|0.00|0
070328|A50CHIN-C28|0.215|0.195|0.210|-0.005|-2.33|13,886
070330|A50CHIN-C30|0.275|0.250|0.265|-0.010|-3.64|11,190
070332|A50CHIN-C32|0.720|0.000|0.000|0.000|0.00|0
070334|A50CHIN-C34|0.895|0.000|0.000|0.000|0.00|0
070336|A50CHIN-C36|0.490|0.460|0.480|-0.010|-2.04|58,912
070338|A50CHIN-C38|0.195|0.190|0.185|-0.010|-5.13|49,737
070321|A50CHIN-H21|0.050|0.000|0.000|0.000|0.00|0
070323|A50CHIN-H23|0.005|0.000|0.000|0.000|0.00|0
070325|A50CHIN-H25|0.035|0.000|0.000|0.000|0.00|0
070327|A50CHIN-H27|0.080|0.075|0.075|-0.005|-6.25|513
070329|A50CHIN-H29|0.415|0.440|0.420|+0.005|+1.20|132,050
7054|AASIA|0.160|0.000|0.000|0.000|0.00|0
5238|AAX|0.245|0.245|0.245|0.000|0.00|28,738
523821|AAX-C21|0.005|0.000|0.000|0.000|0.00|0
5238WA|AAX-WA|0.045|0.045|0.050|+0.005|+11.11|15,429
0800EA|ABFMY1|1.179|0.000|0.000|0.000|0.00|0
7086|ABLEGRP|0.070|0.070|0.070|0.000|0.00|500
2488|ABMB|4.070|4.080|4.040|-0.030|-0.74|11,516
2488CY|ABMB-CY|0.100|0.000|0.000|0.000|0.00|0
7131|ACME|0.250|0.000|0.000|0.000|0.00|0
7120|ACOSTEC|0.415|0.420|0.425|+0.010|+2.41|12,758
5281|ADVCON|0.425|0.420|0.410|-0.015|-3.53|5,681
7191|ADVENTA|0.355|0.355|0.355|0.000|0.00|50
9148|ADVPKG|1.860|1.980|1.850|-0.010|-0.54|30
7146|AEM|0.110|0.110|0.105|-0.005|-4.55|750
7146WA|AEM-WA|0.005|0.000|0.000|0.000|0.00|0
0181|AEMULUS|0.240|0.245|0.240|0.000|0.00|12,115
6599|AEON|1.450|1.450|1.520|+0.070|+4.83|8,382
6599CO|AEON-CO|0.030|0.030|0.035|+0.005|+16.67|10,523
6599CP|AEON-CP|0.050|0.000|0.000|0.000|0.00|0
6599CQ|AEON-CQ|0.030|0.000|0.000|0.000|0.00|0
5139|AEONCR|16.800|16.700|16.800|0.000|0.00|2,803
5139LA|AEONCR-LA|1.590|1.540|1.540|-0.050|-3.14|160
5185|AFFIN|2.220|2.230|2.190|-0.030|-1.35|4,207
5198|AFUJIYA|0.520|0.000|0.000|0.000|0.00|0
7315|AHB|0.135|0.135|0.145|+0.010|+7.41|12,902
7315WB|AHB-WB|0.010|0.015|0.010|0.000|0.00|17,391
7090|AHEALTH|9.020|9.000|8.870|-0.150|-1.66|933
4952|AHP|0.775|0.770|0.770|-0.005|-0.65|39
0122|AIM|0.250|0.000|0.000|0.000|0.00|0
5099|AIRASIA|2.700|2.710|2.700|0.000|0.00|47,270
509959|AIRASIAC59|0.020|0.000|0.000|0.000|0.00|0
509967|AIRASIAC67|0.080|0.075|0.075|-0.005|-6.25|4,100
509968|AIRASIAC68|0.005|0.000|0.000|0.000|0.00|0
509969|AIRASIAC69|0.005|0.000|0.000|0.000|0.00|0
509970|AIRASIAC70|0.005|0.000|0.000|0.000|0.00|0
509971|AIRASIAC71|0.065|0.065|0.060|-0.005|-7.69|16,838
509972|AIRASIAC72|0.175|0.165|0.165|-0.010|-5.71|2,500
509973|AIRASIAC73|0.190|0.185|0.185|-0.005|-2.63|919
509974|AIRASIAC74|0.305|0.000|0.000|0.000|0.00|0
509975|AIRASIAC75|0.115|0.115|0.115|0.000|0.00|600
509976|AIRASIAC76|0.070|0.000|0.000|0.000|0.00|0
509977|AIRASIAC77|0.070|0.065|0.065|-0.005|-7.14|5,911
509978|AIRASIAC78|0.095|0.090|0.090|-0.005|-5.26|400
509979|AIRASIAC79|0.045|0.040|0.040|-0.005|-11.11|2,300
509980|AIRASIAC80|0.050|0.000|0.000|0.000|0.00|0
5014|AIRPORT|7.290|7.290|7.270|-0.020|-0.27|17,734
5014C4|AIRPORT-C4|0.025|0.000|0.000|0.000|0.00|0
5014C5|AIRPORT-C5|0.030|0.000|0.000|0.000|0.00|0
5014C6|AIRPORT-C6|0.075|0.000|0.000|0.000|0.00|0
5014C7|AIRPORT-C7|0.050|0.055|0.055|+0.005|+10.00|2,503
5014C8|AIRPORT-C8|0.150|0.000|0.000|0.000|0.00|0
2682|AISB|0.265|0.245|0.295|+0.030|+11.32|242
2658|AJI|17.880|17.880|18.000|+0.120|+0.67|132
7609|AJIYA|0.530|0.525|0.530|0.000|0.00|630
7609WA|AJIYA-WA|0.100|0.000|0.000|0.000|0.00|0
5115|ALAM|0.105|0.105|0.110|+0.005|+4.76|36,933
5116|ALAQAR|1.390|1.390|1.370|-0.020|-1.44|3,702
2674|ALCOM|0.530|0.550|0.550|+0.020|+3.77|1
1163|ALLIANZ|14.500|14.500|14.500|0.000|0.00|10
1163PA|ALLIANZ-PA|14.300|0.000|0.000|0.000|0.00|0
5269|ALSREIT|0.850|0.850|0.845|-0.005|-0.59|27
1015|AMBANK|4.530|4.560|4.530|0.000|0.00|18,777
101510|AMBANK-C10|0.175|0.000|0.000|0.000|0.00|0
101511|AMBANK-C11|0.165|0.000|0.000|0.000|0.00|0
101512|AMBANK-C12|0.125|0.125|0.130|+0.005|+4.00|4,250
101513|AMBANK-C13|0.085|0.000|0.000|0.000|0.00|0
0159|AMEDIA|0.155|0.155|0.155|0.000|0.00|70
5120|AMFIRST|0.535|0.540|0.530|-0.005|-0.93|1,631
03011|AMLEX|0.200|0.000|0.000|0.000|0.00|0
1007|AMPROP|0.535|0.535|0.530|-0.005|-0.93|498
1007PA|AMPROP-PA|0.250|0.255|0.265|+0.015|+6.00|462
1007PB|AMPROP-PB|0.580|0.000|0.000|0.000|0.00|0
7031|AMTEL|0.665|0.000|0.000|0.000|0.00|0
5959|AMVERTON|1.180|1.200|1.250|+0.070|+5.93|5,666
6351|AMWAY|6.000|6.000|6.000|0.000|0.00|59
7083|ANALABS|1.100|0.000|0.000|0.000|0.00|0
4758|ANCOM|0.485|0.470|0.480|-0.005|-1.03|955
0048|ANCOMLB|0.080|0.000|0.000|0.000|0.00|0
6556|ANNJOO|1.570|1.570|1.560|-0.010|-0.64|1,824
6556PA|ANNJOO-PA|0.550|0.000|0.000|0.000|0.00|0
9342|ANZO|0.040|0.035|0.040|0.000|0.00|10,430
9342WA|ANZO-WA|0.005|0.000|0.000|0.000|0.00|0
9342WB|ANZO-WB|0.025|0.000|0.000|0.000|0.00|0
9342WC|ANZO-WC|0.005|0.000|0.000|0.000|0.00|0
5568|APB|0.650|0.000|0.000|0.000|0.00|0
5088|APEX|1.050|0.000|0.000|0.000|0.00|0
5194|APFT|0.015|0.015|0.015|0.000|0.00|1,000
5015|APM|3.000|0.000|0.000|0.000|0.00|0
6432|APOLLO|3.950|0.000|0.000|0.000|0.00|0
0119|APPASIA|0.085|0.085|0.090|+0.005|+5.88|1,012
0119WA|APPASIA-WA|0.035|0.035|0.035|0.000|0.00|1,750
7214|ARANK|0.515|0.515|0.525|+0.010|+1.94|1,175
7007|ARK|0.360|0.000|0.000|0.000|0.00|0
7007WB|ARK-WB|0.090|0.000|0.000|0.000|0.00|0
5210|ARMADA|0.185|0.185|0.190|+0.005|+2.70|410,223
521040|ARMADA-C40|0.005|0.000|0.000|0.000|0.00|0
521043|ARMADA-C43|0.005|0.000|0.000|0.000|0.00|0
521045|ARMADA-C45|0.005|0.000|0.000|0.000|0.00|0
521046|ARMADA-C46|0.005|0.000|0.000|0.000|0.00|0
521047|ARMADA-C47|0.005|0.000|0.000|0.000|0.00|0
521048|ARMADA-C48|0.005|0.000|0.000|0.000|0.00|0
521049|ARMADA-C49|0.005|0.000|0.000|0.000|0.00|0
521050|ARMADA-C50|0.015|0.000|0.000|0.000|0.00|0
5127|ARREIT|0.840|0.835|0.840|0.000|0.00|456
1481|ASB|0.135|0.135|0.140|+0.005|+3.70|15,213
0068|ASDION|0.270|0.270|0.275|+0.005|+1.85|31,356
7722|ASIABRN|0.480|0.000|0.000|0.000|0.00|0
7129|ASIAFLE|2.480|2.480|2.490|+0.010|+0.40|50
4057|ASIAPAC|0.120|0.115|0.115|-0.005|-4.17|40
4057LC|ASIAPAC-LC|0.580|0.000|0.000|0.000|0.00|0
4057WB|ASIAPAC-WB|0.045|0.000|0.000|0.000|0.00|0
0105|ASIAPLY|0.075|0.000|0.000|0.000|0.00|0
0105PA|ASIAPLY-PA|0.035|0.000|0.000|0.000|0.00|0
0105WA|ASIAPLY-WA|0.015|0.000|0.000|0.000|0.00|0
0105WB|ASIAPLY-WB|0.025|0.025|0.025|0.000|0.00|1,395
7162|ASTINO|0.670|0.670|0.670|0.000|0.00|220
6399|ASTRO|1.490|1.500|1.530|+0.040|+2.68|13,375
639910|ASTRO-C10|0.085|0.000|0.000|0.000|0.00|0
639911|ASTRO-C11|0.110|0.000|0.000|0.000|0.00|0
639912|ASTRO-C12|0.065|0.000|0.000|0.000|0.00|0
639913|ASTRO-C13|0.060|0.065|0.065|+0.005|+8.33|3,998
639914|ASTRO-C14|0.065|0.000|0.000|0.000|0.00|0
0072|AT|0.050|0.050|0.050|0.000|0.00|2,733
0072WB|AT-WB|0.005|0.000|0.000|0.000|0.00|0
8176|ATAIMS|1.750|1.710|1.710|-0.040|-2.29|100
7048|ATLAN|4.500|4.470|4.490|-0.010|-0.22|50
5130|ATRIUM|1.120|1.120|1.110|-0.010|-0.89|2,119
7099|ATTA|0.600|0.000|0.000|0.000|0.00|0
7099LA|ATTA-LA|0.075|0.075|0.075|0.000|0.00|2,096
7099PA|ATTA-PA|0.120|0.120|0.120|0.000|0.00|500
7099WB|ATTA-WB|0.110|0.000|0.000|0.000|0.00|0
7099WC|ATTA-WC|0.090|0.000|0.000|0.000|0.00|0
7181|ATURMJU|0.370|0.375|0.370|0.000|0.00|29,988
7181PA|ATURMJU-PA|0.195|0.195|0.185|-0.010|-5.13|18,879
8885|AVI|0.135|0.135|0.135|0.000|0.00|48,162
7579|AWC|0.770|0.770|0.770|0.000|0.00|11,904
7579WA|AWC-WA|0.260|0.255|0.250|-0.010|-3.85|7,397
6888|AXIATA|4.120|4.100|4.120|0.000|0.00|15,426
688828|AXIATA-C28|0.020|0.000|0.000|0.000|0.00|0
688830|AXIATA-C30|0.040|0.000|0.000|0.000|0.00|0
688831|AXIATA-C31|0.005|0.000|0.000|0.000|0.00|0
688832|AXIATA-C32|0.105|0.000|0.000|0.000|0.00|0
688833|AXIATA-C33|0.165|0.160|0.160|-0.005|-3.03|300
688834|AXIATA-C34|0.180|0.000|0.000|0.000|0.00|0
688835|AXIATA-C35|0.135|0.000|0.000|0.000|0.00|0
688836|AXIATA-C36|0.200|0.000|0.000|0.000|0.00|0
688837|AXIATA-C37|0.075|0.000|0.000|0.000|0.00|0
5106|AXREIT|1.800|1.800|1.800|0.000|0.00|29,738
2305|AYER|4.410|0.000|0.000|0.000|0.00|0
5021|AYS|0.335|0.330|0.330|-0.005|-1.49|6,595
7078|AZRB|0.515|0.515|0.510|-0.005|-0.97|17,228
7078WA|AZRB-WA|0.260|0.260|0.260|0.000|0.00|3,238
0098|BAHVEST|0.690|0.700|0.695|+0.005|+0.72|74,931
0098WA|BAHVEST-WA|0.440|0.445|0.445|+0.005|+1.14|51,209
7251|BARAKAH|0.100|0.100|0.095|-0.005|-5.00|71,018
4162|BAT|35.000|35.260|35.480|+0.480|+1.37|1,110
4162CM|BAT-CM|0.090|0.000|0.000|0.000|0.00|0
4162CN|BAT-CN|0.130|0.000|0.000|0.000|0.00|0
4162CO|BAT-CO|0.075|0.000|0.000|0.000|0.00|0
5248|BAUTO|2.290|2.300|2.260|-0.030|-1.31|21,883
5248C1|BAUTO-C1|0.080|0.000|0.000|0.000|0.00|0
5248CY|BAUTO-CY|0.140|0.000|0.000|0.000|0.00|0
5248CZ|BAUTO-CZ|0.185|0.000|0.000|0.000|0.00|0
6602|BCB|0.280|0.270|0.280|0.000|0.00|2,872
0187|BCMALL|0.195|0.195|0.195|0.000|0.00|3,107
6173|BDB|0.410|0.415|0.410|0.000|0.00|3,228
5190|BENALEC|0.190|0.190|0.195|+0.005|+2.63|714
9814|BERTAM|0.280|0.280|0.280|0.000|0.00|5,000
8133|BHIC|1.240|0.000|0.000|0.000|0.00|0
7005|BIG|0.400|0.390|0.390|-0.010|-2.50|264
5258|BIMB|4.210|4.220|4.250|+0.040|+0.95|6,602
5258WA|BIMB-WA|0.260|0.240|0.260|0.000|0.00|2,608
0195|BINACOM|0.390|0.380|0.395|+0.005|+1.28|162
6998|BINTAI|0.135|0.130|0.130|-0.005|-3.70|3,640
6998WA|BINTAI-WA|0.045|0.045|0.045|0.000|0.00|729
0179|BIOHLDG|0.205|0.205|0.200|-0.005|-2.44|927
0179WA|BIOHLDG-WA|0.080|0.000|0.000|0.000|0.00|0
7243|BIOOSMO|0.050|0.055|0.060|+0.010|+20.00|11,339
5032|BIPORT|4.740|4.750|4.800|+0.060|+1.27|186
3239|BJASSET|0.310|0.310|0.315|+0.005|+1.61|532
3239WB|BJASSET-WB|0.055|0.055|0.055|0.000|0.00|3
3395|BJCORP|0.270|0.270|0.270|0.000|0.00|282,345
339510|BJCORP-C10|0.005|0.000|0.000|0.000|0.00|0
339511|BJCORP-C11|0.015|0.000|0.000|0.000|0.00|0
3395LD|BJCORP-LD|0.345|0.000|0.000|0.000|0.00|0
3395LE|BJCORP-LE|0.385|0.000|0.000|0.000|0.00|0
3395WB|BJCORP-WB|0.045|0.045|0.045|0.000|0.00|2,790
3395WC|BJCORP-WC|0.070|0.070|0.070|0.000|0.00|170
5196|BJFOOD|1.620|1.600|1.620|0.000|0.00|1,350
4219|BJLAND|0.250|0.250|0.250|0.000|0.00|20,790
6025|BJMEDIA|0.150|0.000|0.000|0.000|0.00|0
1562|BJTOTO|2.350|2.340|2.400|+0.050|+2.13|16,059
1562CW|BJTOTO-CW|0.060|0.060|0.060|0.000|0.00|200
1562CX|BJTOTO-CX|0.090|0.000|0.000|0.000|0.00|0
1899|BKAWAN|16.960|16.980|16.980|+0.020|+0.12|250
5069|BLDPLNT|6.720|6.720|6.720|0.000|0.00|100
0508C5|BOC-C5|0.090|0.090|0.090|0.000|0.00|50
0168|BOILERM|0.545|0.530|0.575|+0.030|+5.50|417
9288|BONIA|0.250|0.245|0.245|-0.005|-2.00|128
7036|BORNOIL|0.045|0.040|0.040|-0.005|-11.11|16,031
7036WC|BORNOIL-WC|0.020|0.000|0.000|0.000|0.00|0
7036WD|BORNOIL-WD|0.020|0.020|0.020|0.000|0.00|200
6297|BOXPAK|1.080|0.000|0.000|0.000|0.00|0
6297WA|BOXPAK-WA|0.175|0.000|0.000|0.000|0.00|0
5254|BPLANT|0.780|0.770|0.770|-0.010|-1.28|2,693
5100|BPPLAS|1.080|1.070|1.060|-0.020|-1.85|685
5932|BPURI|0.185|0.185|0.185|0.000|0.00|4,677
9474|BRAHIMS|0.145|0.135|0.130|-0.015|-10.34|16,341
8761|BREM|0.770|0.770|0.790|+0.020|+2.60|53
9938|BRIGHT|0.190|0.190|0.195|+0.005|+2.63|807
7221|BSLCORP|0.330|0.330|0.365|+0.035|+10.61|220
2771|BSTEAD|1.280|1.290|1.270|-0.010|-0.78|1,184
0011|BTECH|0.355|0.360|0.340|-0.015|-4.23|26,032
7188|BTM|0.115|0.000|0.000|0.000|0.00|0
7188WA|BTM-WA|0.005|0.000|0.000|0.000|0.00|0
7188WB|BTM-WB|0.040|0.000|0.000|0.000|0.00|0
1818|BURSA|6.930|6.920|6.860|-0.070|-1.01|2,770
181820|BURSA-C20|0.005|0.000|0.000|0.000|0.00|0
181821|BURSA-C21|0.075|0.000|0.000|0.000|0.00|0
181822|BURSA-C22|0.050|0.000|0.000|0.000|0.00|0
181823|BURSA-C23|0.040|0.040|0.040|0.000|0.00|1,500
7174|CAB|0.595|0.595|0.595|0.000|0.00|1,986
7174WA|CAB-WA|0.450|0.000|0.000|0.000|0.00|0
0191|CABNET|0.275|0.275|0.285|+0.010|+3.64|170
0191WA|CABNET-WA|0.050|0.000|0.000|0.000|0.00|0
7154|CAELY|0.900|0.905|0.905|+0.005|+0.56|1,932
7154WA|CAELY-WA|0.540|0.000|0.000|0.000|0.00|0
7128|CAMRES|0.250|0.000|0.000|0.000|0.00|0
5105|CANONE|2.970|2.980|2.950|-0.020|-0.67|310
5229|CAP|0.010|0.000|0.000|0.000|0.00|0
0163|CAREPLS|0.160|0.155|0.160|0.000|0.00|450
5257|CARIMIN|0.845|0.845|0.835|-0.010|-1.18|48,642
5245|CARING|1.950|1.950|1.960|+0.010|+0.51|100
2836|CARLSBG|26.700|26.700|26.540|-0.160|-0.60|5,192
7076|CBIP|1.070|1.050|1.050|-0.020|-1.87|586
7076WA|CBIP-WA|0.010|0.010|0.010|0.000|0.00|62
2925|CCB|1.610|1.570|1.590|-0.020|-1.24|135
7035|CCK|0.595|0.600|0.600|+0.005|+0.84|6,686
7035WA|CCK-WA|0.115|0.120|0.120|+0.005|+4.35|7,426
2879|CCM|1.900|1.900|1.850|-0.050|-2.63|3,354
5195|CENSOF|0.145|0.145|0.145|0.000|0.00|2,231
5195WB|CENSOF-WB|0.005|0.000|0.000|0.000|0.00|0
8982|CEPAT|0.590|0.590|0.585|-0.005|-0.85|141
8435|CEPCO|0.645|0.000|0.000|0.000|0.00|0
8044|CFM|1.120|1.150|1.150|+0.030|+2.68|30
0579C1|CGARDEN-C1|0.135|0.140|0.140|+0.005|+3.70|150
7209|CHEETAH|0.300|0.000|0.000|0.000|0.00|0
7187|CHGP|0.350|0.350|0.350|0.000|0.00|20
7187WA|CHGP-WA|0.175|0.000|0.000|0.000|0.00|0
5738|CHHB|1.530|1.500|1.530|0.000|0.00|50
5738WB|CHHB-WB|0.385|0.390|0.390|+0.005|+1.30|5
0829EA|CHINAETF-MYR|5.630|5.630|5.630|0.000|0.00|2
0829EB|CHINAETF-USD|1.275|0.000|0.000|0.000|0.00|0
5273|CHINHIN|0.800|0.800|0.795|-0.005|-0.63|1,139
1929|CHINTEK|6.570|0.000|0.000|0.000|0.00|0
5007|CHINWEL|1.790|1.780|1.780|-0.010|-0.56|76
0501CG|CHMOBIL-CG|0.135|0.000|0.000|0.000|0.00|0
5797|CHOOBEE|1.560|1.600|1.580|+0.020|+1.28|154
7016|CHUAN|0.390|0.390|0.390|0.000|0.00|200
8052|CICB|0.590|0.000|0.000|0.000|0.00|0
2828|CIHLDG|1.410|1.410|1.410|0.000|0.00|20
1023|CIMB|5.070|5.070|5.110|+0.040|+0.79|123,559
102340|CIMB-C40|0.005|0.000|0.000|0.000|0.00|0
102341|CIMB-C41|0.075|0.000|0.000|0.000|0.00|0
102342|CIMB-C42|0.050|0.000|0.000|0.000|0.00|0
102343|CIMB-C43|0.025|0.000|0.000|0.000|0.00|0
102344|CIMB-C44|0.035|0.000|0.000|0.000|0.00|0
102345|CIMB-C45|0.050|0.050|0.050|0.000|0.00|4,000
102346|CIMB-C46|0.080|0.000|0.000|0.000|0.00|0
102347|CIMB-C47|0.055|0.000|0.000|0.000|0.00|0
0822EA|CIMBA40|1.850|0.000|0.000|0.000|0.00|0
0823EA|CIMBC50|1.595|1.585|1.585|-0.010|-0.63|190
7117|CJCEN|0.435|0.435|0.430|-0.005|-1.15|1,260
0514C3|CKHUTCH-C3|0.075|0.000|0.000|0.000|0.00|0
03001|CLOUD|0.300|0.000|0.000|0.000|0.00|0
7018|CME|0.035|0.040|0.040|+0.005|+14.29|1,629
7018LA|CME-LA|0.025|0.000|0.000|0.000|0.00|0
7018WA|CME-WA|0.025|0.000|0.000|0.000|0.00|0
5180|CMMT|1.110|1.120|1.120|+0.010|+0.90|1,757
2852|CMSB|3.380|3.320|3.370|-0.010|-0.30|10,138
285214|CMSB-C14|0.085|0.000|0.000|0.000|0.00|0
285215|CMSB-C15|0.110|0.120|0.120|+0.010|+9.09|1,000
7986|CNASIA|0.450|0.000|0.000|0.000|0.00|0
5104|CNI|0.075|0.070|0.070|-0.005|-6.67|123
5188|CNOUHUA|0.050|0.050|0.050|0.000|0.00|2,000
5071|COASTAL|1.050|1.060|1.060|+0.010|+0.95|227
7205|COCOLND|1.950|1.950|1.930|-0.020|-1.03|90
7195|COMCORP|0.105|0.000|0.000|0.000|0.00|0
2127|COMFORT|0.855|0.855|0.865|+0.010|+1.17|6,131
5136|COMPLET|0.860|0.860|0.870|+0.010|+1.16|480
5037|COMPUGT|0.025|0.025|0.025|0.000|0.00|2,230
0102|CONNECT|0.105|0.110|0.105|0.000|0.00|2,100
0102PA|CONNECT-PA|0.030|0.000|0.000|0.000|0.00|0
0102WA|CONNECT-WA|0.030|0.035|0.035|+0.005|+16.67|1,300
0102WB|CONNECT-WB|0.040|0.000|0.000|0.000|0.00|0
8591|CRESBLD|1.080|1.080|1.120|+0.040|+3.70|9,260
6718|CRESNDO|1.320|1.330|1.310|-0.010|-0.76|3,827
03016|CRG|0.045|0.045|0.050|+0.005|+11.11|378
7202|CSCENIC|1.090|1.090|1.100|+0.010|+0.92|608
5094|CSCSTEL|1.040|1.040|1.040|0.000|0.00|875
5214|CSL|0.010|0.000|0.000|0.000|0.00|0
0051|CUSCAPI|0.205|0.205|0.210|+0.005|+2.44|26,495
5049|CVIEW|1.510|0.000|0.000|0.000|0.00|0
9423|CWG|0.420|0.420|0.420|0.000|0.00|20
7157|CYL|0.420|0.000|0.000|0.000|0.00|0
5082|CYMAO|0.345|0.000|0.000|0.000|0.00|0
5184|CYPARK|1.680|1.680|1.690|+0.010|+0.60|6,200
7204|D&O|0.685|0.685|0.680|-0.005|-0.73|5,446
8125|DAIBOCI|1.580|1.580|1.580|0.000|0.00|1,564
8125WB|DAIBOCI-WB|0.140|0.000|0.000|0.000|0.00|0
5276|DANCO|0.620|0.625|0.610|-0.010|-1.61|10,095
5276WA|DANCO-WA|0.365|0.365|0.355|-0.010|-2.74|8,075
8338|DATAPRP|0.215|0.215|0.210|-0.005|-2.33|8,460
0091|DAYA|0.005|0.010|0.010|+0.005|+100.00|83
5141|DAYANG|1.390|1.390|1.380|-0.010|-0.72|171,938
7179|DBE|0.030|0.025|0.025|-0.005|-16.67|300
7179WB|DBE-WB|0.010|0.005|0.010|0.000|0.00|810
3484|DBHD|0.505|0.500|0.490|-0.015|-2.97|7,307
3484WA|DBHD-WA|0.110|0.105|0.105|-0.005|-4.55|4,530
7119|DEGEM|1.050|0.000|0.000|0.000|0.00|0
5132|DELEUM|1.110|1.100|1.090|-0.020|-1.80|872
7212|DESTINI|0.300|0.300|0.300|0.000|0.00|301,748
0152|DGB|0.120|0.120|0.120|0.000|0.00|310
0152WB|DGB-WB|0.025|0.000|0.000|0.000|0.00|0
0131|DGSB|0.075|0.075|0.075|0.000|0.00|119,136
7277|DIALOG|3.170|3.160|3.170|0.000|0.00|22,316
727733|DIALOG-C33|0.005|0.000|0.000|0.000|0.00|0
727735|DIALOG-C35|0.005|0.000|0.000|0.000|0.00|0
727736|DIALOG-C36|0.040|0.000|0.000|0.000|0.00|0
727737|DIALOG-C37|0.035|0.030|0.030|-0.005|-14.29|600
727738|DIALOG-C38|0.025|0.000|0.000|0.000|0.00|0
727739|DIALOG-C39|0.050|0.000|0.000|0.000|0.00|0
727740|DIALOG-C40|0.095|0.095|0.095|0.000|0.00|8,731
727741|DIALOG-C41|0.090|0.085|0.085|-0.005|-5.56|7,300
727742|DIALOG-C42|0.135|0.000|0.000|0.000|0.00|0
727743|DIALOG-C43|0.100|0.000|0.000|0.000|0.00|0
727744|DIALOG-C44|0.060|0.000|0.000|0.000|0.00|0
6947|DIGI|4.590|4.590|4.600|+0.010|+0.22|39,007
694724|DIGI-C24|0.040|0.000|0.000|0.000|0.00|0
694725|DIGI-C25|0.105|0.000|0.000|0.000|0.00|0
694726|DIGI-C26|0.115|0.000|0.000|0.000|0.00|0
694727|DIGI-C27|0.110|0.000|0.000|0.000|0.00|0
694728|DIGI-C28|0.040|0.000|0.000|0.000|0.00|0
0029|DIGISTA|0.045|0.045|0.045|0.000|0.00|3,000
0029WB|DIGISTA-WB|0.015|0.000|0.000|0.000|0.00|0
0400GA|DIN040000223|99.700|0.000|0.000|0.000|0.00|0
0400GC|DIN042300721|100.500|0.000|0.000|0.000|0.00|0
0400GB|DIN045801028|100.700|0.000|0.000|0.000|0.00|0
7528|DKLS|1.750|0.000|0.000|0.000|0.00|0
5908|DKSH|2.350|2.340|2.330|-0.020|-0.85|494
3026|DLADY|64.000|64.000|64.000|0.000|0.00|80
4456|DNEX|0.290|0.285|0.280|-0.010|-3.45|42,539
4456WD|DNEX-WD|0.070|0.070|0.070|0.000|0.00|18,867
7114|DNONCE|0.465|0.460|0.455|-0.010|-2.15|3,910
7114WA|DNONCE-WA|0.195|0.200|0.195|0.000|0.00|325
5835|DOLMITE|0.110|0.100|0.100|-0.010|-9.09|70
5265|DOLPHIN|0.140|0.135|0.135|-0.005|-3.57|160
5265WA|DOLPHIN-WA|0.030|0.000|0.000|0.000|0.00|0
7169|DOMINAN|1.260|1.260|1.260|0.000|0.00|51
7169WA|DOMINAN-WA|0.085|0.000|0.000|0.000|0.00|0
7148|DPHARMA|1.190|1.200|1.270|+0.080|+6.72|31,478
0205|DPIH|0.190|0.190|0.190|0.000|0.00|5,048
7198|DPS|0.075|0.070|0.075|0.000|0.00|2,209
7198WB|DPS-WB|0.030|0.000|0.000|0.000|0.00|0
1619|DRBHCOM|1.920|1.920|1.900|-0.020|-1.04|32,459
161960|DRBHCOMC60|0.025|0.020|0.020|-0.005|-20.00|50
161962|DRBHCOMC62|0.005|0.000|0.000|0.000|0.00|0
161964|DRBHCOMC64|0.005|0.000|0.000|0.000|0.00|0
161966|DRBHCOMC66|0.005|0.000|0.000|0.000|0.00|0
161967|DRBHCOMC67|0.015|0.000|0.000|0.000|0.00|0
161968|DRBHCOMC68|0.090|0.090|0.085|-0.005|-5.56|5,230
161969|DRBHCOMC69|0.135|0.000|0.000|0.000|0.00|0
161970|DRBHCOMC70|0.160|0.150|0.150|-0.010|-6.25|10,735
161971|DRBHCOMC71|0.125|0.110|0.110|-0.015|-12.00|700
161972|DRBHCOMC72|0.125|0.120|0.120|-0.005|-4.00|3,000
161973|DRBHCOMC73|0.090|0.000|0.000|0.000|0.00|0
161974|DRBHCOMC74|0.090|0.085|0.085|-0.005|-5.56|15,701
161975|DRBHCOMC75|0.080|0.080|0.080|0.000|0.00|2,000
5216|DSONIC|0.525|0.520|0.515|-0.010|-1.90|29,261
5216WA|DSONIC-WA|0.085|0.085|0.085|0.000|0.00|4,071
7233|DUFU|1.640|1.630|1.600|-0.040|-2.44|16,473
3948|DUTALND|0.495|0.490|0.490|-0.005|-1.01|467
7165|DWL|0.790|0.000|0.000|0.000|0.00|0
7165PA|DWL-PA|0.210|0.215|0.220|+0.010|+4.76|1,229
7165WA|DWL-WA|0.225|0.225|0.225|0.000|0.00|1,400
5178|DYNACIA|0.090|0.085|0.085|-0.005|-5.56|132,647
5178PA|DYNACIA-PA|0.045|0.050|0.050|+0.005|+11.11|10
5178WA|DYNACIA-WA|0.035|0.035|0.035|0.000|0.00|600
3417|E&O|0.915|0.905|0.910|-0.005|-0.55|5,037
341713|E&O-C13|0.105|0.105|0.105|0.000|0.00|3,300
341714|E&O-C14|0.150|0.000|0.000|0.000|0.00|0
3417WB|E&O-WB|0.005|0.000|0.000|0.000|0.00|0
0154|EAH|0.020|0.020|0.015|-0.005|-25.00|4,000
0154WC|EAH-WC|0.005|0.000|0.000|0.000|0.00|0
0154WD|EAH-WD|0.005|0.005|0.010|+0.005|+100.00|21,485
0154WE|EAH-WE|0.010|0.000|0.000|0.000|0.00|0
2097|EASTLND|0.100|0.100|0.100|0.000|0.00|2,000
5259|EATECH|0.445|0.440|0.465|+0.020|+4.49|11,354
2143|ECM|0.270|0.000|0.000|0.000|0.00|0
3557|ECOFIRS|0.300|0.295|0.295|-0.005|-1.67|2,150
3557WC|ECOFIRS-WC|0.020|0.010|0.010|-0.010|-50.00|65
0059|ECOHLDS|0.290|0.285|0.300|+0.010|+3.45|2,202
5253|ECONBHD|0.480|0.485|0.490|+0.010|+2.08|82,261
5253WA|ECONBHD-WA|0.115|0.115|0.115|0.000|0.00|7,522
8206|ECOWLD|0.905|0.905|0.900|-0.005|-0.55|9,224
8206CQ|ECOWLD-CQ|0.005|0.000|0.000|0.000|0.00|0
8206CS|ECOWLD-CS|0.035|0.000|0.000|0.000|0.00|0
8206CT|ECOWLD-CT|0.020|0.000|0.000|0.000|0.00|0
8206WA|ECOWLD-WA|0.175|0.175|0.185|+0.010|+5.71|777
5036|EDARAN|0.540|0.540|0.530|-0.010|-1.85|2,761
7471|EDEN|0.140|0.140|0.130|-0.010|-7.14|82,421
7471WB|EDEN-WB|0.055|0.050|0.050|-0.005|-9.09|7,417
1368|EDGENTA|2.810|2.790|2.830|+0.020|+0.71|1,201
0107|EDUSPEC|0.030|0.030|0.030|0.000|0.00|6,478
0064|EFFICEN|0.190|0.190|0.190|0.000|0.00|570
0065|EFORCE|0.465|0.465|0.460|-0.005|-1.08|47,801
0065WA|EFORCE-WA|0.120|0.120|0.125|+0.005|+4.17|19,190
8907|EG|0.455|0.455|0.455|0.000|0.00|3,605
8907PA|EG-PA|0.455|0.450|0.450|-0.005|-1.10|20
8907WC|EG-WC|0.145|0.140|0.145|0.000|0.00|646
5081|EIG|0.655|0.000|0.000|0.000|0.00|0
5208|EITA|1.300|1.290|1.300|0.000|0.00|639
7182|EKA|0.065|0.000|0.000|0.000|0.00|0
8877|EKOVEST|0.495|0.495|0.495|0.000|0.00|50,084
8877CS|EKOVEST-CS|0.020|0.020|0.020|0.000|0.00|99
8877CT|EKOVEST-CT|0.025|0.025|0.020|-0.005|-20.00|15,381
8877WB|EKOVEST-WB|0.055|0.050|0.045|-0.010|-18.18|69,037
9016|EKSONS|0.810|0.780|0.800|-0.010|-1.23|120
5228|ELKDESA|1.390|1.390|1.390|0.000|0.00|504
5228LA|ELKDESA-LA|1.130|0.000|0.000|0.000|0.00|0
0090|ELSOFT|0.980|0.975|0.955|-0.025|-2.55|12,461
7217|EMETALL|0.420|0.420|0.420|0.000|0.00|195
9091|EMICO|0.170|0.175|0.175|+0.005|+2.94|1
6076|ENCORP|0.385|0.000|0.000|0.000|0.00|0
7149|ENGKAH|0.900|0.000|0.000|0.000|0.00|0
5056|ENGTEX|0.845|0.000|0.000|0.000|0.00|0
8613|ENRA|1.450|0.000|0.000|0.000|0.00|0
7773|EPMB|0.370|0.350|0.350|-0.020|-5.41|810
0190|ESAFE|0.215|0.205|0.210|-0.005|-2.33|50
0100|ESCERAM|0.160|0.165|0.165|+0.005|+3.13|100
03021|ETH|0.170|0.000|0.000|0.000|0.00|0
6815|EUPE|0.660|0.625|0.635|-0.025|-3.79|70
7208|EURO|0.130|0.000|0.000|0.000|0.00|0
7094|EUROSP|0.480|0.400|0.480|0.000|0.00|1,011
5101|EVERGRN|0.365|0.365|0.365|0.000|0.00|549
7249|EWEIN|0.570|0.570|0.580|+0.010|+1.75|7,820
5283|EWINT|0.745|0.740|0.750|+0.005|+0.67|2,770
5283WA|EWINT-WA|0.150|0.145|0.145|-0.005|-3.33|3,270
3689|F&N|34.700|35.240|34.800|+0.100|+0.29|2,910
2984|FACBIND|1.280|0.000|0.000|0.000|0.00|0
7047|FAJAR|0.375|0.375|0.360|-0.015|-4.00|13,353
7047WB|FAJAR-WB|0.025|0.025|0.020|-0.005|-20.00|14,150
5029|FAREAST|2.760|0.000|0.000|0.000|0.00|0
6041|FARLIM|0.365|0.355|0.370|+0.005|+1.37|367
7229|FAVCO|2.670|0.000|0.000|0.000|0.00|0
06505D|FBMKLCI-C5D|0.085|0.000|0.000|0.000|0.00|0
06505I|FBMKLCI-C5I|0.005|0.000|0.000|0.000|0.00|0
06505J|FBMKLCI-C5J|0.020|0.000|0.000|0.000|0.00|0
06505K|FBMKLCI-C5K|0.005|0.000|0.000|0.000|0.00|0
06505L|FBMKLCI-C5L|0.070|0.000|0.000|0.000|0.00|0
06505M|FBMKLCI-C5M|0.100|0.000|0.000|0.000|0.00|0
06505N|FBMKLCI-C5N|0.025|0.025|0.025|0.000|0.00|500
06505O|FBMKLCI-C5O|0.025|0.000|0.000|0.000|0.00|0
06505P|FBMKLCI-C5P|0.125|0.115|0.120|-0.005|-4.00|200
06505Q|FBMKLCI-C5Q|0.205|0.195|0.190|-0.015|-7.32|3,170
06505R|FBMKLCI-C5R|0.045|0.040|0.040|-0.005|-11.11|8,000
06505S|FBMKLCI-C5S|0.110|0.100|0.100|-0.010|-9.09|80
06505T|FBMKLCI-C5T|0.180|0.170|0.165|-0.015|-8.33|1,800
06505U|FBMKLCI-C5U|0.150|0.000|0.000|0.000|0.00|0
06505V|FBMKLCI-C5V|0.050|0.000|0.000|0.000|0.00|0
06505W|FBMKLCI-C5W|0.025|0.025|0.025|0.000|0.00|10
06505X|FBMKLCI-C5X|0.175|0.000|0.000|0.000|0.00|0
06505Y|FBMKLCI-C5Y|0.295|0.000|0.000|0.000|0.00|0
0820EA|FBMKLCI-EA|1.770|1.770|1.750|-0.020|-1.13|471
06506F|FBMKLCI-H6F|0.020|0.000|0.000|0.000|0.00|0
06506K|FBMKLCI-H6K|0.230|0.000|0.000|0.000|0.00|0
06506L|FBMKLCI-H6L|0.150|0.155|0.155|+0.005|+3.33|1,290
06506M|FBMKLCI-H6M|0.220|0.240|0.240|+0.020|+9.09|400
06506N|FBMKLCI-H6N|0.225|0.000|0.000|0.000|0.00|0
06506O|FBMKLCI-H6O|0.380|0.390|0.390|+0.010|+2.63|17,000
06506P|FBMKLCI-H6P|0.075|0.075|0.075|0.000|0.00|13,472
06506Q|FBMKLCI-H6Q|0.115|0.125|0.125|+0.010|+8.70|580
06506R|FBMKLCI-H6R|0.240|0.000|0.000|0.000|0.00|0
06506S|FBMKLCI-H6S|0.325|0.000|0.000|0.000|0.00|0
06506T|FBMKLCI-H6T|0.120|0.130|0.130|+0.010|+8.33|440
06506U|FBMKLCI-H6U|0.255|0.000|0.000|0.000|0.00|0
06506V|FBMKLCI-H6V|0.285|0.300|0.300|+0.015|+5.26|100
06506W|FBMKLCI-H6W|0.165|0.170|0.170|+0.005|+3.03|100
06506X|FBMKLCI-H6X|0.145|0.000|0.000|0.000|0.00|0
06506Y|FBMKLCI-H6Y|0.150|0.000|0.000|0.000|0.00|0
06506Z|FBMKLCI-H6Z|0.360|0.000|0.000|0.000|0.00|0
06508A|FBMKLCI-H8A|0.395|0.000|0.000|0.000|0.00|0
2755|FCW|0.715|0.000|0.000|0.000|0.00|0
5222|FGV|1.150|1.150|1.140|-0.010|-0.87|41,511
522255|FGV-C55|0.010|0.000|0.000|0.000|0.00|0
522256|FGV-C56|0.005|0.000|0.000|0.000|0.00|0
522258|FGV-C58|0.010|0.005|0.005|-0.005|-50.00|3,130
522259|FGV-C59|0.035|0.000|0.000|0.000|0.00|0
522260|FGV-C60|0.005|0.000|0.000|0.000|0.00|0
522261|FGV-C61|0.025|0.000|0.000|0.000|0.00|0
522262|FGV-C62|0.085|0.080|0.080|-0.005|-5.88|11,700
522263|FGV-C63|0.165|0.160|0.160|-0.005|-3.03|3,630
522264|FGV-C64|0.250|0.000|0.000|0.000|0.00|0
522265|FGV-C65|0.175|0.170|0.170|-0.005|-2.86|300
522266|FGV-C66|0.320|0.000|0.000|0.000|0.00|0
522267|FGV-C67|0.410|0.385|0.395|-0.015|-3.66|1,109
522268|FGV-C68|0.150|0.000|0.000|0.000|0.00|0
522269|FGV-C69|0.110|0.110|0.110|0.000|0.00|20,000
522270|FGV-C70|0.105|0.000|0.000|0.000|0.00|0
522271|FGV-C71|0.045|0.040|0.040|-0.005|-11.11|1,000
522272|FGV-C72|0.035|0.035|0.035|0.000|0.00|5,018
522273|FGV-C73|0.075|0.075|0.075|0.000|0.00|33,521
6939|FIAMMA|0.485|0.475|0.475|-0.010|-2.06|39
0149|FIBON|0.410|0.400|0.430|+0.020|+4.88|200
8605|FIHB|0.495|0.470|0.495|0.000|0.00|2,111
8605PA|FIHB-PA|0.085|0.000|0.000|0.000|0.00|0
8605PB|FIHB-PB|0.080|0.000|0.000|0.000|0.00|0
3107|FIMACOR|1.920|1.920|1.920|0.000|0.00|415
0150|FINTEC|0.050|0.050|0.055|+0.005|+10.00|751
0150PA|FINTEC-PA|0.025|0.025|0.025|0.000|0.00|78
0150WA|FINTEC-WA|0.010|0.000|0.000|0.000|0.00|0
0150WB|FINTEC-WB|0.020|0.000|0.000|0.000|0.00|0
9318|FITTERS|0.475|0.475|0.475|0.000|0.00|14,403
9318WB|FITTERS-WB|0.020|0.020|0.020|0.000|0.00|2,050
5197|FLBHD|1.640|1.630|1.650|+0.010|+0.61|2,190
0116|FOCUS|0.135|0.135|0.135|0.000|0.00|69,730
0116WC|FOCUS-WC|0.085|0.000|0.000|0.000|0.00|0
0157|FOCUSP|0.320|0.320|0.345|+0.025|+7.81|923
5277|FPGROUP|0.295|0.290|0.285|-0.010|-3.39|19,271
9172|FPI|1.800|1.810|1.790|-0.010|-0.56|1,184
7210|FREIGHT|0.600|0.595|0.590|-0.010|-1.67|1,142
0128|FRONTKN|0.950|0.950|0.970|+0.020|+2.11|62,764
9377|FSBM|0.095|0.000|0.000|0.000|0.00|0
9377WA|FSBM-WA|0.025|0.000|0.000|0.000|0.00|0
7184|G3|0.710|0.780|0.780|+0.070|+9.86|4,010
7184WA|G3-WA|0.700|0.000|0.000|0.000|0.00|0
9261|GADANG|0.645|0.645|0.640|-0.005|-0.78|17,501
9261WB|GADANG-WB|0.195|0.190|0.190|-0.005|-2.56|5,869
5398|GAMUDA|2.800|2.800|2.840|+0.040|+1.43|48,405
539851|GAMUDA-C51|0.005|0.000|0.000|0.000|0.00|0
539853|GAMUDA-C53|0.005|0.000|0.000|0.000|0.00|0
539856|GAMUDA-C56|0.030|0.000|0.000|0.000|0.00|0
539857|GAMUDA-C57|0.030|0.025|0.025|-0.005|-16.67|400
539858|GAMUDA-C58|0.055|0.000|0.000|0.000|0.00|0
539859|GAMUDA-C59|0.155|0.155|0.165|+0.010|+6.45|3,408
539860|GAMUDA-C60|0.105|0.090|0.095|-0.010|-9.52|12,406
539861|GAMUDA-C61|0.055|0.060|0.065|+0.010|+18.18|12,550
539862|GAMUDA-C62|0.090|0.000|0.000|0.000|0.00|0
539863|GAMUDA-C63|0.090|0.085|0.090|0.000|0.00|37,860
539864|GAMUDA-C64|0.080|0.080|0.085|+0.005|+6.25|2,296
539865|GAMUDA-C65|0.100|0.100|0.100|0.000|0.00|2,000
5398WE|GAMUDA-WE|0.205|0.205|0.220|+0.015|+7.32|14,393
5209|GASMSIA|2.860|2.860|2.860|0.000|0.00|10
5226|GBGAQRS|1.310|1.310|1.320|+0.010|+0.76|57,479
5226WB|GBGAQRS-WB|0.360|0.360|0.355|-0.005|-1.39|127,172
5102|GCB|3.600|3.600|3.540|-0.060|-1.67|2,093
5102CA|GCB-CA|0.270|0.000|0.000|0.000|0.00|0
5102CB|GCB-CB|0.170|0.000|0.000|0.000|0.00|0
5102CC|GCB-CC|0.125|0.125|0.120|-0.005|-4.00|1,300
5102CD|GCB-CD|0.095|0.095|0.095|0.000|0.00|253
5102CE|GCB-CE|0.145|0.000|0.000|0.000|0.00|0
5592|GCE|0.470|0.470|0.470|0.000|0.00|30
0198|GDB|0.280|0.290|0.295|+0.015|+5.36|28,328
0078|GDEX|0.340|0.340|0.335|-0.005|-1.47|41,803
0078WB|GDEX-WB|0.055|0.055|0.055|0.000|0.00|33,007
0580C1|GEELY-C1|0.045|0.000|0.000|0.000|0.00|0
0104|GENETEC|1.700|1.670|1.700|0.000|0.00|245
4715|GENM|3.220|3.220|3.240|+0.020|+0.62|35,836
471540|GENM-C40|0.150|0.000|0.000|0.000|0.00|0
471541|GENM-C41|0.005|0.000|0.000|0.000|0.00|0
471542|GENM-C42|0.040|0.025|0.025|-0.015|-37.50|1,000
471543|GENM-C43|0.030|0.000|0.000|0.000|0.00|0
471544|GENM-C44|0.075|0.000|0.000|0.000|0.00|0
471545|GENM-C45|0.125|0.125|0.125|0.000|0.00|2,300
471546|GENM-C46|0.085|0.085|0.085|0.000|0.00|16,212
471547|GENM-C47|0.115|0.000|0.000|0.000|0.00|0
471548|GENM-C48|0.130|0.000|0.000|0.000|0.00|0
471549|GENM-C49|0.165|0.000|0.000|0.000|0.00|0
471550|GENM-C50|0.140|0.000|0.000|0.000|0.00|0
471551|GENM-C51|0.100|0.100|0.100|0.000|0.00|5,666
471552|GENM-C52|0.215|0.185|0.185|-0.030|-13.95|2,165
471553|GENM-C53|0.105|0.000|0.000|0.000|0.00|0
471554|GENM-C54|0.075|0.070|0.070|-0.005|-6.67|2,500
471555|GENM-C55|0.055|0.050|0.050|-0.005|-9.09|11,400
2291|GENP|10.520|10.500|10.500|-0.020|-0.19|4,519
2291CI|GENP-CI|0.150|0.000|0.000|0.000|0.00|0
2291WA|GENP-WA|2.710|2.550|2.700|-0.010|-0.37|257
3182|GENTING|6.610|6.670|6.700|+0.090|+1.36|64,968
318251|GENTINGC51|0.005|0.000|0.000|0.000|0.00|0
318255|GENTINGC55|0.050|0.000|0.000|0.000|0.00|0
318256|GENTINGC56|0.030|0.000|0.000|0.000|0.00|0
318257|GENTINGC57|0.060|0.065|0.060|0.000|0.00|49,900
318258|GENTINGC58|0.045|0.050|0.055|+0.010|+22.22|3,501
318259|GENTINGC59|0.070|0.075|0.075|+0.005|+7.14|1,000
318260|GENTINGC60|0.090|0.090|0.095|+0.005|+5.56|3,000
318261|GENTINGC61|0.085|0.085|0.085|0.000|0.00|4,256
318262|GENTINGC62|0.110|0.110|0.110|0.000|0.00|2,917
318263|GENTINGC63|0.110|0.110|0.110|0.000|0.00|12,060
318264|GENTINGC64|0.065|0.000|0.000|0.000|0.00|0
7197|GESHEN|0.610|0.620|0.620|+0.010|+1.64|130
5079|GETS|0.130|0.130|0.130|0.000|0.00|500
0039|GFM|0.480|0.480|0.495|+0.015|+3.13|20,521
0039WC|GFM-WC|0.190|0.185|0.200|+0.010|+5.26|23,332
0021|GHLSYS|1.680|1.750|1.690|+0.010|+0.60|4,395
0021CA|GHLSYS-CA|0.110|0.110|0.095|-0.015|-13.64|4,500
3204|GKENT|1.120|1.120|1.140|+0.020|+1.79|19,776
7382|GLBHD|0.400|0.420|0.425|+0.025|+6.25|424
5020|GLOMAC|0.360|0.365|0.365|+0.005|+1.39|1,101
5220|GLOTEC|0.465|0.460|0.460|-0.005|-1.08|1,481
5220WA|GLOTEC-WA|0.065|0.065|0.060|-0.005|-7.69|620
9962|GMUTUAL|0.275|0.275|0.275|0.000|0.00|1,181
0045|GNB|0.045|0.050|0.050|+0.005|+11.11|2,141
1147|GOB|0.185|0.180|0.185|0.000|0.00|430
1147WA|GOB-WA|0.005|0.000|0.000|0.000|0.00|0
0074|GOCEAN|0.105|0.115|0.110|+0.005|+4.76|600
0074WA|GOCEAN-WA|0.005|0.000|0.000|0.000|0.00|0
0828EA|GOLDETF|1.765|1.740|1.740|-0.025|-1.42|50
7192|GOODWAY|0.205|0.205|0.205|0.000|0.00|950
2135|GOPENG|0.695|0.670|0.660|-0.035|-5.04|45
7096|GPA|0.100|0.000|0.000|0.000|0.00|0
7096WA|GPA-WA|0.030|0.030|0.030|0.000|0.00|13,000
0082|GPACKET|0.320|0.315|0.310|-0.010|-3.13|599
0082WB|GPACKET-WB|0.075|0.000|0.000|0.000|0.00|0
5649|GPHAROS|0.245|0.000|0.000|0.000|0.00|0
0056|GRANFLO|0.200|0.000|0.000|0.000|0.00|0
0136|GREENYB|0.135|0.140|0.140|+0.005|+3.70|2
7077|GSB|0.185|0.180|0.185|0.000|0.00|3,053
7022|GTRONIC|1.760|1.770|1.740|-0.020|-1.14|6,674
7022CR|GTRONIC-CR|0.005|0.000|0.000|0.000|0.00|0
7022CS|GTRONIC-CS|0.005|0.000|0.000|0.000|0.00|0
7022CT|GTRONIC-CT|0.005|0.000|0.000|0.000|0.00|0
7022CU|GTRONIC-CU|0.030|0.000|0.000|0.000|0.00|0
7022CV|GTRONIC-CV|0.065|0.000|0.000|0.000|0.00|0
7022CW|GTRONIC-CW|0.040|0.000|0.000|0.000|0.00|0
3247|GUH|0.480|0.000|0.000|0.000|0.00|0
7676|GUNUNG|0.290|0.280|0.290|0.000|0.00|113
7676WB|GUNUNG-WB|0.050|0.040|0.040|-0.010|-20.00|700
1503|GUOCO|0.745|0.735|0.740|-0.005|-0.67|1,229
7668|HAIO|2.580|2.580|2.580|0.000|0.00|1,258
7668CG|HAIO-CG|0.075|0.000|0.000|0.000|0.00|0
5151|HALEX|0.870|0.000|0.000|0.000|0.00|0
7253|HANDAL|0.355|0.355|0.360|+0.005|+1.41|1,540
3034|HAPSENG|9.800|9.750|9.830|+0.030|+0.31|7,395
3034CX|HAPSENG-CX|0.030|0.000|0.000|0.000|0.00|0
2062|HARBOUR|0.700|0.705|0.680|-0.020|-2.86|150
2062WC|HARBOUR-WC|0.085|0.000|0.000|0.000|0.00|0
5008|HARISON|3.880|0.000|0.000|0.000|0.00|0
7501|HARNLEN|0.660|0.650|0.650|-0.010|-1.52|17
5168|HARTA|4.630|4.630|4.610|-0.020|-0.43|56,488
516811|HARTA-C11|0.005|0.000|0.000|0.000|0.00|0
516815|HARTA-C15|0.020|0.000|0.000|0.000|0.00|0
516816|HARTA-C16|0.005|0.000|0.000|0.000|0.00|0
516817|HARTA-C17|0.005|0.000|0.000|0.000|0.00|0
516818|HARTA-C18|0.005|0.000|0.000|0.000|0.00|0
516819|HARTA-C19|0.055|0.000|0.000|0.000|0.00|0
516820|HARTA-C20|0.050|0.000|0.000|0.000|0.00|0
516821|HARTA-C21|0.060|0.000|0.000|0.000|0.00|0
516822|HARTA-C22|0.050|0.045|0.045|-0.005|-10.00|2,105
516823|HARTA-C23|0.150|0.145|0.145|-0.005|-3.33|20,000
5187|HBGLOB|0.120|0.115|0.120|0.000|0.00|4,325
7105|HCK|1.250|0.000|0.000|0.000|0.00|0
7105WA|HCK-WA|0.295|0.000|0.000|0.000|0.00|0
3255|HEIM|23.220|23.280|23.440|+0.220|+0.95|1,456
5121|HEKTAR|1.140|1.150|1.140|0.000|0.00|4,236
4324|HENGYUAN|5.900|5.880|5.810|-0.090|-1.53|2,881
4324C2|HENGYUAN-C2|0.005|0.000|0.000|0.000|0.00|0
4324C4|HENGYUAN-C4|0.030|0.000|0.000|0.000|0.00|0
4324C5|HENGYUAN-C5|0.035|0.000|0.000|0.000|0.00|0
4324C6|HENGYUAN-C6|0.055|0.000|0.000|0.000|0.00|0
4324C7|HENGYUAN-C7|0.170|0.000|0.000|0.000|0.00|0
4324C8|HENGYUAN-C8|0.110|0.105|0.105|-0.005|-4.55|200
4324C9|HENGYUAN-C9|0.150|0.000|0.000|0.000|0.00|0
4324CZ|HENGYUAN-CZ|0.005|0.000|0.000|0.000|0.00|0
5095|HEVEA|0.635|0.645|0.635|0.000|0.00|5,632
5095WB|HEVEA-WB|0.450|0.000|0.000|0.000|0.00|0
3298|HEXZA|0.700|0.695|0.695|-0.005|-0.71|30
0175|HHGROUP|0.120|0.115|0.120|0.000|0.00|1,240
0160|HHHCORP|0.090|0.090|0.090|0.000|0.00|3,701
5072|HIAPTEK|0.285|0.270|0.265|-0.020|-7.02|242,440
5072LA|HIAPTEK-LA|0.300|0.295|0.290|-0.010|-3.33|1,150
5072WB|HIAPTEK-WB|0.080|0.070|0.065|-0.015|-18.75|115,824
5199|HIBISCS|1.080|1.070|1.070|-0.010|-0.93|156,360
5199CM|HIBISCS-CM|0.095|0.085|0.085|-0.010|-10.53|190
5199CN|HIBISCS-CN|0.075|0.000|0.000|0.000|0.00|0
5199CO|HIBISCS-CO|0.080|0.000|0.000|0.000|0.00|0
5199CP|HIBISCS-CP|0.055|0.050|0.050|-0.005|-9.09|200
5199CQ|HIBISCS-CQ|0.130|0.125|0.125|-0.005|-3.85|20,960
5199CR|HIBISCS-CR|0.115|0.110|0.110|-0.005|-4.35|14,240
5199CS|HIBISCS-CS|0.110|0.085|0.085|-0.025|-22.73|200
5199CT|HIBISCS-CT|0.130|0.000|0.000|0.000|0.00|0
5199CU|HIBISCS-CU|0.095|0.095|0.095|0.000|0.00|7,501
5199CV|HIBISCS-CV|0.090|0.080|0.080|-0.010|-11.11|203
5199CW|HIBISCS-CW|0.095|0.000|0.000|0.000|0.00|0
5199WC|HIBISCS-WC|0.490|0.485|0.485|-0.005|-1.02|57,139
7033|HIGHTEC|1.200|0.000|0.000|0.000|0.00|0
8443|HIL|0.605|0.605|0.605|0.000|0.00|3,361
8443WB|HIL-WB|0.230|0.000|0.000|0.000|0.00|0
0505CF|HKEX-CF|0.425|0.000|0.000|0.000|0.00|0
5819|HLBANK|20.280|20.260|20.280|0.000|0.00|5,772
5819CN|HLBANK-CN|0.030|0.000|0.000|0.000|0.00|0
5819CO|HLBANK-CO|0.120|0.000|0.000|0.000|0.00|0
5274|HLCAP|9.600|0.000|0.000|0.000|0.00|0
1082|HLFG|18.980|18.940|19.000|+0.020|+0.11|3,650
3301|HLIND|9.900|9.870|9.950|+0.050|+0.51|2,066
0188|HLT|0.130|0.000|0.000|0.000|0.00|0
0188WA|HLT-WA|0.045|0.045|0.040|-0.005|-11.11|1,200
5169|HOHUP|0.425|0.435|0.420|-0.005|-1.18|4,673
5165|HOKHENG|0.630|0.630|0.665|+0.035|+5.56|1,905
5160|HOMERIZ|0.610|0.615|0.605|-0.005|-0.82|678
5160WA|HOMERIZ-WA|0.065|0.060|0.065|0.000|0.00|321
7010|HOOVER|0.600|0.640|0.640|+0.040|+6.67|10
06513U|HSI-C3U|0.015|0.000|0.000|0.000|0.00|0
06513V|HSI-C3V|0.005|0.000|0.000|0.000|0.00|0
06513W|HSI-C3W|0.190|0.000|0.000|0.000|0.00|0
06513X|HSI-C3X|0.745|0.000|0.000|0.000|0.00|0
06513Y|HSI-C3Y|0.050|0.000|0.000|0.000|0.00|0
06513Z|HSI-C3Z|0.110|0.095|0.105|-0.005|-4.55|132,006
06515A|HSI-C5A|0.290|0.265|0.295|+0.005|+1.72|497,416
06515B|HSI-C5B|0.580|0.565|0.610|+0.030|+5.17|24,029
06515C|HSI-C5C|0.145|0.140|0.150|+0.005|+3.45|80,092
06515D|HSI-C5D|0.255|0.240|0.270|+0.015|+5.88|366,933
06515E|HSI-C5E|0.535|0.505|0.540|+0.005|+0.93|54,274
06515F|HSI-C5F|0.905|0.000|0.000|0.000|0.00|0
06515G|HSI-C5G|0.445|0.425|0.460|+0.015|+3.37|168,221
06515H|HSI-C5H|0.685|0.730|0.730|+0.045|+6.57|100
06515I|HSI-C5I|1.080|0.000|0.000|0.000|0.00|0
06515J|HSI-C5J|0.585|0.565|0.595|+0.010|+1.71|39,835
06515K|HSI-C5K|0.895|0.920|0.920|+0.025|+2.79|90
06515L|HSI-C5L|1.410|0.000|0.000|0.000|0.00|0
06515M|HSI-C5M|1.810|0.000|0.000|0.000|0.00|0
06515N|HSI-C5N|0.240|0.230|0.245|+0.005|+2.08|750
06515O|HSI-C5O|0.380|0.390|0.390|+0.010|+2.63|50
06515P|HSI-C5P|0.575|0.540|0.570|-0.005|-0.87|100
06515Q|HSI-C5Q|0.855|0.000|0.000|0.000|0.00|0
06514V|HSI-H4V|0.005|0.000|0.000|0.000|0.00|0
06514W|HSI-H4W|0.005|0.000|0.000|0.000|0.00|0
06514X|HSI-H4X|0.005|0.000|0.000|0.000|0.00|0
06514Y|HSI-H4Y|0.005|0.000|0.000|0.000|0.00|0
06514Z|HSI-H4Z|0.005|0.010|0.005|0.000|0.00|2,260
06516A|HSI-H6A|0.015|0.015|0.015|0.000|0.00|15,708
06516B|HSI-H6B|0.030|0.025|0.025|-0.005|-16.67|1,100
06516C|HSI-H6C|0.080|0.080|0.070|-0.010|-12.50|64,097
06516D|HSI-H6D|0.050|0.000|0.000|0.000|0.00|0
06516E|HSI-H6E|0.110|0.000|0.000|0.000|0.00|0
06516F|HSI-H6F|0.240|0.245|0.220|-0.020|-8.33|375,621
06516G|HSI-H6G|0.450|0.465|0.425|-0.025|-5.56|324,687
06516H|HSI-H6H|0.070|0.000|0.000|0.000|0.00|0
06516I|HSI-H6I|0.130|0.000|0.000|0.000|0.00|0
06516J|HSI-H6J|0.260|0.260|0.240|-0.020|-7.69|22,680
06516K|HSI-H6K|0.065|0.000|0.000|0.000|0.00|0
06516L|HSI-H6L|0.120|0.000|0.000|0.000|0.00|0
06516M|HSI-H6M|0.165|0.175|0.165|0.000|0.00|1,630
06516N|HSI-H6N|0.290|0.300|0.280|-0.010|-3.45|6,720
06516O|HSI-H6O|0.230|0.235|0.235|+0.005|+2.17|3,000
06516P|HSI-H6P|0.345|0.355|0.355|+0.010|+2.90|800
06516Q|HSI-H6Q|0.455|0.500|0.490|+0.035|+7.69|11,000
06516R|HSI-H6R|0.630|0.735|0.705|+0.075|+11.90|5,554
6238|HSL|1.430|1.420|1.420|-0.010|-0.70|274
5138|HSPLANT|1.710|1.720|1.720|+0.010|+0.58|60
0185|HSSEB|1.160|1.170|1.170|+0.010|+0.86|7,449
0185WA|HSSEB-WA|0.210|0.210|0.210|0.000|0.00|50
5028|HTPADU|0.760|0.760|0.740|-0.020|-2.63|3,633
2739|HUAAN|0.255|0.255|0.250|-0.005|-1.96|86,655
5062|HUAYANG|0.385|0.385|0.385|0.000|0.00|912
7013|HUBLINE|0.060|0.055|0.060|0.000|0.00|24,651
7013WA|HUBLINE-WA|0.005|0.000|0.000|0.000|0.00|0
7013WB|HUBLINE-WB|0.005|0.005|0.005|0.000|0.00|75
7013WC|HUBLINE-WC|0.020|0.000|0.000|0.000|0.00|0
5000|HUMEIND|0.765|0.765|0.750|-0.015|-1.96|16,785
5024|HUPSENG|1.000|0.995|0.990|-0.010|-1.00|1,032
8478|HWATAI|0.320|0.320|0.320|0.000|0.00|180
9601|HWGB|0.100|0.100|0.100|0.000|0.00|30
9601WD|HWGB-WD|0.030|0.000|0.000|0.000|0.00|0
4251|IBHD|0.435|0.430|0.430|-0.005|-1.15|230
4251LB|IBHD-LB|0.320|0.000|0.000|0.000|0.00|0
4251WA|IBHD-WA|0.015|0.000|0.000|0.000|0.00|0
5084|IBRACO|0.655|0.000|0.000|0.000|0.00|0
5108|ICAP|2.400|2.400|2.400|0.000|0.00|90
0502CF|ICBC-CF|0.100|0.000|0.000|0.000|0.00|0
5255|ICON|0.090|0.090|0.095|+0.005|+5.56|14,950
9687|IDEAL|1.120|1.120|1.140|+0.020|+1.79|546
9687WB|IDEAL-WB|0.370|0.370|0.370|0.000|0.00|470
0174|IDMENSN|0.025|0.030|0.025|0.000|0.00|3
0174WA|IDMENSN-WA|0.005|0.000|0.000|0.000|0.00|0
0023|IFCAMSC|0.440|0.440|0.435|-0.005|-1.14|115,050
5606|IGBB|2.560|2.590|2.630|+0.070|+2.73|2,382
5606PA|IGBB-PA|1.110|0.000|0.000|0.000|0.00|0
5606PB|IGBB-PB|3.200|0.000|0.000|0.000|0.00|0
5227|IGBREIT|1.870|1.860|1.860|-0.010|-0.53|39,461
5225|IHH|5.800|5.780|5.800|0.000|0.00|30,726
522510|IHH-C10|0.120|0.115|0.120|0.000|0.00|700
522511|IHH-C11|0.150|0.140|0.140|-0.010|-6.67|6,000
5225C7|IHH-C7|0.035|0.035|0.035|0.000|0.00|1,000
5225C8|IHH-C8|0.105|0.000|0.000|0.000|0.00|0
5225C9|IHH-C9|0.095|0.000|0.000|0.000|0.00|0
0401GA|IHS046000824|97.500|0.000|0.000|0.000|0.00|0
3336|IJM|2.180|2.150|2.170|-0.010|-0.46|31,600
333620|IJM-C20|0.085|0.000|0.000|0.000|0.00|0
333621|IJM-C21|0.120|0.120|0.120|0.000|0.00|4
333624|IJM-C24|0.175|0.175|0.175|0.000|0.00|200
333625|IJM-C25|0.200|0.200|0.200|0.000|0.00|200
333626|IJM-C26|0.150|0.130|0.130|-0.020|-13.33|13,974
2216|IJMPLNT|1.570|1.620|1.600|+0.030|+1.91|215
5268|IKHMAS|0.160|0.160|0.155|-0.005|-3.13|2,852
5614|ILB|0.395|0.000|0.000|0.000|0.00|0
7222|IMASPRO|1.960|1.970|1.980|+0.020|+1.02|11,514
0166|INARI|1.610|1.600|1.600|-0.010|-0.62|44,679
016621|INARI-C21|0.005|0.000|0.000|0.000|0.00|0
016623|INARI-C23|0.005|0.000|0.000|0.000|0.00|0
016624|INARI-C24|0.005|0.000|0.000|0.000|0.00|0
016625|INARI-C25|0.005|0.000|0.000|0.000|0.00|0
016626|INARI-C26|0.035|0.000|0.000|0.000|0.00|0
016627|INARI-C27|0.035|0.035|0.040|+0.005|+14.29|22,529
016628|INARI-C28|0.035|0.030|0.035|0.000|0.00|13,500
016629|INARI-C29|0.070|0.000|0.000|0.000|0.00|0
016630|INARI-C30|0.060|0.000|0.000|0.000|0.00|0
016631|INARI-C31|0.130|0.125|0.125|-0.005|-3.85|15,046
016632|INARI-C32|0.130|0.000|0.000|0.000|0.00|0
016633|INARI-C33|0.270|0.000|0.000|0.000|0.00|0
016634|INARI-C34|0.085|0.080|0.085|0.000|0.00|22,800
016635|INARI-C35|0.070|0.065|0.065|-0.005|-7.14|5,000
016636|INARI-C36|0.085|0.080|0.080|-0.005|-5.88|200
016637|INARI-C37|0.105|0.110|0.105|0.000|0.00|4
016638|INARI-C38|0.105|0.100|0.095|-0.010|-9.52|14,000
016639|INARI-C39|0.150|0.175|0.180|+0.030|+20.00|20,000
0166WB|INARI-WB|1.050|1.040|1.050|0.000|0.00|992
2607|INCKEN|0.635|0.635|0.635|0.000|0.00|100
0094|INIX|0.065|0.065|0.075|+0.010|+15.38|132,792
0094WA|INIX-WA|0.020|0.025|0.030|+0.010|+50.00|40,387
0147|INNITY|0.575|0.535|0.565|-0.010|-1.74|204
6262|INNO|0.750|0.000|0.000|0.000|0.00|0
3379|INSAS|0.745|0.745|0.755|+0.010|+1.34|1,437
3379PA|INSAS-PA|0.980|0.980|0.980|0.000|0.00|2
3379WB|INSAS-WB|0.065|0.065|0.070|+0.005|+7.69|1,803
0192|INTA|0.275|0.275|0.280|+0.005|+1.82|10,700
1961|IOICORP|4.520|4.480|4.460|-0.060|-1.33|34,458
196119|IOICORP-C19|0.040|0.035|0.035|-0.005|-12.50|2,500
196120|IOICORP-C20|0.085|0.000|0.000|0.000|0.00|0
196121|IOICORP-C21|0.150|0.110|0.110|-0.040|-26.67|20,000
5249|IOIPG|1.300|1.300|1.330|+0.030|+2.31|50,344
5249CV|IOIPG-CV|0.130|0.000|0.000|0.000|0.00|0
5673|IPMUDA|0.530|0.490|0.490|-0.040|-7.55|1
5107|IQGROUP|1.120|1.120|1.120|0.000|0.00|16
8834|IREKA|0.545|0.000|0.000|0.000|0.00|0
8834WB|IREKA-WB|0.005|0.000|0.000|0.000|0.00|0
7183|IRETEX|0.150|0.160|0.160|+0.010|+6.67|1,363
7183LA|IRETEX-LA|0.020|0.000|0.000|0.000|0.00|0
7183WA|IRETEX-WA|0.005|0.000|0.000|0.000|0.00|0
0010|IRIS|0.155|0.150|0.150|-0.005|-3.23|208,252
9393|ITRONIC|0.105|0.100|0.105|0.000|0.00|850
5175|IVORY|0.205|0.200|0.200|-0.005|-2.44|1,900
1589|IWCITY|0.695|0.690|0.685|-0.010|-1.44|79,744
7223|JADI|0.035|0.000|0.000|0.000|0.00|0
0024|JAG|0.050|0.045|0.045|-0.005|-10.00|15,835
0024WA|JAG-WA|0.005|0.000|0.000|0.000|0.00|0
0024WB|JAG-WB|0.010|0.010|0.010|0.000|0.00|200
4723|JAKS|0.750|0.750|0.730|-0.020|-2.67|41,366
4723WB|JAKS-WB|0.480|0.480|0.460|-0.020|-4.17|2,131
8648|JASKITA|0.120|0.000|0.000|0.000|0.00|0
7152|JAYCORP|0.955|0.955|0.945|-0.010|-1.05|644
0058|JCBNEXT|1.540|0.000|0.000|0.000|0.00|0
5161|JCY|0.200|0.200|0.200|0.000|0.00|8,670
8931|JERASIA|0.385|0.000|0.000|0.000|0.00|0
9083|JETSON|0.185|0.000|0.000|0.000|0.00|0
0146|JFTECH|0.890|0.900|0.885|-0.005|-0.56|656
0127|JHM|1.310|1.300|1.280|-0.030|-2.29|21,541
8923|JIANKUN|0.325|0.000|0.000|0.000|0.00|0
8923WA|JIANKUN-WA|0.075|0.000|0.000|0.000|0.00|0
6769|JKGLAND|0.075|0.080|0.075|0.000|0.00|1,047
03003|JMEDU|0.535|0.000|0.000|0.000|0.00|0
7043|JMR|1.030|1.020|1.030|0.000|0.00|150
3441|JOHAN|0.085|0.000|0.000|0.000|0.00|0
7167|JOHOTIN|1.370|1.370|1.370|0.000|0.00|2,356
4383|JTIASA|0.530|0.525|0.530|0.000|0.00|971
0111|K1|0.220|0.220|0.220|0.000|0.00|22,369
0111WC|K1-WC|0.100|0.100|0.100|0.000|0.00|10,737
0193|KAB|0.205|0.205|0.215|+0.010|+4.88|2,813
8672|KAMDAR|0.290|0.000|0.000|0.000|0.00|0
0170|KANGER|0.040|0.040|0.040|0.000|0.00|480
0170WA|KANGER-WA|0.015|0.000|0.000|0.000|0.00|0
5247|KAREX|0.450|0.450|0.445|-0.005|-1.11|24,508
0054|KARYON|0.130|0.130|0.130|0.000|0.00|75
7216|KAWAN|1.720|1.660|1.680|-0.040|-2.33|569
3115|KBUNAI|0.085|0.085|0.085|0.000|0.00|890
3115WC|KBUNAI-WC|0.020|0.020|0.020|0.000|0.00|5,300
7199|KEINHIN|0.625|0.000|0.000|0.000|0.00|0
7323|KEN|0.680|0.000|0.000|0.000|0.00|0
6483|KENANGA|0.520|0.520|0.530|+0.010|+1.92|271
7161|KERJAYA|1.240|1.240|1.240|0.000|0.00|3,220
7161CJ|KERJAYA-CJ|0.020|0.000|0.000|0.000|0.00|0
7161CK|KERJAYA-CK|0.060|0.060|0.060|0.000|0.00|4,000
7161WB|KERJAYA-WB|0.185|0.175|0.175|-0.010|-5.41|248
9334|KESM|8.600|8.500|8.500|-0.100|-1.16|19
0143|KEYASIC|0.105|0.105|0.105|0.000|0.00|47,229
6491|KFIMA|1.650|1.650|1.650|0.000|0.00|191
8303|KFM|0.170|0.000|0.000|0.000|0.00|0
0151|KGB|1.270|1.270|1.260|-0.010|-0.79|2,190
0151WA|KGB-WA|0.750|0.745|0.740|-0.010|-1.33|2,255
0036|KGROUP|0.040|0.040|0.040|0.000|0.00|1,359
0036WB|KGROUP-WB|0.005|0.000|0.000|0.000|0.00|0
6203|KHEESAN|0.610|0.000|0.000|0.000|0.00|0
7062|KHIND|1.730|1.700|1.700|-0.030|-1.73|100
6211|KIALIM|0.220|0.220|0.220|0.000|0.00|150
3522|KIANJOO|3.100|3.100|3.100|0.000|0.00|2,775
5371|KIMHIN|1.150|1.170|1.160|+0.010|+0.87|76
5171|KIMLUN|1.180|1.190|1.180|0.000|0.00|600
5171WA|KIMLUN-WA|0.340|0.000|0.000|0.000|0.00|0
5060|KINSTEL|0.005|0.000|0.000|0.000|0.00|0
5280|KIPREIT|0.885|0.880|0.885|0.000|0.00|3,924
9466|KKB|1.230|1.230|1.220|-0.010|-0.81|2,403
5235SS|KLCC|7.800|7.800|7.800|0.000|0.00|397
2445|KLK|24.700|24.420|24.660|-0.040|-0.16|1,264
2445C2|KLK-C2|0.125|0.000|0.000|0.000|0.00|0
2453|KLUANG|3.300|3.300|3.320|+0.020|+0.61|230
5027|KMLOONG|1.220|1.220|1.190|-0.030|-2.46|2,118
5027WB|KMLOONG-WB|0.230|0.245|0.245|+0.015|+6.52|100
7164|KNM|0.115|0.115|0.120|+0.005|+4.35|90,841
7164WB|KNM-WB|0.015|0.010|0.015|0.000|0.00|346
5035|KNUSFOR|0.430|0.000|0.000|0.000|0.00|0
6971|KOBAY|1.480|1.480|1.470|-0.010|-0.68|30
7017|KOMARK|0.275|0.275|0.275|0.000|0.00|13,862
7017WB|KOMARK-WB|0.035|0.035|0.035|0.000|0.00|26,872
7153|KOSSAN|3.460|3.460|3.500|+0.040|+1.16|3,032
7153C1|KOSSAN-C1|0.150|0.000|0.000|0.000|0.00|0
7153CZ|KOSSAN-CZ|0.150|0.000|0.000|0.000|0.00|0
0002|KOTRA|1.700|0.000|0.000|0.000|0.00|0
5878|KPJ|0.995|1.000|1.000|+0.005|+0.50|26,061
5878CS|KPJ-CS|0.030|0.000|0.000|0.000|0.00|0
5878CT|KPJ-CT|0.150|0.000|0.000|0.000|0.00|0
7130|KPOWER|0.310|0.000|0.000|0.000|0.00|0
5843|KPS|1.380|1.380|1.390|+0.010|+0.72|1,710
9121|KPSCB|0.510|0.500|0.520|+0.010|+1.96|2,850
1996|KRETAM|0.400|0.395|0.405|+0.005|+1.25|120
0176|KRONO|0.590|0.590|0.585|-0.005|-0.85|11,409
3476|KSENG|4.700|4.700|4.680|-0.020|-0.43|85
5038|KSL|0.905|0.905|0.890|-0.015|-1.66|3,614
5192|KSSC|0.505|0.505|0.500|-0.005|-0.99|2,485
5172|KSTAR|0.075|0.000|0.000|0.000|0.00|0
5172WA|KSTAR-WA|0.005|0.000|0.000|0.000|0.00|0
4847|KTB|0.075|0.070|0.070|-0.005|-6.67|700
0180|KTC|0.175|0.175|0.175|0.000|0.00|4,068
6874|KUB|0.395|0.395|0.405|+0.010|+2.53|32,117
2186|KUCHAI|1.560|1.550|1.540|-0.020|-1.28|500
6572|KWANTAS|0.800|0.800|0.800|0.000|0.00|90
8362|KYM|0.320|0.000|0.000|0.000|0.00|0
3174|L&G|0.155|0.150|0.150|-0.005|-3.23|7,219
3794|LAFMSIA|2.550|2.570|2.550|0.000|0.00|13,714
3794CE|LAFMSIA-CE|0.085|0.095|0.085|0.000|0.00|2,373
0018|LAMBO|0.150|0.150|0.150|0.000|0.00|112,241
1643|LANDMRK|0.465|0.455|0.465|0.000|0.00|640
7006|LATITUD|3.990|0.000|0.000|0.000|0.00|0
9385|LAYHONG|0.425|0.425|0.425|0.000|0.00|11,950
9385WA|LAYHONG-WA|0.190|0.190|0.185|-0.005|-2.63|2,189
9326|LBALUM|0.485|0.485|0.485|0.000|0.00|70
8494|LBICAP|0.920|0.910|0.925|+0.005|+0.54|1,190
5789|LBS|0.635|0.640|0.640|+0.005|+0.79|2,796
5789PA|LBS-PA|0.850|0.860|0.850|0.000|0.00|20
5789WB|LBS-WB|0.235|0.000|0.000|0.000|0.00|0
5284|LCTITAN|4.180|4.180|4.050|-0.130|-3.11|23,353
9628|LEBTECH|0.830|0.000|0.000|0.000|0.00|0
8079|LEESK|0.900|0.870|0.870|-0.030|-3.33|60
5232|LEONFB|0.485|0.490|0.490|+0.005|+1.03|370
8745|LEWEKO|0.150|0.000|0.000|0.000|0.00|0
8745WB|LEWEKO-WB|0.055|0.000|0.000|0.000|0.00|0
7170|LFECORP|0.110|0.000|0.000|0.000|0.00|0
3573|LIENHOE|0.285|0.270|0.285|0.000|0.00|17
7089|LIIHEN|2.640|2.630|2.650|+0.010|+0.38|539
8486|LIONFIB|0.425|0.000|0.000|0.000|0.00|0
4235|LIONIND|0.525|0.525|0.525|0.000|0.00|11,816
6645|LITRAK|4.350|4.300|4.310|-0.040|-0.92|12,923
0182|LKL|0.115|0.115|0.115|0.000|0.00|535
7126|LONBISC|0.405|0.400|0.385|-0.020|-4.94|23,013
7126WA|LONBISC-WA|0.040|0.035|0.030|-0.010|-25.00|752
8621|LPI|16.000|16.000|15.960|-0.040|-0.25|1,463
9881|LSTEEL|0.290|0.285|0.285|-0.005|-1.72|200
7085|LTKM|1.180|1.180|1.180|0.000|0.00|50
5068|LUSTER|0.080|0.075|0.075|-0.005|-6.25|8,550
5068WA|LUSTER-WA|0.030|0.030|0.030|0.000|0.00|500
5068WB|LUSTER-WB|0.035|0.030|0.035|0.000|0.00|1,105
5143|LUXCHEM|0.525|0.525|0.520|-0.005|-0.95|1,642
0075|LYC|0.325|0.320|0.325|0.000|0.00|562
9199|LYSAGHT|2.670|0.000|0.000|0.000|0.00|0
5078|M&G|0.090|0.090|0.090|0.000|0.00|231
0017|M3TECH|0.055|0.050|0.050|-0.005|-9.09|7,815
0017WA|M3TECH-WA|0.005|0.000|0.000|0.000|0.00|0
1198|MAA|1.020|1.020|1.020|0.000|0.00|4,018
7617|MAGNA|0.930|0.000|0.000|0.000|0.00|0
7617WB|MAGNA-WB|0.190|0.000|0.000|0.000|0.00|0
7087|MAGNI|4.620|4.700|4.670|+0.050|+1.08|1,108
3859|MAGNUM|2.400|2.390|2.370|-0.030|-1.25|5,211
8583|MAHSING|0.915|0.915|0.935|+0.020|+2.19|2,775
858317|MAHSING-C17|0.040|0.000|0.000|0.000|0.00|0
858318|MAHSING-C18|0.030|0.000|0.000|0.000|0.00|0
858319|MAHSING-C19|0.020|0.000|0.000|0.000|0.00|0
8583WC|MAHSING-WC|0.020|0.000|0.000|0.000|0.00|0
5264|MALAKOF|0.905|0.905|0.905|0.000|0.00|7,238
526412|MALAKOFC12|0.005|0.000|0.000|0.000|0.00|0
526415|MALAKOFC15|0.025|0.000|0.000|0.000|0.00|0
526416|MALAKOFC16|0.005|0.000|0.000|0.000|0.00|0
526417|MALAKOFC17|0.090|0.000|0.000|0.000|0.00|0
526418|MALAKOFC18|0.055|0.050|0.050|-0.005|-9.09|11,600
526419|MALAKOFC19|0.115|0.000|0.000|0.000|0.00|0
526420|MALAKOFC20|0.085|0.085|0.080|-0.005|-5.88|1,000
526421|MALAKOFC21|0.080|0.000|0.000|0.000|0.00|0
526422|MALAKOFC22|0.045|0.045|0.045|0.000|0.00|7,000
526423|MALAKOFC23|0.150|0.150|0.155|+0.005|+3.33|9,000
4936|MALPAC|0.850|0.000|0.000|0.000|0.00|0
6181|MALTON|0.490|0.485|0.490|0.000|0.00|7,279
1058|MANULFE|2.650|0.000|0.000|0.000|0.00|0
3514|MARCO|0.125|0.000|0.000|0.000|0.00|0
5098|MASTEEL|0.480|0.475|0.475|-0.005|-1.04|5,801
7029|MASTER|0.825|0.805|0.795|-0.030|-3.64|10,297
0189|MATANG|0.070|0.075|0.075|+0.005|+7.14|2,155
5236|MATRIX|1.900|1.900|1.910|+0.010|+0.53|2,293
5236WA|MATRIX-WA|0.110|0.110|0.115|+0.005|+4.55|6,663
6012|MAXIS|5.450|5.400|5.360|-0.090|-1.65|20,739
601210|MAXIS-C10|0.060|0.060|0.055|-0.005|-8.33|8
6012C8|MAXIS-C8|0.065|0.000|0.000|0.000|0.00|0
6012C9|MAXIS-C9|0.050|0.040|0.040|-0.010|-20.00|200
5189|MAXWELL|0.010|0.000|0.000|0.000|0.00|0
5189WA|MAXWELL-WA|0.005|0.000|0.000|0.000|0.00|0
1155|MAYBANK|9.260|9.260|9.260|0.000|0.00|107,585
115543|MAYBANKC43|0.040|0.045|0.035|-0.005|-12.50|115
115544|MAYBANKC44|0.005|0.000|0.000|0.000|0.00|0
115546|MAYBANKC46|0.005|0.010|0.010|+0.005|+100.00|4,595
115547|MAYBANKC47|0.035|0.000|0.000|0.000|0.00|0
115548|MAYBANKC48|0.030|0.000|0.000|0.000|0.00|0
115549|MAYBANKC49|0.095|0.000|0.000|0.000|0.00|0
115550|MAYBANKC50|0.075|0.070|0.075|0.000|0.00|10,000
115551|MAYBANKC51|0.075|0.000|0.000|0.000|0.00|0
115552|MAYBANKC52|0.040|0.040|0.040|0.000|0.00|80
115553|MAYBANKC53|0.150|0.000|0.000|0.000|0.00|0
5077|MAYBULK|0.535|0.535|0.545|+0.010|+1.87|990
5886|MBG|0.800|0.800|0.800|0.000|0.00|26
5152|MBL|1.280|1.250|1.300|+0.020|+1.56|1,935
5152WA|MBL-WA|0.440|0.440|0.440|0.000|0.00|15
5983|MBMR|2.690|2.750|2.700|+0.010|+0.37|4,237
1171|MBSB|0.935|0.935|0.950|+0.015|+1.60|37,677
117115|MBSB-C15|0.010|0.000|0.000|0.000|0.00|0
117116|MBSB-C16|0.060|0.000|0.000|0.000|0.00|0
117117|MBSB-C17|0.030|0.030|0.030|0.000|0.00|1,215
117118|MBSB-C18|0.055|0.000|0.000|0.000|0.00|0
117119|MBSB-C19|0.045|0.000|0.000|0.000|0.00|0
117120|MBSB-C20|0.015|0.000|0.000|0.000|0.00|0
117121|MBSB-C21|0.030|0.000|0.000|0.000|0.00|0
7189|MBWORLD|1.620|0.000|0.000|0.000|0.00|0
7004|MCEHLDG|0.640|0.640|0.710|+0.070|+10.94|205
0167|MCLEAN|0.085|0.000|0.000|0.000|0.00|0
0167WB|MCLEAN-WB|0.025|0.000|0.000|0.000|0.00|0
5182|MCT|0.550|0.555|0.530|-0.020|-3.64|40
4502|MEDIA|0.490|0.490|0.470|-0.020|-4.08|17,605
5090|MEDIAC|0.220|0.225|0.225|+0.005|+2.27|2,497
0081|MEGASUN|0.120|0.125|0.125|+0.005|+4.17|1,300
0081WA|MEGASUN-WA|0.010|0.000|0.000|0.000|0.00|0
5129|MELATI|0.455|0.000|0.000|0.000|0.00|0
3778|MELEWAR|0.130|0.135|0.140|+0.010|+7.69|598
3778WB|MELEWAR-WB|0.045|0.000|0.000|0.000|0.00|0
1694|MENANG|0.390|0.375|0.375|-0.015|-3.85|64
1694WB|MENANG-WB|0.010|0.000|0.000|0.000|0.00|0
0577C2|MENGNIU-C2|0.180|0.000|0.000|0.000|0.00|0
5223|MENTIGA|0.590|0.575|0.575|-0.015|-2.54|220
8192|MERCURY|0.810|0.000|0.000|0.000|0.00|0
5006|MERGE|1.430|1.410|1.420|-0.010|-0.70|470
5040|MERIDIAN|0.290|0.290|0.300|+0.010|+3.45|2,730
5040WA|MERIDIAN-WA|0.105|0.000|0.000|0.000|0.00|0
5040WB|MERIDIAN-WB|0.020|0.020|0.025|+0.005|+25.00|676
5040WC|MERIDIAN-WC|0.020|0.025|0.030|+0.010|+50.00|191
7234|MESB|0.295|0.000|0.000|0.000|0.00|0
7234WA|MESB-WA|0.100|0.090|0.100|0.000|0.00|274
0826EA|METFAPA|1.040|0.000|0.000|0.000|0.00|0
0825EA|METFSID|0.807|0.000|0.000|0.000|0.00|0
0827EA|METFUS50|1.080|0.000|0.000|0.000|0.00|0
6149|METROD|1.700|0.000|0.000|0.000|0.00|0
3069|MFCB|3.800|3.800|3.800|0.000|0.00|4,139
3069WA|MFCB-WA|1.660|1.630|1.670|+0.010|+0.60|282
03015|MFGROUP|0.220|0.000|0.000|0.000|0.00|0
3662|MFLOUR|0.735|0.735|0.740|+0.005|+0.68|41,698
3662LA|MFLOUR-LA|1.460|1.460|1.460|0.000|0.00|3,730
3662WC|MFLOUR-WC|0.375|0.375|0.370|-0.005|-1.33|14,075
7595|MGB|0.750|0.750|0.735|-0.015|-2.00|40
7595WA|MGB-WA|0.250|0.000|0.000|0.000|0.00|0
0155|MGRC|0.270|0.000|0.000|0.000|0.00|0
5186|MHB|0.800|0.800|0.800|0.000|0.00|2,669
518613|MHB-C13|0.020|0.000|0.000|0.000|0.00|0
5026|MHC|0.590|0.000|0.000|0.000|0.00|0
03005|MHCARE|0.460|0.460|0.460|0.000|0.00|200
5286|MI|2.180|2.180|2.280|+0.100|+4.59|10,007
5286CA|MI-CA|0.090|0.000|0.000|0.000|0.00|0
5286CB|MI-CB|0.035|0.000|0.000|0.000|0.00|0
5286CC|MI-CC|0.045|0.050|0.050|+0.005|+11.11|800
5286CD|MI-CD|0.135|0.130|0.130|-0.005|-3.70|600
5286CE|MI-CE|0.150|0.000|0.000|0.000|0.00|0
5286CF|MI-CF|0.065|0.085|0.085|+0.020|+30.77|2,000
0126|MICROLN|0.410|0.000|0.000|0.000|0.00|0
5001|MIECO|0.265|0.265|0.270|+0.005|+1.89|7,222
0112|MIKROMB|0.260|0.260|0.260|0.000|0.00|897
7935|MILUX|0.700|0.730|0.730|+0.030|+4.29|150
5166|MINDA|0.050|0.050|0.050|0.000|0.00|61,634
7219|MINETEC|0.060|0.060|0.060|0.000|0.00|540
7219WA|MINETEC-WA|0.005|0.000|0.000|0.000|0.00|0
5576|MINHO|0.295|0.290|0.280|-0.015|-5.08|1,266
5576WC|MINHO-WC|0.070|0.000|0.000|0.000|0.00|0
3816|MISC|6.680|6.650|6.680|0.000|0.00|8,502
381619|MISC-C19|0.140|0.000|0.000|0.000|0.00|0
381620|MISC-C20|0.080|0.000|0.000|0.000|0.00|0
381621|MISC-C21|0.160|0.000|0.000|0.000|0.00|0
381622|MISC-C22|0.100|0.000|0.000|0.000|0.00|0
9571|MITRA|0.390|0.390|0.385|-0.005|-1.28|28,756
9571WD|MITRA-WD|0.045|0.000|0.000|0.000|0.00|0
9571WE|MITRA-WE|0.105|0.095|0.095|-0.010|-9.52|210
8141|MJPERAK|0.210|0.210|0.210|0.000|0.00|288
6114|MKH|1.290|1.280|1.270|-0.020|-1.55|481
8893|MKLAND|0.190|0.190|0.185|-0.005|-2.63|436
0085|MLAB|0.040|0.040|0.040|0.000|0.00|25,875
0085WA|MLAB-WA|0.010|0.005|0.010|0.000|0.00|4,387
0085WB|MLAB-WB|0.005|0.000|0.000|0.000|0.00|0
0034|MMAG|0.220|0.220|0.220|0.000|0.00|140
0034PA|MMAG-PA|0.085|0.000|0.000|0.000|0.00|0
0034WB|MMAG-WB|0.060|0.000|0.000|0.000|0.00|0
2194|MMCCORP|1.000|1.000|0.990|-0.010|-1.00|19,082
219412|MMCCORPC12|0.055|0.050|0.050|-0.005|-9.09|700
0113|MMSV|0.930|0.920|0.950|+0.020|+2.15|528
0103|MNC|0.035|0.035|0.035|0.000|0.00|1
0103WA|MNC-WA|0.010|0.000|0.000|0.000|0.00|0
6459|MNRB|1.010|1.000|1.020|+0.010|+0.99|8,445
0156|MPAY|0.125|0.125|0.125|0.000|0.00|9,458
6548|MPCORP|0.045|0.000|0.000|0.000|0.00|0
5237|MPHBCAP|1.060|1.050|1.060|0.000|0.00|594
3867|MPI|9.730|9.730|9.800|+0.070|+0.72|1,145
5123|MQREIT|1.090|1.110|1.110|+0.020|+1.83|160
0070|MQTECH|0.030|0.025|0.025|-0.005|-16.67|7,000
0070WA|MQTECH-WA|0.010|0.000|0.000|0.000|0.00|0
1651|MRCB|0.860|0.855|0.875|+0.015|+1.74|193,838
165134|MRCB-C34|0.005|0.000|0.000|0.000|0.00|0
165136|MRCB-C36|0.060|0.000|0.000|0.000|0.00|0
165137|MRCB-C37|0.095|0.095|0.100|+0.005|+5.26|4,100
165138|MRCB-C38|0.070|0.070|0.070|0.000|0.00|500
165139|MRCB-C39|0.145|0.140|0.155|+0.010|+6.90|24,655
165140|MRCB-C40|0.170|0.000|0.000|0.000|0.00|0
165141|MRCB-C41|0.155|0.175|0.175|+0.020|+12.90|60
165142|MRCB-C42|0.055|0.000|0.000|0.000|0.00|0
165143|MRCB-C43|0.100|0.100|0.105|+0.005|+5.00|18,500
165144|MRCB-C44|0.090|0.085|0.095|+0.005|+5.56|60,400
1651WB|MRCB-WB|0.245|0.240|0.245|0.000|0.00|6,855
5916|MSC|0.910|0.900|0.895|-0.015|-1.65|211
5202|MSM|1.880|1.880|1.800|-0.080|-4.26|793
5011|MSNIAGA|1.560|1.610|1.560|0.000|0.00|200
5150|MSPORTS|0.010|0.000|0.000|0.000|0.00|0
5924|MTDACPI|0.165|0.165|0.160|-0.005|-3.03|617
0092|MTOUCHE|0.055|0.055|0.055|0.000|0.00|3,001
0092WB|MTOUCHE-WB|0.010|0.000|0.000|0.000|0.00|0
0092WC|MTOUCHE-WC|0.015|0.000|0.000|0.000|0.00|0
0043|MTRONIC|0.080|0.080|0.080|0.000|0.00|39,977
0043OR|MTRONIC-OR|0.005|0.005|0.005|0.000|0.00|136,057
3883|MUDA|1.860|1.860|1.870|+0.010|+0.54|3,241
5085|MUDAJYA|0.340|0.335|0.345|+0.005|+1.47|3,034
9539|MUH|0.530|0.450|0.450|-0.080|-15.09|20
5703|MUHIBAH|2.940|2.910|2.950|+0.010|+0.34|253
5703CJ|MUHIBAH-CJ|0.150|0.000|0.000|0.000|0.00|0
3891|MUIIND|0.170|0.165|0.165|-0.005|-2.94|3,052
3913|MUIPROP|0.180|0.175|0.175|-0.005|-2.78|1,193
3905|MULPHA|2.420|2.400|2.380|-0.040|-1.65|411
5087|MYCRON|0.275|0.000|0.000|0.000|0.00|0
5087WA|MYCRON-WA|0.080|0.000|0.000|0.000|0.00|0
0138|MYEG|1.390|1.380|1.440|+0.050|+3.60|714,833
013844|MYEG-C44|0.200|0.000|0.000|0.000|0.00|0
013846|MYEG-C46|0.010|0.000|0.000|0.000|0.00|0
013848|MYEG-C48|0.005|0.005|0.005|0.000|0.00|1,212
013849|MYEG-C49|0.010|0.000|0.000|0.000|0.00|0
013850|MYEG-C50|0.030|0.000|0.000|0.000|0.00|0
013851|MYEG-C51|0.010|0.000|0.000|0.000|0.00|0
013852|MYEG-C52|0.005|0.000|0.000|0.000|0.00|0
013853|MYEG-C53|0.030|0.030|0.030|0.000|0.00|1,800
013854|MYEG-C54|0.010|0.010|0.010|0.000|0.00|1,600
013855|MYEG-C55|0.135|0.125|0.135|0.000|0.00|260,224
013856|MYEG-C56|0.415|0.395|0.420|+0.005|+1.20|230
013857|MYEG-C57|0.215|0.215|0.215|0.000|0.00|4,000
013858|MYEG-C58|0.140|0.135|0.145|+0.005|+3.57|95,941
013859|MYEG-C59|0.205|0.205|0.215|+0.010|+4.88|62,746
013860|MYEG-C60|0.250|0.000|0.000|0.000|0.00|0
013861|MYEG-C61|0.145|0.145|0.150|+0.005|+3.45|21,124
013862|MYEG-C62|0.190|0.190|0.205|+0.015|+7.89|4,678
013863|MYEG-C63|0.160|0.155|0.165|+0.005|+3.13|25,360
013864|MYEG-C64|0.120|0.115|0.125|+0.005|+4.17|34,940
013865|MYEG-C65|0.125|0.125|0.135|+0.010|+8.00|93,561
013866|MYEG-C66|0.150|0.145|0.150|0.000|0.00|12,873
0821EA|MYETFDJ|1.050|1.045|1.045|-0.005|-0.48|5,160
0824EA|MYETFID|1.120|0.000|0.000|0.000|0.00|0
03010|MYKRIS|0.300|0.320|0.320|+0.020|+6.67|200
5275|MYNEWS|1.340|0.000|0.000|0.000|0.00|0
0041|MYSCM|0.245|0.240|0.240|-0.005|-2.04|2,684
0108|N2N|0.815|0.815|0.835|+0.020|+2.45|16,170
0108WB|N2N-WB|0.250|0.250|0.255|+0.005|+2.00|1,767
0206|NADIBHD|0.260|0.265|0.260|0.000|0.00|4,865
5073|NAIM|1.170|1.170|1.140|-0.030|-2.56|50,620
9806|NATWIDE|0.300|0.000|0.000|0.000|0.00|0
4707|NESTLE|145.000|145.000|146.400|+1.400|+0.97|311
4707CE|NESTLE-CE|0.025|0.000|0.000|0.000|0.00|0
0020|NETX|0.015|0.015|0.015|0.000|0.00|96,929
0020WB|NETX-WB|0.005|0.000|0.000|0.000|0.00|0
0096|NEXGRAM|0.020|0.015|0.020|0.000|0.00|1,653
0096WA|NEXGRAM-WA|0.005|0.000|0.000|0.000|0.00|0
0096WB|NEXGRAM-WB|0.005|0.000|0.000|0.000|0.00|0
0096WC|NEXGRAM-WC|0.005|0.000|0.000|0.000|0.00|0
7241|NGGB|0.490|0.495|0.485|-0.005|-1.02|4,838
7241WA|NGGB-WA|0.185|0.180|0.180|-0.005|-2.70|14,910
7060|NHFATT|2.680|0.000|0.000|0.000|0.00|0
7139|NICE|0.030|0.030|0.035|+0.005|+16.67|602
7139WB|NICE-WB|0.010|0.010|0.010|0.000|0.00|11,299
7215|NIHSIN|0.280|0.280|0.275|-0.005|-1.79|5,893
0083|NOTION|0.565|0.565|0.570|+0.005|+0.88|7,444
0083WC|NOTION-WC|0.255|0.000|0.000|0.000|0.00|0
0201|NOVA|0.475|0.470|0.470|-0.005|-1.05|188
0026|NOVAMSC|0.115|0.120|0.125|+0.010|+8.70|89,878
5047|NPC|1.800|1.800|1.780|-0.020|-1.11|31
03006|NPS|0.310|0.000|0.000|0.000|0.00|0
2038|NSOP|3.300|3.280|3.280|-0.020|-0.61|10
5066|NTPM|0.500|0.000|0.000|0.000|0.00|0
5025|NWP|0.075|0.075|0.075|0.000|0.00|1,285
4944|NYLEX|0.655|0.655|0.660|+0.005|+0.76|321
5533|OCB|0.450|0.450|0.450|0.000|0.00|300
0172|OCK|0.580|0.580|0.580|0.000|0.00|16,376
0172WA|OCK-WA|0.105|0.105|0.100|-0.005|-4.76|9,280
0049|OCNCASH|0.440|0.430|0.445|+0.005|+1.14|920
7071|OCR|0.285|0.285|0.270|-0.015|-5.26|28,321
7071PA|OCR-PA|0.030|0.030|0.025|-0.005|-16.67|1,200
7071WC|OCR-WC|0.035|0.000|0.000|0.000|0.00|0
7071WD|OCR-WD|0.075|0.075|0.075|0.000|0.00|3,960
7107|OFI|0.780|0.770|0.755|-0.025|-3.21|240
5827|OIB|2.020|0.000|0.000|0.000|0.00|0
7140|OKA|0.680|0.680|0.675|-0.005|-0.74|368
3018|OLYMPIA|0.110|0.110|0.110|0.000|0.00|1,135
9008|OMESTI|0.400|0.400|0.400|0.000|0.00|1,300
0035|OPCOM|0.630|0.635|0.685|+0.055|+8.73|64,229
0040|OPENSYS|0.330|0.330|0.330|0.000|0.00|8,049
4006|ORIENT|6.440|6.410|6.500|+0.060|+0.93|289
0079|ORION|0.220|0.215|0.210|-0.010|-4.55|180,606
0079WA|ORION-WA|0.145|0.140|0.140|-0.005|-3.45|82,054
5065|ORNA|0.990|0.985|0.985|-0.005|-0.51|100
5053|OSK|0.955|0.940|0.940|-0.015|-1.57|1,822
5053WC|OSK-WC|0.040|0.030|0.040|0.000|0.00|124
0053|OSKVI|0.470|0.470|0.460|-0.010|-2.13|2
0153|OVERSEA|0.115|0.000|0.000|0.000|0.00|0
5260|OWG|0.605|0.610|0.610|+0.005|+0.83|3,060
5260WA|OWG-WA|0.175|0.175|0.175|0.000|0.00|1,629
6009|P&O|1.010|1.010|1.010|0.000|0.00|83
7225|PA|0.055|0.050|0.050|-0.005|-9.09|2,100
7225WB|PA-WB|0.030|0.035|0.040|+0.010|+33.33|315
7052|PADINI|3.630|3.630|3.610|-0.020|-0.55|240
7052CV|PADINI-CV|0.005|0.000|0.000|0.000|0.00|0
7052CW|PADINI-CW|0.005|0.000|0.000|0.000|0.00|0
7052CX|PADINI-CX|0.100|0.000|0.000|0.000|0.00|0
7052CY|PADINI-CY|0.070|0.000|0.000|0.000|0.00|0
7052CZ|PADINI-CZ|0.125|0.000|0.000|0.000|0.00|0
3719|PANAMY|37.500|38.480|37.600|+0.100|+0.27|2
8419|PANSAR|0.800|0.790|0.800|0.000|0.00|105
8419WA|PANSAR-WA|0.305|0.290|0.305|0.000|0.00|440
5125|PANTECH|0.535|0.530|0.520|-0.015|-2.80|6,115
5125WA|PANTECH-WA|0.120|0.000|0.000|0.000|0.00|0
5125WB|PANTECH-WB|0.125|0.130|0.130|+0.005|+4.00|500
5022|PAOS|0.365|0.365|0.365|0.000|0.00|30
5022WA|PAOS-WA|0.065|0.000|0.000|0.000|0.00|0
9407|PARAGON|0.305|0.000|0.000|0.000|0.00|0
1724|PARAMON|2.040|2.090|2.100|+0.060|+2.94|60
5657|PARKSON|0.250|0.255|0.255|+0.005|+2.00|12,357
0022|PARLO|0.080|0.075|0.080|0.000|0.00|1,601
6912|PASDEC|0.390|0.400|0.405|+0.015|+3.85|2,455
6912WA|PASDEC-WA|0.070|0.000|0.000|0.000|0.00|0
0177|PASUKGB|0.050|0.000|0.000|0.000|0.00|0
5212|PAVREIT|1.800|1.800|1.800|0.000|0.00|26,769
5041|PBA|1.170|1.170|1.180|+0.010|+0.85|320
1295|PBBANK|23.400|23.400|23.280|-0.120|-0.51|72,777
129526|PBBANK-C26|0.005|0.000|0.000|0.000|0.00|0
129527|PBBANK-C27|0.025|0.015|0.015|-0.010|-40.00|1,710
129528|PBBANK-C28|0.105|0.000|0.000|0.000|0.00|0
129529|PBBANK-C29|0.115|0.095|0.095|-0.020|-17.39|1,458
129530|PBBANK-C30|0.095|0.000|0.000|0.000|0.00|0
129531|PBBANK-C31|0.100|0.100|0.095|-0.005|-5.00|41,816
6068|PCCS|0.390|0.390|0.385|-0.005|-1.28|8,759
6068WA|PCCS-WA|0.105|0.105|0.100|-0.005|-4.76|5,706
5183|PCHEM|9.050|9.050|9.150|+0.100|+1.10|41,292
518323|PCHEM-C23|0.015|0.000|0.000|0.000|0.00|0
518324|PCHEM-C24|0.015|0.000|0.000|0.000|0.00|0
518325|PCHEM-C25|0.045|0.000|0.000|0.000|0.00|0
518326|PCHEM-C26|0.085|0.000|0.000|0.000|0.00|0
518327|PCHEM-C27|0.130|0.000|0.000|0.000|0.00|0
518328|PCHEM-C28|0.115|0.000|0.000|0.000|0.00|0
518329|PCHEM-C29|0.140|0.145|0.145|+0.005|+3.57|400
518330|PCHEM-C30|0.175|0.000|0.000|0.000|0.00|0
518331|PCHEM-C31|0.080|0.090|0.090|+0.010|+12.50|4
6254|PDZ|0.030|0.035|0.035|+0.005|+16.67|100
6254WB|PDZ-WB|0.015|0.010|0.010|-0.005|-33.33|1,500
5622|PEB|0.900|0.850|0.850|-0.050|-5.56|4
5271|PECCA|1.060|1.060|1.060|0.000|0.00|1,887
5231|PELIKAN|0.340|0.335|0.360|+0.020|+5.88|270
5133|PENERGY|1.070|1.070|1.050|-0.020|-1.87|6,427
9997|PENSONI|0.400|0.400|0.400|0.000|0.00|109
9997WB|PENSONI-WB|0.115|0.000|0.000|0.000|0.00|0
7160|PENTA|3.460|3.480|3.470|+0.010|+0.29|4,261
7108|PERDANA|0.405|0.405|0.415|+0.010|+2.47|255,115
0047|PERISAI|0.005|0.000|0.000|0.000|0.00|0
7080|PERMAJU|0.495|0.495|0.495|0.000|0.00|118,288
5436|PERSTIM|4.900|4.900|4.900|0.000|0.00|80
8311|PESONA|0.225|0.225|0.235|+0.010|+4.44|18,281
8311WC|PESONA-WC|0.045|0.045|0.045|0.000|0.00|2,992
5219|PESTECH|1.080|1.060|1.030|-0.050|-4.63|4,388
5681|PETDAG|24.980|24.900|24.900|-0.080|-0.32|2,356
5681CX|PETDAG-CX|0.055|0.000|0.000|0.000|0.00|0
6033|PETGAS|17.640|17.620|17.680|+0.040|+0.23|4,551
6033CS|PETGAS-CS|0.010|0.000|0.000|0.000|0.00|0
3042|PETRONM|6.610|6.510|6.550|-0.060|-0.91|587
3042CS|PETRONM-CS|0.035|0.000|0.000|0.000|0.00|0
3611|PGLOBE|1.040|0.000|0.000|0.000|0.00|0
3611WA|PGLOBE-WA|0.075|0.000|0.000|0.000|0.00|0
7081|PHARMA|2.280|2.270|2.270|-0.010|-0.44|1,063
4464|PHB|0.020|0.020|0.020|0.000|0.00|500
7201|PICORP|0.130|0.130|0.135|+0.005|+3.85|11,172
7095|PIE|1.570|1.580|1.570|0.000|0.00|3,579
0006|PINEAPP|0.320|0.000|0.000|0.000|0.00|0
1902|PINEPAC|0.340|0.325|0.330|-0.010|-2.94|395
0527C2|PINGAN-C2|0.100|0.000|0.000|0.000|0.00|0
0527C3|PINGAN-C3|0.410|0.415|0.415|+0.005|+1.22|17,500
7163|PJBUMI|0.315|0.000|0.000|0.000|0.00|0
7163WA|PJBUMI-WA|0.050|0.000|0.000|0.000|0.00|0
0171|PLABS|0.310|0.310|0.310|0.000|0.00|1,525
7055|PLB|1.140|1.130|1.150|+0.010|+0.88|18
5075|PLENITU|1.460|1.510|1.510|+0.050|+3.42|70
9695|PLS|0.965|0.960|0.960|-0.005|-0.52|18,490
7172|PMBTECH|3.380|3.350|3.330|-0.050|-1.48|515
7172LA|PMBTECH-LA|3.620|0.000|0.000|0.000|0.00|0
7172WA|PMBTECH-WA|1.590|0.000|0.000|0.000|0.00|0
4081|PMCORP|0.140|0.000|0.000|0.000|0.00|0
8869|PMETAL|4.510|4.450|4.550|+0.040|+0.89|8,450
886915|PMETAL-C15|0.055|0.000|0.000|0.000|0.00|0
886917|PMETAL-C17|0.010|0.000|0.000|0.000|0.00|0
886918|PMETAL-C18|0.120|0.000|0.000|0.000|0.00|0
886919|PMETAL-C19|0.070|0.000|0.000|0.000|0.00|0
886920|PMETAL-C20|0.050|0.000|0.000|0.000|0.00|0
886921|PMETAL-C21|0.035|0.000|0.000|0.000|0.00|0
886922|PMETAL-C22|0.035|0.000|0.000|0.000|0.00|0
886923|PMETAL-C23|0.180|0.000|0.000|0.000|0.00|0
886924|PMETAL-C24|0.095|0.000|0.000|0.000|0.00|0
886925|PMETAL-C25|0.165|0.000|0.000|0.000|0.00|0
886926|PMETAL-C26|0.130|0.130|0.135|+0.005|+3.85|5,536
886927|PMETAL-C27|0.135|0.135|0.145|+0.010|+7.41|8
8869WC|PMETAL-WC|4.100|4.070|4.150|+0.050|+1.22|1,200
1287|PMHLDG|0.040|0.040|0.040|0.000|0.00|7,097
6637|PNEPCB|0.500|0.000|0.000|0.000|0.00|0
5080|POHKONG|0.485|0.485|0.490|+0.005|+1.03|290
7088|POHUAT|1.520|1.510|1.520|0.000|0.00|461
7088WB|POHUAT-WB|0.525|0.525|0.510|-0.015|-2.86|916
8117|POLY|0.440|0.000|0.000|0.000|0.00|0
03007|POLYMER|0.170|0.000|0.000|0.000|0.00|0
4634|POS|1.810|1.810|1.880|+0.070|+3.87|10,955
463421|POS-C21|0.005|0.000|0.000|0.000|0.00|0
463422|POS-C22|0.005|0.000|0.000|0.000|0.00|0
463423|POS-C23|0.005|0.000|0.000|0.000|0.00|0
463424|POS-C24|0.005|0.000|0.000|0.000|0.00|0
463425|POS-C25|0.005|0.000|0.000|0.000|0.00|0
463426|POS-C26|0.005|0.000|0.000|0.000|0.00|0
463427|POS-C27|0.005|0.000|0.000|0.000|0.00|0
463428|POS-C28|0.005|0.000|0.000|0.000|0.00|0
463429|POS-C29|0.035|0.000|0.000|0.000|0.00|0
463430|POS-C30|0.040|0.000|0.000|0.000|0.00|0
463431|POS-C31|0.070|0.000|0.000|0.000|0.00|0
463432|POS-C32|0.045|0.000|0.000|0.000|0.00|0
463433|POS-C33|0.100|0.100|0.100|0.000|0.00|290
463434|POS-C34|0.090|0.090|0.090|0.000|0.00|278
4065|PPB|18.080|17.980|18.080|0.000|0.00|11,287
4065CJ|PPB-CJ|0.115|0.000|0.000|0.000|0.00|0
7190|PPG|0.395|0.000|0.000|0.000|0.00|0
8273|PPHB|0.600|0.600|0.605|+0.005|+0.83|600
5204|PRESBHD|0.505|0.505|0.500|-0.005|-0.99|60,309
9873|PRESTAR|0.685|0.695|0.690|+0.005|+0.73|7,403
7168|PRG|0.740|0.735|0.740|0.000|0.00|2,120
7168WA|PRG-WA|0.345|0.000|0.000|0.000|0.00|0
0123|PRIVA|0.065|0.065|0.070|+0.005|+7.69|3,301
8346|PRKCORP|0.435|0.000|0.000|0.000|0.00|0
8966|PRLEXUS|0.555|0.550|0.555|0.000|0.00|278
8966WA|PRLEXUS-WA|0.080|0.000|0.000|0.000|0.00|0
5070|PRTASCO|0.260|0.255|0.260|0.000|0.00|6,931
5070WA|PRTASCO-WA|0.055|0.060|0.060|+0.005|+9.09|350
7145|PSIPTEK|0.125|0.125|0.130|+0.005|+4.00|1,412
7145WA|PSIPTEK-WA|0.020|0.020|0.025|+0.005|+25.00|1,450
9598|PTARAS|2.170|2.150|2.150|-0.020|-0.92|60
0038|PTB|0.145|0.000|0.000|0.000|0.00|0
0186|PTRANS|0.230|0.230|0.235|+0.005|+2.17|35,791
0186WA|PTRANS-WA|0.060|0.055|0.060|0.000|0.00|24,857
0007|PUC|0.100|0.095|0.095|-0.005|-5.00|186,214
0007WA|PUC-WA|0.065|0.060|0.065|0.000|0.00|3,637
6807|PUNCAK|0.360|0.365|0.360|0.000|0.00|5,497
7134|PWF|0.770|0.770|0.760|-0.010|-1.30|1,265
7134WA|PWF-WA|0.250|0.255|0.230|-0.020|-8.00|101
7123|PWORTH|0.050|0.055|0.055|+0.005|+10.00|25,057
7237|PWROOT|1.280|1.280|1.280|0.000|0.00|254
7237WA|PWROOT-WA|0.255|0.250|0.255|0.000|0.00|66
0196|QES|0.245|0.240|0.235|-0.010|-4.08|14,372
7084|QL|6.950|6.940|6.900|-0.050|-0.72|9,030
7084CL|QL-CL|0.050|0.000|0.000|0.000|0.00|0
7084CM|QL-CM|0.055|0.000|0.000|0.000|0.00|0
7084CN|QL-CN|0.085|0.090|0.085|0.000|0.00|4
7084CO|QL-CO|0.130|0.000|0.000|0.000|0.00|0
7544|QUALITY|0.815|0.000|0.000|0.000|0.00|0
7498|RALCO|0.280|0.270|0.260|-0.020|-7.14|53
7498WB|RALCO-WB|0.010|0.005|0.005|-0.005|-50.00|18
5272|RANHILL|1.360|1.350|1.330|-0.030|-2.21|719
7765|RAPID|5.700|5.660|5.740|+0.040|+0.70|23,968
9296|RCECAP|1.620|1.620|1.620|0.000|0.00|1,269
5256|REACH|0.305|0.305|0.300|-0.005|-1.64|42,939
5256WA|REACH-WA|0.060|0.055|0.055|-0.005|-8.33|119
03002|REDIDEA|0.280|0.000|0.000|0.000|0.00|0
0032|REDTONE|0.280|0.275|0.280|0.000|0.00|8,014
0032LA|REDTONE-LA|0.110|0.000|0.000|0.000|0.00|0
7232|RESINTC|0.310|0.000|0.000|0.000|0.00|0
0173|REV|0.210|0.210|0.210|0.000|0.00|200
0200|REVENUE|1.210|1.210|1.210|0.000|0.00|3,452
0200WA|REVENUE-WA|0.405|0.405|0.395|-0.010|-2.47|6,087
9946|REX|0.420|0.000|0.000|0.000|0.00|0
0106|REXIT|0.710|0.710|0.725|+0.015|+2.11|2,737
0037|RGB|0.210|0.210|0.210|0.000|0.00|15,287
9954|RGTBHD|0.175|0.175|0.175|0.000|0.00|2,570
9954WB|RGTBHD-WB|0.105|0.105|0.105|0.000|0.00|1,000
0202|RGTECH|0.235|0.230|0.230|-0.005|-2.13|2,200
1066|RHBBANK|5.690|5.720|5.690|0.000|0.00|28,785
106610|RHBBANKC10|0.090|0.000|0.000|0.000|0.00|0
106611|RHBBANKC11|0.040|0.000|0.000|0.000|0.00|0
106612|RHBBANKC12|0.090|0.090|0.090|0.000|0.00|1,048
106613|RHBBANKC13|0.080|0.075|0.070|-0.010|-12.50|404
5278|RHONEMA|0.770|0.730|0.730|-0.040|-5.19|58
9741|ROHAS|0.650|0.660|0.660|+0.010|+1.54|4,384
5113|RSAWIT|0.190|0.190|0.190|0.000|0.00|250
5270|RSENA|0.505|0.000|0.000|0.000|0.00|0
7803|RUBEREX|0.445|0.440|0.440|-0.005|-1.12|45
2542|RVIEW|3.000|0.000|0.000|0.000|0.00|0
5134|SAB|3.810|3.800|3.800|-0.010|-0.26|185
8567|SALCON|0.275|0.275|0.270|-0.005|-1.82|9,149
8567WB|SALCON-WB|0.085|0.080|0.080|-0.005|-5.88|1,340
0183|SALUTE|0.375|0.375|0.370|-0.005|-1.33|2,470
9822|SAM|7.680|7.680|7.810|+0.130|+1.69|15
5147|SAMCHEM|0.595|0.600|0.600|+0.005|+0.84|1,338
9113|SANBUMI|0.315|0.310|0.310|-0.005|-1.59|22,369
0541C9|SANDS-C9|0.115|0.000|0.000|0.000|0.00|0
0133|SANICHI|0.055|0.055|0.060|+0.005|+9.09|3,000
0133WC|SANICHI-WC|0.005|0.000|0.000|0.000|0.00|0
0133WD|SANICHI-WD|0.005|0.000|0.000|0.000|0.00|0
0133WE|SANICHI-WE|0.015|0.015|0.015|0.000|0.00|378
7811|SAPIND|0.750|0.760|0.740|-0.010|-1.33|20
5218|SAPNRG|0.330|0.330|0.335|+0.005|+1.52|1,041,663
5218PA|SAPNRG-PA|0.360|0.365|0.345|-0.015|-4.17|2,220
5218WA|SAPNRG-WA|0.130|0.130|0.130|0.000|0.00|417,264
521869|SAPNRGC69|0.005|0.000|0.000|0.000|0.00|0
521870|SAPNRGC70|0.060|0.000|0.000|0.000|0.00|0
521871|SAPNRGC71|0.005|0.000|0.000|0.000|0.00|0
521872|SAPNRGC72|0.015|0.005|0.005|-0.010|-66.67|125
521873|SAPNRGC73|0.030|0.000|0.000|0.000|0.00|0
521874|SAPNRGC74|0.030|0.030|0.030|0.000|0.00|1,490
521875|SAPNRGC75|0.080|0.075|0.080|0.000|0.00|10,000
521876|SAPNRGC76|0.075|0.075|0.075|0.000|0.00|19,794
4596|SAPRES|0.650|0.625|0.615|-0.035|-5.38|783
5252|SASBADI|0.230|0.230|0.230|0.000|0.00|38,931
5157|SAUDEE|0.320|0.000|0.000|0.000|0.00|0
5157WA|SAUDEE-WA|0.120|0.110|0.115|-0.005|-4.17|500
2569|SBAGAN|2.920|0.000|0.000|0.000|0.00|0
5207|SBCCORP|0.485|0.475|0.485|0.000|0.00|500
5170|SCABLE|0.350|0.350|0.340|-0.010|-2.86|10,139
0109|SCBUILD|0.025|0.000|0.000|0.000|0.00|0
0109WB|SCBUILD-WB|0.005|0.000|0.000|0.000|0.00|0
0158|SCC|0.520|0.000|0.000|0.000|0.00|0
7247|SCGM|1.070|1.060|1.070|0.000|0.00|3,747
7247WA|SCGM-WA|0.070|0.000|0.000|0.000|0.00|0
0161|SCH|0.130|0.000|0.000|0.000|0.00|0
0161WA|SCH-WA|0.040|0.040|0.040|0.000|0.00|900
9237|SCIB|0.590|0.585|0.585|-0.005|-0.85|390
0099|SCICOM|1.110|1.110|1.090|-0.020|-1.80|1,464
4731|SCIENTX|8.520|8.500|8.450|-0.070|-0.82|341
4731CF|SCIENTX-CF|0.060|0.000|0.000|0.000|0.00|0
7239|SCNWOLF|0.175|0.000|0.000|0.000|0.00|0
7158|SCOMI|0.050|0.050|0.055|+0.005|+10.00|8,382
7158WB|SCOMI-WB|0.015|0.015|0.015|0.000|0.00|1,765
7045|SCOMIES|0.090|0.090|0.085|-0.005|-5.56|42,179
0001|SCOMNET|0.755|0.760|0.755|0.000|0.00|4,825
0028|SCOPE|0.245|0.240|0.230|-0.015|-6.12|17,858
0028WA|SCOPE-WA|0.095|0.095|0.090|-0.005|-5.26|3,050
2224|SDRED|0.670|0.665|0.670|0.000|0.00|712
7073|SEACERA|0.335|0.335|0.340|+0.005|+1.49|266,687
7073WB|SEACERA-WB|0.005|0.000|0.000|0.000|0.00|0
7073WC|SEACERA-WC|0.040|0.035|0.040|0.000|0.00|8,052
4286|SEAL|0.340|0.340|0.340|0.000|0.00|288
5145|SEALINK|0.195|0.195|0.195|0.000|0.00|5,128
5163|SEB|0.380|0.390|0.365|-0.015|-3.95|443
0178|SEDANIA|0.130|0.130|0.130|0.000|0.00|1,920
7053|SEEHUP|0.910|0.000|0.000|0.000|0.00|0
03009|SEERS|0.100|0.000|0.000|0.000|0.00|0
9792|SEG|0.630|0.630|0.625|-0.005|-0.79|2,047
5250|SEM|1.480|1.470|1.480|0.000|0.00|1,030
5205|SENDAI|0.480|0.480|0.470|-0.010|-2.08|134,724
5279|SERBADK|3.800|3.800|3.820|+0.020|+0.53|3,635
5279CN|SERBADK-CN|0.005|0.000|0.000|0.000|0.00|0
5279CP|SERBADK-CP|0.060|0.000|0.000|0.000|0.00|0
5279CQ|SERBADK-CQ|0.170|0.000|0.000|0.000|0.00|0
5279CR|SERBADK-CR|0.130|0.125|0.125|-0.005|-3.85|650
5279CS|SERBADK-CS|0.090|0.000|0.000|0.000|0.00|0
7180|SERNKOU|0.525|0.000|0.000|0.000|0.00|0
7180WA|SERNKOU-WA|0.265|0.000|0.000|0.000|0.00|0
0055|SERSOL|0.100|0.095|0.105|+0.005|+5.00|203
0055WA|SERSOL-WA|0.045|0.000|0.000|0.000|0.00|0
5517|SHANG|5.700|5.680|5.600|-0.100|-1.75|5,956
4316|SHCHAN|0.370|0.000|0.000|0.000|0.00|0
7412|SHH|0.485|0.000|0.000|0.000|0.00|0
6017|SHL|2.360|0.000|0.000|0.000|0.00|0
5181|SIGGAS|0.955|0.955|0.970|+0.015|+1.57|12,044
7246|SIGN|0.485|0.485|0.495|+0.010|+2.06|7,682
7246WA|SIGN-WA|0.085|0.080|0.085|0.000|0.00|900
4197|SIME|2.260|2.260|2.230|-0.030|-1.33|67,200
419725|SIME-C25|0.005|0.000|0.000|0.000|0.00|0
419727|SIME-C27|0.005|0.000|0.000|0.000|0.00|0
419728|SIME-C28|0.015|0.000|0.000|0.000|0.00|0
419729|SIME-C29|0.040|0.000|0.000|0.000|0.00|0
419730|SIME-C30|0.035|0.000|0.000|0.000|0.00|0
419731|SIME-C31|0.035|0.000|0.000|0.000|0.00|0
419732|SIME-C32|0.100|0.095|0.090|-0.010|-10.00|26,962
419733|SIME-C33|0.060|0.055|0.055|-0.005|-8.33|12
5285|SIMEPLT|5.090|5.060|5.020|-0.070|-1.38|22,864
5285CH|SIMEPLT-CH|0.030|0.000|0.000|0.000|0.00|0
5285CI|SIMEPLT-CI|0.035|0.000|0.000|0.000|0.00|0
5285CJ|SIMEPLT-CJ|0.090|0.090|0.085|-0.005|-5.56|1,499
5285CK|SIMEPLT-CK|0.115|0.000|0.000|0.000|0.00|0
5288|SIMEPROP|1.090|1.100|1.100|+0.010|+0.92|2,804
5288CG|SIMEPROP-CG|0.020|0.000|0.000|0.000|0.00|0
5288CH|SIMEPROP-CH|0.050|0.000|0.000|0.000|0.00|0
5288CJ|SIMEPROP-CJ|0.020|0.000|0.000|0.000|0.00|0
5288CK|SIMEPROP-CK|0.045|0.000|0.000|0.000|0.00|0
5288CL|SIMEPROP-CL|0.060|0.000|0.000|0.000|0.00|0
5288CM|SIMEPROP-CM|0.150|0.120|0.120|-0.030|-20.00|4,500
8532|SINOTOP|0.285|0.270|0.270|-0.015|-5.26|11
9431|SJC|0.540|0.000|0.000|0.000|0.00|0
7115|SKBSHUT|0.580|0.000|0.000|0.000|0.00|0
7155|SKPRES|1.330|1.330|1.350|+0.020|+1.50|2,641
7155CN|SKPRES-CN|0.040|0.000|0.000|0.000|0.00|0
7155CO|SKPRES-CO|0.045|0.035|0.040|-0.005|-11.11|8,800
7155CP|SKPRES-CP|0.050|0.000|0.000|0.000|0.00|0
7155CQ|SKPRES-CQ|0.110|0.110|0.110|0.000|0.00|2,000
03008|SLIC|0.420|0.000|0.000|0.000|0.00|0
7248|SLP|1.220|1.220|1.220|0.000|0.00|30
9776|SMCAP|0.180|0.180|0.180|0.000|0.00|22,774
9776WC|SMCAP-WC|0.090|0.090|0.090|0.000|0.00|6,097
0203|SMETRIC|0.535|0.530|0.530|-0.005|-0.93|701
4375|SMI|0.170|0.170|0.170|0.000|0.00|360
7132|SMISCOR|0.480|0.000|0.000|0.000|0.00|0
0117|SMRT|0.120|0.115|0.115|-0.005|-4.17|200
0169|SMTRACK|0.075|0.080|0.095|+0.020|+26.67|10,430
7943|SNC|0.235|0.000|0.000|0.000|0.00|0
5213|SNTORIA|0.380|0.400|0.400|+0.020|+5.26|10
5213WA|SNTORIA-WA|0.005|0.000|0.000|0.000|0.00|0
5213WB|SNTORIA-WB|0.050|0.000|0.000|0.000|0.00|0
5242|SOLID|0.310|0.000|0.000|0.000|0.00|0
5242WA|SOLID-WA|0.075|0.070|0.070|-0.005|-6.67|600
0093|SOLUTN|0.085|0.085|0.085|0.000|0.00|2,500
0093WA|SOLUTN-WA|0.030|0.025|0.025|-0.005|-16.67|200
5126|SOP|2.480|2.470|2.470|-0.010|-0.40|91
0656CG|SP500-CG|0.830|0.740|0.730|-0.100|-12.05|200
0656CH|SP500-CH|1.440|1.390|1.390|-0.050|-3.47|600
0656CI|SP500-CI|0.935|0.860|0.860|-0.075|-8.02|11
0656HG|SP500-HG|0.165|0.185|0.175|+0.010|+6.06|650
0656HH|SP500-HH|0.275|0.295|0.285|+0.010|+3.64|404
0656HI|SP500-HI|0.800|0.000|0.000|0.000|0.00|0
1783|SPB|6.240|6.240|6.250|+0.010|+0.16|505
7103|SPRITZER|2.190|0.000|0.000|0.000|0.00|0
8664|SPSETIA|2.220|2.240|2.240|+0.020|+0.90|6,266
866410|SPSETIA-C10|0.010|0.000|0.000|0.000|0.00|0
866411|SPSETIA-C11|0.065|0.000|0.000|0.000|0.00|0
866412|SPSETIA-C12|0.105|0.090|0.090|-0.015|-14.29|400
866413|SPSETIA-C13|0.055|0.055|0.055|0.000|0.00|1,600
866414|SPSETIA-C14|0.105|0.000|0.000|0.000|0.00|0
866415|SPSETIA-C15|0.150|0.000|0.000|0.000|0.00|0
866416|SPSETIA-C16|0.070|0.000|0.000|0.000|0.00|0
8664PA|SPSETIA-PA|0.900|0.900|0.900|0.000|0.00|30
8664PB|SPSETIA-PB|0.770|0.000|0.000|0.000|0.00|0
0129|SRIDGE|0.210|0.215|0.205|-0.005|-2.38|3,509
0129WA|SRIDGE-WA|0.050|0.050|0.050|0.000|0.00|501
5665|SSTEEL|0.840|0.840|0.830|-0.010|-1.19|570
5665LB|SSTEEL-LB|0.760|0.000|0.000|0.000|0.00|0
6084|STAR|0.755|0.760|0.755|0.000|0.00|880
0140|STERPRO|0.160|0.160|0.165|+0.005|+3.13|2,250
0140WA|STERPRO-WA|0.030|0.000|0.000|0.000|0.00|0
7143|STONE|0.105|0.075|0.035|-0.070|-66.67|49,156
7143WA|STONE-WA|0.015|0.005|0.005|-0.010|-66.67|43,403
0080|STRAITS|0.270|0.265|0.270|0.000|0.00|71,851
0080WA|STRAITS-WA|0.165|0.165|0.165|0.000|0.00|47,951
6904|SUBUR|0.505|0.000|0.000|0.000|0.00|0
7207|SUCCESS|0.665|0.665|0.670|+0.005|+0.75|1,105
9865|SUIWAH|2.680|2.690|2.680|0.000|0.00|50
1201|SUMATEC|0.005|0.010|0.010|+0.005|+100.00|5,636
1201WA|SUMATEC-WA|0.005|0.000|0.000|0.000|0.00|0
5263|SUNCON|1.880|1.880|1.890|+0.010|+0.53|2,103
5263CU|SUNCON-CU|0.055|0.000|0.000|0.000|0.00|0
5263CV|SUNCON-CV|0.045|0.000|0.000|0.000|0.00|0
5263CW|SUNCON-CW|0.100|0.000|0.000|0.000|0.00|0
5176|SUNREIT|1.810|1.810|1.790|-0.020|-1.10|25,569
3743|SUNSURIA|0.620|0.645|0.625|+0.005|+0.81|205
3743WA|SUNSURIA-WA|0.045|0.035|0.035|-0.010|-22.22|150
5211|SUNWAY|1.680|1.680|1.690|+0.010|+0.60|5,928
5211WB|SUNWAY-WB|0.285|0.285|0.290|+0.005|+1.75|7,690
0148|SUNZEN|0.160|0.000|0.000|0.000|0.00|0
0148WA|SUNZEN-WA|0.045|0.000|0.000|0.000|0.00|0
0148WB|SUNZEN-WB|0.055|0.000|0.000|0.000|0.00|0
7235|SUPERLN|1.110|1.110|1.120|+0.010|+0.90|2,234
7106|SUPERMX|1.450|1.460|1.430|-0.020|-1.38|15,275
710648|SUPERMX-C48|0.005|0.000|0.000|0.000|0.00|0
710650|SUPERMX-C50|0.005|0.000|0.000|0.000|0.00|0
710652|SUPERMX-C52|0.005|0.000|0.000|0.000|0.00|0
710653|SUPERMX-C53|0.005|0.000|0.000|0.000|0.00|0
710654|SUPERMX-C54|0.040|0.000|0.000|0.000|0.00|0
710655|SUPERMX-C55|0.020|0.000|0.000|0.000|0.00|0
710656|SUPERMX-C56|0.075|0.080|0.075|0.000|0.00|2,320
710657|SUPERMX-C57|0.060|0.060|0.060|0.000|0.00|200
710658|SUPERMX-C58|0.040|0.000|0.000|0.000|0.00|0
710659|SUPERMX-C59|0.055|0.055|0.055|0.000|0.00|550
710660|SUPERMX-C60|0.030|0.000|0.000|0.000|0.00|0
710661|SUPERMX-C61|0.045|0.000|0.000|0.000|0.00|0
710662|SUPERMX-C62|0.055|0.050|0.050|-0.005|-9.09|190
710663|SUPERMX-C63|0.045|0.000|0.000|0.000|0.00|0
710664|SUPERMX-C64|0.070|0.000|0.000|0.000|0.00|0
710665|SUPERMX-C65|0.080|0.000|0.000|0.000|0.00|0
710666|SUPERMX-C66|0.065|0.000|0.000|0.000|0.00|0
710667|SUPERMX-C67|0.090|0.090|0.090|0.000|0.00|5,000
03018|SUPREME|0.680|0.000|0.000|0.000|0.00|0
6521|SURIA|1.390|1.380|1.390|0.000|0.00|186
5135|SWKPLNT|1.550|0.000|0.000|0.000|0.00|0
7186|SWSCAP|0.665|0.000|0.000|0.000|0.00|0
7186WB|SWSCAP-WB|0.075|0.000|0.000|0.000|0.00|0
9717|SYCAL|0.235|0.225|0.230|-0.005|-2.13|520
7082|SYF|0.220|0.220|0.220|0.000|0.00|903
7082WB|SYF-WB|0.010|0.005|0.005|-0.005|-50.00|500
1538|SYMLIFE|0.410|0.410|0.425|+0.015|+3.66|5,859
1538WB|SYMLIFE-WB|0.030|0.030|0.035|+0.005|+16.67|6,361
5173|SYSCORP|0.305|0.305|0.310|+0.005|+1.64|910
0050|SYSTECH|0.230|0.230|0.230|0.000|0.00|1,621
7228|T7GLOBAL|0.510|0.510|0.545|+0.035|+6.86|100,941
4898|TA|0.620|0.625|0.625|+0.005|+0.81|1,450
5012|TAANN|2.260|2.250|2.350|+0.090|+3.98|519
5012CM|TAANN-CM|0.080|0.000|0.000|0.000|0.00|0
4022|TADMAX|0.200|0.200|0.200|0.000|0.00|2,674
7211|TAFI|0.290|0.000|0.000|0.000|0.00|0
5158|TAGB|0.245|0.245|0.250|+0.005|+2.04|1,736
6139|TAKAFUL|4.850|4.890|4.880|+0.030|+0.62|12,236
6139CC|TAKAFUL-CC|0.105|0.110|0.105|0.000|0.00|1,378
6139CD|TAKAFUL-CD|0.160|0.000|0.000|0.000|0.00|0
2259|TALAMT|0.045|0.045|0.040|-0.005|-11.11|20,604
8524|TALIWRK|0.900|0.910|0.890|-0.010|-1.11|1,577
8524CE|TALIWRK-CE|0.140|0.000|0.000|0.000|0.00|0
5191|TAMBUN|0.785|0.780|0.775|-0.010|-1.27|3,330
2429|TANCO|0.055|0.050|0.050|-0.005|-9.09|9,530
2429WB|TANCO-WB|0.025|0.020|0.020|-0.005|-20.00|295
5149|TAS|0.290|0.285|0.285|-0.005|-1.72|4,032
5140|TASCO|1.670|1.700|1.630|-0.040|-2.40|3,116
4448|TASEK|4.840|4.860|4.890|+0.050|+1.03|68
4448P|TASEK-PA|10.100|0.000|0.000|0.000|0.00|0
7097|TAWIN|0.495|0.490|0.495|0.000|0.00|5,935
4405|TCHONG|1.510|0.000|0.000|0.000|0.00|0
0132|TDEX|0.075|0.070|0.070|-0.005|-6.67|1,081
2054|TDM|0.170|0.165|0.165|-0.005|-2.94|16,118
0084|TECFAST|0.325|0.325|0.315|-0.010|-3.08|5,275
7439|TECGUAN|1.310|1.340|1.450|+0.140|+10.69|16,707
5289|TECHBND|0.750|0.750|0.750|0.000|0.00|2,795
7200|TEKSENG|0.240|0.235|0.240|0.000|0.00|1,584
7200WA|TEKSENG-WA|0.035|0.000|0.000|0.000|0.00|0
5347|TENAGA|12.580|12.560|12.520|-0.060|-0.48|42,514
534747|TENAGA-C47|0.050|0.000|0.000|0.000|0.00|0
534749|TENAGA-C49|0.005|0.000|0.000|0.000|0.00|0
534750|TENAGA-C50|0.035|0.000|0.000|0.000|0.00|0
534751|TENAGA-C51|0.035|0.030|0.030|-0.005|-14.29|281
534752|TENAGA-C52|0.040|0.000|0.000|0.000|0.00|0
534753|TENAGA-C53|0.045|0.000|0.000|0.000|0.00|0
534754|TENAGA-C54|0.080|0.075|0.075|-0.005|-6.25|21,510
534755|TENAGA-C55|0.090|0.090|0.090|0.000|0.00|12,000
534756|TENAGA-C56|0.150|0.185|0.180|+0.030|+20.00|24,942
0546C7|TENCENT-C7|0.165|0.000|0.000|0.000|0.00|0
7252|TEOSENG|1.210|1.200|1.200|-0.010|-0.83|2,387
7252WA|TEOSENG-WA|0.230|0.000|0.000|0.000|0.00|0
8702|TEXCHEM|0.685|0.000|0.000|0.000|0.00|0
0089|TEXCYCL|0.530|0.000|0.000|0.000|0.00|0
0145|TFP|0.105|0.090|0.105|0.000|0.00|401
9369|TGL|1.000|0.000|0.000|0.000|0.00|0
7034|TGUAN|2.520|2.520|2.520|0.000|0.00|100
7034LA|TGUAN-LA|2.570|0.000|0.000|0.000|0.00|0
7034WA|TGUAN-WA|1.020|0.000|0.000|0.000|0.00|0
9075|THETA|0.415|0.390|0.390|-0.025|-6.02|2
7206|THHEAVY|0.055|0.060|0.060|+0.005|+9.09|4,170
7206PB|THHEAVY-PB|0.075|0.000|0.000|0.000|0.00|0
5112|THPLANT|0.525|0.530|0.525|0.000|0.00|1,079
7889|THRIVEN|0.225|0.220|0.225|0.000|0.00|22,450
7889WB|THRIVEN-WB|0.060|0.065|0.065|+0.005|+8.33|9,440
7374|TIENWAH|1.380|0.000|0.000|0.000|0.00|0
7079|TIGER|0.075|0.070|0.075|0.000|0.00|11,720
7079WC|TIGER-WC|0.020|0.000|0.000|0.000|0.00|0
5031|TIMECOM|8.700|8.700|8.660|-0.040|-0.46|7,170
7854|TIMWELL|0.595|0.650|0.650|+0.055|+9.24|1
5239|TITIJYA|0.300|0.300|0.300|0.000|0.00|4,193
5239PA|TITIJYA-PA|0.030|0.030|0.030|0.000|0.00|30
4863|TM|3.120|3.110|3.200|+0.080|+2.56|16,356
486327|TM-C27|0.005|0.000|0.000|0.000|0.00|0
486328|TM-C28|0.005|0.005|0.005|0.000|0.00|3,700
486330|TM-C30|0.045|0.000|0.000|0.000|0.00|0
486331|TM-C31|0.050|0.000|0.000|0.000|0.00|0
486332|TM-C32|0.015|0.000|0.000|0.000|0.00|0
486333|TM-C33|0.065|0.000|0.000|0.000|0.00|0
486334|TM-C34|0.085|0.085|0.085|0.000|0.00|304
486335|TM-C35|0.110|0.110|0.110|0.000|0.00|400
486336|TM-C36|0.235|0.000|0.000|0.000|0.00|0
486337|TM-C37|0.350|0.365|0.360|+0.010|+2.86|104
486338|TM-C38|0.185|0.000|0.000|0.000|0.00|0
486339|TM-C39|0.240|0.230|0.230|-0.010|-4.17|200
486340|TM-C40|0.165|0.000|0.000|0.000|0.00|0
486341|TM-C41|0.090|0.090|0.090|0.000|0.00|1,500
0101|TMCLIFE|0.715|0.725|0.735|+0.020|+2.80|3,035
0101WB|TMCLIFE-WB|0.010|0.015|0.010|0.000|0.00|1,925
8397|TNLOGIS|0.600|0.590|0.590|-0.010|-1.67|213
7218|TOCEAN|0.620|0.615|0.615|-0.005|-0.81|850
7230|TOMEI|0.500|0.000|0.000|0.000|0.00|0
7285|TOMYPAK|0.490|0.480|0.475|-0.015|-3.06|2,993
7285WA|TOMYPAK-WA|0.130|0.120|0.125|-0.005|-3.85|1,150
5010|TONGHER|3.550|3.580|3.510|-0.040|-1.13|104
7113|TOPGLOV|4.500|4.500|4.490|-0.010|-0.22|28,371
711333|TOPGLOV-C33|0.005|0.000|0.000|0.000|0.00|0
711341|TOPGLOV-C41|0.005|0.000|0.000|0.000|0.00|0
711342|TOPGLOV-C42|0.020|0.020|0.020|0.000|0.00|1,500
711343|TOPGLOV-C43|0.025|0.025|0.025|0.000|0.00|1,000
711344|TOPGLOV-C44|0.025|0.025|0.025|0.000|0.00|3,091
711345|TOPGLOV-C45|0.080|0.080|0.080|0.000|0.00|3,098
711346|TOPGLOV-C46|0.070|0.070|0.070|0.000|0.00|360
711347|TOPGLOV-C47|0.090|0.000|0.000|0.000|0.00|0
711348|TOPGLOV-C48|0.065|0.060|0.070|+0.005|+7.69|3
711349|TOPGLOV-C49|0.135|0.130|0.130|-0.005|-3.70|13,960
711350|TOPGLOV-C50|0.100|0.090|0.090|-0.010|-10.00|211
711351|TOPGLOV-C51|0.150|0.135|0.135|-0.015|-10.00|7,000
711352|TOPGLOV-C52|0.210|0.190|0.190|-0.020|-9.52|9,398
03013|TOPVISN|0.400|0.000|0.000|0.000|0.00|0
7173|TOYOINK|0.625|0.620|0.620|-0.005|-0.80|60
7173WB|TOYOINK-WB|0.090|0.090|0.085|-0.005|-5.56|185
7176|TPC|0.395|0.415|0.415|+0.020|+5.06|100
7176WA|TPC-WA|0.220|0.000|0.000|0.000|0.00|0
5054|TRC|0.635|0.635|0.630|-0.005|-0.79|8,998
0199|TRIMODE|0.415|0.420|0.435|+0.020|+4.82|9,637
0118|TRIVE|0.020|0.020|0.020|0.000|0.00|361
0118WB|TRIVE-WB|0.005|0.000|0.000|0.000|0.00|0
5401|TROP|0.880|0.870|0.880|0.000|0.00|1,522
5401WA|TROP-WA|0.020|0.020|0.020|0.000|0.00|4,569
9059|TSH|1.080|0.000|0.000|0.000|0.00|0
5042|TSRCAP|0.400|0.000|0.000|0.000|0.00|0
5042WB|TSRCAP-WB|0.045|0.000|0.000|0.000|0.00|0
5230|TUNEPRO|0.670|0.670|0.665|-0.005|-0.75|8,615
5167|TURBO|0.765|0.000|0.000|0.000|0.00|0
4359|TURIYA|0.155|0.155|0.155|0.000|0.00|82
5111|TWRREIT|0.900|0.895|0.895|-0.005|-0.56|471
7100|UCHITEC|2.660|2.650|2.670|+0.010|+0.38|1,878
7100CE|UCHITEC-CE|0.025|0.000|0.000|0.000|0.00|0
7100CF|UCHITEC-CF|0.095|0.095|0.095|0.000|0.00|1,499
0005|UCREST|0.265|0.260|0.255|-0.010|-3.77|25,110
5148|UEMS|0.820|0.815|0.825|+0.005|+0.61|4,522
514864|UEMS-C64|0.040|0.000|0.000|0.000|0.00|0
514865|UEMS-C65|0.070|0.070|0.070|0.000|0.00|1,429
514866|UEMS-C66|0.050|0.000|0.000|0.000|0.00|0
7133|ULICORP|0.440|0.445|0.420|-0.020|-4.55|3,829
2593|UMCCA|5.450|5.400|5.450|0.000|0.00|235
7137|UMS|1.980|2.050|2.050|+0.070|+3.54|50
7227|UMSNGB|0.990|0.000|0.000|0.000|0.00|0
4588|UMW|5.700|5.740|5.750|+0.050|+0.88|2,305
458811|UMW-C11|0.035|0.000|0.000|0.000|0.00|0
458812|UMW-C12|0.210|0.000|0.000|0.000|0.00|0
458813|UMW-C13|0.185|0.000|0.000|0.000|0.00|0
458814|UMW-C14|0.180|0.000|0.000|0.000|0.00|0
458815|UMW-C15|0.185|0.000|0.000|0.000|0.00|0
458816|UMW-C16|0.105|0.000|0.000|0.000|0.00|0
458817|UMW-C17|0.100|0.000|0.000|0.000|0.00|0
7091|UNIMECH|1.070|1.070|1.050|-0.020|-1.87|641
5005|UNISEM|2.610|2.640|2.610|0.000|0.00|87
500511|UNISEM-C11|0.220|0.000|0.000|0.000|0.00|0
500514|UNISEM-C14|0.045|0.000|0.000|0.000|0.00|0
500515|UNISEM-C15|0.060|0.000|0.000|0.000|0.00|0
03017|UNIWALL|0.320|0.000|0.000|0.000|0.00|0
5200|UOADEV|2.170|2.160|2.160|-0.010|-0.46|1,417
5110|UOAREIT|1.350|1.370|1.370|+0.020|+1.48|420
7757|UPA|2.250|2.240|2.240|-0.010|-0.44|10
2089|UTDPLT|27.220|27.220|27.380|+0.160|+0.59|72
5754|UTUSAN|0.155|0.000|0.000|0.000|0.00|0
7250|UZMA|0.955|0.945|0.930|-0.025|-2.62|8,097
0060|VC|0.180|0.180|0.175|-0.005|-2.78|10,750
5243|VELESTO|0.285|0.280|0.280|-0.005|-1.75|181,001
524325|VELESTO-C25|0.025|0.000|0.000|0.000|0.00|0
524326|VELESTO-C26|0.120|0.000|0.000|0.000|0.00|0
524327|VELESTO-C27|0.100|0.095|0.095|-0.005|-5.00|1,000
5243WA|VELESTO-WA|0.115|0.110|0.110|-0.005|-4.35|24,475
4995|VERSATL|0.370|0.365|0.365|-0.005|-1.35|61
7240|VERTICE|0.900|0.895|0.865|-0.035|-3.89|120
7240WA|VERTICE-WA|0.500|0.000|0.000|0.000|0.00|0
0120|VIS|0.500|0.445|0.425|-0.075|-15.00|102,853
0120WB|VIS-WB|0.195|0.160|0.155|-0.040|-20.51|38,667
0097|VITROX|7.260|7.260|7.320|+0.060|+0.83|3,586
0097CL|VITROX-CL|0.005|0.000|0.000|0.000|0.00|0
0097CM|VITROX-CM|0.060|0.000|0.000|0.000|0.00|0
0069|VIVOCOM|0.020|0.020|0.020|0.000|0.00|12,245
0069WC|VIVOCOM-WC|0.005|0.000|0.000|0.000|0.00|0
0069WD|VIVOCOM-WD|0.005|0.000|0.000|0.000|0.00|0
0069WE|VIVOCOM-WE|0.005|0.010|0.010|+0.005|+100.00|70
7070|VIZIONE|0.970|0.970|0.965|-0.005|-0.52|5,188
7070LA|VIZIONE-LA|0.070|0.000|0.000|0.000|0.00|0
7070WC|VIZIONE-WC|0.380|0.380|0.380|0.000|0.00|50
6963|VS|1.020|1.020|1.070|+0.050|+4.90|452,120
696310|VS-C10|0.095|0.095|0.105|+0.010|+10.53|156,362
696311|VS-C11|0.205|0.000|0.000|0.000|0.00|0
696312|VS-C12|0.080|0.080|0.090|+0.010|+12.50|19,600
696313|VS-C13|0.100|0.105|0.110|+0.010|+10.00|70,832
696314|VS-C14|0.070|0.070|0.075|+0.005|+7.14|200
696315|VS-C15|0.150|0.155|0.165|+0.015|+10.00|22,622
6963C5|VS-C5|0.005|0.000|0.000|0.000|0.00|0
6963C7|VS-C7|0.005|0.000|0.000|0.000|0.00|0
6963C8|VS-C8|0.165|0.165|0.180|+0.015|+9.09|7,000
6963C9|VS-C9|0.135|0.135|0.150|+0.015|+11.11|91,268
0066|VSOLAR|0.220|0.220|0.210|-0.010|-4.55|179,387
5162|VSTECS|0.995|0.990|0.990|-0.005|-0.50|279
7203|WANGZNG|1.110|1.120|1.120|+0.010|+0.90|5
5016|WARISAN|2.100|0.000|0.000|0.000|0.00|0
5142|WASEONG|0.790|0.775|0.770|-0.020|-2.53|1,823
7226|WATTA|0.800|0.795|0.790|-0.010|-1.25|1,850
3565|WCEHB|0.550|0.550|0.540|-0.010|-1.82|3,330
9679|WCT|0.825|0.820|0.820|-0.005|-0.61|10,860
967914|WCT-C14|0.010|0.000|0.000|0.000|0.00|0
967915|WCT-C15|0.015|0.000|0.000|0.000|0.00|0
967916|WCT-C16|0.035|0.000|0.000|0.000|0.00|0
9679WE|WCT-WE|0.070|0.065|0.065|-0.005|-7.14|2,245
0197|WEGMANS|0.315|0.320|0.325|+0.010|+3.17|1,228
0197WA|WEGMANS-WA|0.135|0.000|0.000|0.000|0.00|0
7231|WELLCAL|1.260|1.260|1.250|-0.010|-0.79|745
0162|WIDAD|0.300|0.300|0.300|0.000|0.00|35,068
0162WA|WIDAD-WA|0.090|0.090|0.095|+0.005|+5.56|20,501
7692|WIDETEC|0.560|0.000|0.000|0.000|0.00|0
0008|WILLOW|0.440|0.445|0.445|+0.005|+1.14|560
0141|WINTONI|0.035|0.000|0.000|0.000|0.00|0
6378|WMG|0.125|0.125|0.125|0.000|0.00|150
7050|WONG|0.545|0.545|0.555|+0.010|+1.83|1,180
7025|WOODLAN|0.730|0.000|0.000|0.000|0.00|0
5246|WPRTS|3.700|3.690|3.700|0.000|0.00|17,362
5246CX|WPRTS-CX|0.050|0.000|0.000|0.000|0.00|0
5246CY|WPRTS-CY|0.120|0.000|0.000|0.000|0.00|0
5009|WTHORSE|1.060|1.070|1.070|+0.010|+0.94|100
4243|WTK|0.590|0.590|0.605|+0.015|+2.54|16,872
7245|WZSATU|0.290|0.290|0.285|-0.005|-1.72|3,006
7245WA|WZSATU-WA|0.120|0.120|0.115|-0.005|-4.17|800
5156|XDL|0.095|0.095|0.095|0.000|0.00|241,980
5156WD|XDL-WD|0.010|0.010|0.010|0.000|0.00|290
7121|XIANLNG|0.425|0.415|0.430|+0.005|+1.18|160
0581C1|XIAOMI-C1|0.010|0.000|0.000|0.000|0.00|0
0581C2|XIAOMI-C2|0.135|0.135|0.135|0.000|0.00|4,248
0095|XINGHE|0.035|0.030|0.030|-0.005|-14.29|24,860
5267|XINHWA|0.790|0.820|0.800|+0.010|+1.27|2,731
5155|XINQUAN|0.055|0.000|0.000|0.000|0.00|0
5155WA|XINQUAN-WA|0.005|0.000|0.000|0.000|0.00|0
5155WB|XINQUAN-WB|0.015|0.000|0.000|0.000|0.00|0
0165|XOX|0.055|0.055|0.050|-0.005|-9.09|5,305
7003|Y&G|0.910|0.000|0.000|0.000|0.00|0
7003WA|Y&G-WA|0.100|0.000|0.000|0.000|0.00|0
0025|YBS|0.130|0.135|0.130|0.000|0.00|1,622
5584|YEELEE|1.930|1.900|1.910|-0.020|-1.04|17
7122|YFG|0.005|0.000|0.000|0.000|0.00|0
0086|YGL|0.115|0.115|0.115|0.000|0.00|2,601
5048|YILAI|0.625|0.000|0.000|0.000|0.00|0
7293|YINSON|4.590|4.500|4.580|-0.010|-0.22|8,395
7293CT|YINSON-CT|0.030|0.030|0.030|0.000|0.00|150
7293CV|YINSON-CV|0.055|0.000|0.000|0.000|0.00|0
7293CW|YINSON-CW|0.120|0.110|0.110|-0.010|-8.33|600
7293CX|YINSON-CX|0.150|0.000|0.000|0.000|0.00|0
7020|YKGI|0.115|0.115|0.115|0.000|0.00|2,215
7020WB|YKGI-WB|0.015|0.015|0.015|0.000|0.00|3,162
7014|YLI|0.270|0.285|0.315|+0.045|+16.67|136
3158|YNHPROP|1.160|1.130|1.200|+0.040|+3.45|99,975
5159|YOCB|1.190|1.180|1.170|-0.020|-1.68|431
7066|YONGTAI|0.350|0.345|0.345|-0.005|-1.43|16,353
7066PA|YONGTAI-PA|0.210|0.210|0.210|0.000|0.00|1,140
7066WA|YONGTAI-WA|0.090|0.090|0.090|0.000|0.00|343
7178|YSPSAH|2.880|2.860|2.860|-0.020|-0.69|145
4677|YTL|1.070|1.070|1.050|-0.020|-1.87|19,145
467722|YTL-C22|0.050|0.000|0.000|0.000|0.00|0
467723|YTL-C23|0.065|0.000|0.000|0.000|0.00|0
467724|YTL-C24|0.070|0.000|0.000|0.000|0.00|0
467725|YTL-C25|0.150|0.155|0.155|+0.005|+3.33|10,000
2577|YTLLAND|0.390|0.385|0.380|-0.010|-2.56|120
2577LA|YTLLAND-LA|0.360|0.360|0.360|0.000|0.00|370
6742|YTLPOWR|0.845|0.845|0.855|+0.010|+1.18|7,792
6742C5|YTLPOWR-C5|0.005|0.000|0.000|0.000|0.00|0
6742C6|YTLPOWR-C6|0.045|0.000|0.000|0.000|0.00|0
6742C7|YTLPOWR-C7|0.150|0.000|0.000|0.000|0.00|0
6742C8|YTLPOWR-C8|0.150|0.095|0.095|-0.055|-36.67|3,998
5109|YTLREIT|1.290|1.290|1.290|0.000|0.00|2,480
7028|ZECON|0.265|0.260|0.255|-0.010|-3.77|13,621
2283|ZELAN|0.085|0.085|0.085|0.000|0.00|18,015
5131|ZHULIAN|1.370|1.380|1.380|+0.010|+0.73|120
0012|3A|0.970|0.960|0.935|-0.035|-3.61|5,862
