070322|A50CHIN-C22|0.195|0.185|0.195|0.000|0.00|1,108
070324|A50CHIN-C24|0.875|0.880|0.840|-0.035|-4.00|200
070326|A50CHIN-C26|0.495|0.000|0.000|0.000|0.00|0
070328|A50CHIN-C28|0.255|0.245|0.250|-0.005|-1.96|3,796
070330|A50CHIN-C30|0.365|0.330|0.345|-0.020|-5.48|12,456
070332|A50CHIN-C32|0.720|0.000|0.000|0.000|0.00|0
070334|A50CHIN-C34|0.880|1.010|1.010|+0.130|+14.77|50
070336|A50CHIN-C36|0.570|0.555|0.550|-0.020|-3.51|3,510
070338|A50CHIN-C38|0.240|0.230|0.240|0.000|0.00|184,515
070321|A50CHIN-H21|0.050|0.000|0.000|0.000|0.00|0
070323|A50CHIN-H23|0.005|0.000|0.000|0.000|0.00|0
070325|A50CHIN-H25|0.035|0.000|0.000|0.000|0.00|0
070327|A50CHIN-H27|0.065|0.070|0.065|0.000|0.00|7,854
070329|A50CHIN-H29|0.380|0.390|0.370|-0.010|-2.63|152,730
7054|AASIA|0.160|0.000|0.000|0.000|0.00|0
5238|AAX|0.250|0.255|0.255|+0.005|+2.00|18,797
523820|AAX-C20|0.005|0.000|0.000|0.000|0.00|0
523821|AAX-C21|0.005|0.000|0.000|0.000|0.00|0
5238WA|AAX-WA|0.055|0.050|0.055|0.000|0.00|7,897
0800EA|ABFMY1|1.173|0.000|0.000|0.000|0.00|0
7086|ABLEGRP|0.075|0.075|0.075|0.000|0.00|3,000
2488|ABMB|4.160|4.160|4.220|+0.060|+1.44|7,055
2488CY|ABMB-CY|0.100|0.000|0.000|0.000|0.00|0
7131|ACME|0.250|0.000|0.000|0.000|0.00|0
7120|ACOSTEC|0.440|0.435|0.425|-0.015|-3.41|16,351
5281|ADVCON|0.430|0.430|0.415|-0.015|-3.49|49,969
7191|ADVENTA|0.355|0.000|0.000|0.000|0.00|0
9148|ADVPKG|1.810|0.000|0.000|0.000|0.00|0
7146|AEM|0.110|0.000|0.000|0.000|0.00|0
7146WA|AEM-WA|0.005|0.005|0.005|0.000|0.00|500
0181|AEMULUS|0.250|0.255|0.255|+0.005|+2.00|5,952
6599|AEON|1.550|1.550|1.540|-0.010|-0.65|12,370
6599CO|AEON-CO|0.050|0.040|0.040|-0.010|-20.00|4,054
6599CP|AEON-CP|0.050|0.000|0.000|0.000|0.00|0
6599CQ|AEON-CQ|0.030|0.000|0.000|0.000|0.00|0
5139|AEONCR|16.940|17.160|17.180|+0.240|+1.42|276
5139LA|AEONCR-LA|1.520|0.000|0.000|0.000|0.00|0
5185|AFFIN|2.290|2.250|2.270|-0.020|-0.87|595
5198|AFUJIYA|0.525|0.000|0.000|0.000|0.00|0
7315|AHB|0.150|0.150|0.140|-0.010|-6.67|4,941
7315WB|AHB-WB|0.015|0.015|0.010|-0.005|-33.33|13,936
7090|AHEALTH|9.200|9.220|9.110|-0.090|-0.98|80
4952|AHP|0.780|0.000|0.000|0.000|0.00|0
0122|AIM|0.240|0.000|0.000|0.000|0.00|0
5099|AIRASIA|2.820|2.800|2.790|-0.030|-1.06|41,357
509959|AIRASIAC59|0.020|0.000|0.000|0.000|0.00|0
509967|AIRASIAC67|0.105|0.100|0.105|0.000|0.00|28
509968|AIRASIAC68|0.005|0.000|0.000|0.000|0.00|0
509969|AIRASIAC69|0.010|0.000|0.000|0.000|0.00|0
509970|AIRASIAC70|0.010|0.000|0.000|0.000|0.00|0
509971|AIRASIAC71|0.085|0.080|0.080|-0.005|-5.88|11,534
509972|AIRASIAC72|0.210|0.000|0.000|0.000|0.00|0
509973|AIRASIAC73|0.225|0.215|0.215|-0.010|-4.44|500
509974|AIRASIAC74|0.340|0.000|0.000|0.000|0.00|0
509975|AIRASIAC75|0.145|0.000|0.000|0.000|0.00|0
509976|AIRASIAC76|0.070|0.000|0.000|0.000|0.00|0
509977|AIRASIAC77|0.080|0.080|0.075|-0.005|-6.25|20,065
509978|AIRASIAC78|0.115|0.105|0.105|-0.010|-8.70|1,237
509979|AIRASIAC79|0.055|0.000|0.000|0.000|0.00|0
509980|AIRASIAC80|0.050|0.000|0.000|0.000|0.00|0
5014|AIRPORT|7.710|7.640|7.700|-0.010|-0.13|20,736
5014C2|AIRPORT-C2|0.005|0.000|0.000|0.000|0.00|0
5014C4|AIRPORT-C4|0.035|0.000|0.000|0.000|0.00|0
5014C5|AIRPORT-C5|0.055|0.000|0.000|0.000|0.00|0
5014C6|AIRPORT-C6|0.120|0.000|0.000|0.000|0.00|0
5014C7|AIRPORT-C7|0.080|0.000|0.000|0.000|0.00|0
2682|AISB|0.255|0.000|0.000|0.000|0.00|0
2658|AJI|18.220|18.200|18.180|-0.040|-0.22|175
7609|AJIYA|0.525|0.540|0.540|+0.015|+2.86|987
7609WA|AJIYA-WA|0.100|0.095|0.095|-0.005|-5.00|1,550
5115|ALAM|0.130|0.115|0.115|-0.015|-11.54|87,224
5116|ALAQAR|1.360|1.360|1.350|-0.010|-0.74|5,728
2674|ALCOM|0.540|0.540|0.540|0.000|0.00|1,904
1163|ALLIANZ|14.460|14.420|14.400|-0.060|-0.41|2,359
1163PA|ALLIANZ-PA|14.300|0.000|0.000|0.000|0.00|0
5269|ALSREIT|0.845|0.845|0.845|0.000|0.00|27
1015|AMBANK|4.590|4.590|4.610|+0.020|+0.44|59,331
101510|AMBANK-C10|0.180|0.000|0.000|0.000|0.00|0
101511|AMBANK-C11|0.160|0.160|0.165|+0.005|+3.13|2,000
101512|AMBANK-C12|0.140|0.000|0.000|0.000|0.00|0
101513|AMBANK-C13|0.095|0.100|0.100|+0.005|+5.26|5,000
0159|AMEDIA|0.155|0.155|0.155|0.000|0.00|1,248
5120|AMFIRST|0.535|0.535|0.535|0.000|0.00|50
03011|AMLEX|0.180|0.000|0.000|0.000|0.00|0
1007|AMPROP|0.515|0.515|0.515|0.000|0.00|839
1007PA|AMPROP-PA|0.250|0.250|0.250|0.000|0.00|12
1007PB|AMPROP-PB|0.580|0.000|0.000|0.000|0.00|0
7031|AMTEL|0.665|0.000|0.000|0.000|0.00|0
5959|AMVERTON|1.240|1.240|1.240|0.000|0.00|739
6351|AMWAY|5.960|5.970|5.960|0.000|0.00|15
7083|ANALABS|1.130|1.150|1.130|0.000|0.00|60
4758|ANCOM|0.475|0.475|0.465|-0.010|-2.11|706
0048|ANCOMLB|0.085|0.080|0.085|0.000|0.00|1,832
6556|ANNJOO|1.540|1.540|1.560|+0.020|+1.30|6,512
6556PA|ANNJOO-PA|0.550|0.460|0.490|-0.060|-10.91|179
9342|ANZO|0.040|0.040|0.035|-0.005|-12.50|29,770
9342WA|ANZO-WA|0.005|0.000|0.000|0.000|0.00|0
9342WB|ANZO-WB|0.025|0.000|0.000|0.000|0.00|0
9342WC|ANZO-WC|0.005|0.000|0.000|0.000|0.00|0
5568|APB|0.700|0.000|0.000|0.000|0.00|0
5088|APEX|1.010|1.010|1.080|+0.070|+6.93|574
5194|APFT|0.020|0.020|0.020|0.000|0.00|412,901
5015|APM|3.010|0.000|0.000|0.000|0.00|0
6432|APOLLO|3.970|3.900|3.920|-0.050|-1.26|176
0119|APPASIA|0.090|0.090|0.095|+0.005|+5.56|8,010
0119WA|APPASIA-WA|0.040|0.040|0.040|0.000|0.00|7,106
7214|ARANK|0.520|0.520|0.540|+0.020|+3.85|4,599
7007|ARK|0.360|0.000|0.000|0.000|0.00|0
7007WB|ARK-WB|0.090|0.000|0.000|0.000|0.00|0
5210|ARMADA|0.190|0.190|0.185|-0.005|-2.63|330,689
521040|ARMADA-C40|0.005|0.000|0.000|0.000|0.00|0
521043|ARMADA-C43|0.005|0.000|0.000|0.000|0.00|0
521045|ARMADA-C45|0.005|0.000|0.000|0.000|0.00|0
521046|ARMADA-C46|0.005|0.000|0.000|0.000|0.00|0
521047|ARMADA-C47|0.005|0.000|0.000|0.000|0.00|0
521048|ARMADA-C48|0.005|0.000|0.000|0.000|0.00|0
521049|ARMADA-C49|0.005|0.000|0.000|0.000|0.00|0
521050|ARMADA-C50|0.015|0.000|0.000|0.000|0.00|0
5127|ARREIT|0.840|0.840|0.835|-0.005|-0.60|155
1481|ASB|0.145|0.145|0.140|-0.005|-3.45|4,598
0068|ASDION|0.285|0.280|0.270|-0.015|-5.26|39,445
0068WB|ASDION-WB|0.005|0.000|0.000|0.000|0.00|0
7722|ASIABRN|0.500|0.000|0.000|0.000|0.00|0
7129|ASIAFLE|2.530|2.520|2.510|-0.020|-0.79|295
4057|ASIAPAC|0.120|0.120|0.125|+0.005|+4.17|19,609
4057LC|ASIAPAC-LC|0.580|0.000|0.000|0.000|0.00|0
4057WB|ASIAPAC-WB|0.045|0.000|0.000|0.000|0.00|0
0105|ASIAPLY|0.080|0.000|0.000|0.000|0.00|0
0105PA|ASIAPLY-PA|0.035|0.000|0.000|0.000|0.00|0
0105WA|ASIAPLY-WA|0.015|0.015|0.015|0.000|0.00|1,489
0105WB|ASIAPLY-WB|0.025|0.000|0.000|0.000|0.00|0
7162|ASTINO|0.660|0.665|0.700|+0.040|+6.06|710
6399|ASTRO|1.600|1.610|1.580|-0.020|-1.25|32,387
639910|ASTRO-C10|0.120|0.110|0.115|-0.005|-4.17|9,958
639911|ASTRO-C11|0.110|0.000|0.000|0.000|0.00|0
639912|ASTRO-C12|0.085|0.080|0.080|-0.005|-5.88|670
639913|ASTRO-C13|0.080|0.075|0.075|-0.005|-6.25|11,992
639914|ASTRO-C14|0.060|0.065|0.065|+0.005|+8.33|4
0072|AT|0.050|0.000|0.000|0.000|0.00|0
0072WB|AT-WB|0.005|0.000|0.000|0.000|0.00|0
8176|ATAIMS|1.770|1.800|1.740|-0.030|-1.69|3,941
7048|ATLAN|4.490|4.490|4.500|+0.010|+0.22|118
5130|ATRIUM|1.110|1.130|1.120|+0.010|+0.90|1,663
7099|ATTA|0.615|0.635|0.615|0.000|0.00|513
7099LA|ATTA-LA|0.080|0.085|0.080|0.000|0.00|5,300
7099PA|ATTA-PA|0.130|0.130|0.130|0.000|0.00|80
7099WB|ATTA-WB|0.090|0.135|0.135|+0.045|+50.00|200
7099WC|ATTA-WC|0.090|0.000|0.000|0.000|0.00|0
7181|ATURMJU|0.355|0.360|0.350|-0.005|-1.41|17,674
7181PA|ATURMJU-PA|0.180|0.175|0.170|-0.010|-5.56|21,014
8885|AVI|0.225|0.215|0.210|-0.015|-6.67|4,661
7579|AWC|0.770|0.770|0.760|-0.010|-1.30|5,525
7579WA|AWC-WA|0.250|0.245|0.250|0.000|0.00|1,660
6888|AXIATA|4.190|4.290|4.210|+0.020|+0.48|12,546
688828|AXIATA-C28|0.020|0.000|0.000|0.000|0.00|0
688830|AXIATA-C30|0.040|0.000|0.000|0.000|0.00|0
688831|AXIATA-C31|0.040|0.000|0.000|0.000|0.00|0
688832|AXIATA-C32|0.110|0.000|0.000|0.000|0.00|0
688833|AXIATA-C33|0.185|0.175|0.175|-0.010|-5.41|200
688834|AXIATA-C34|0.185|0.195|0.180|-0.005|-2.70|930
688835|AXIATA-C35|0.155|0.000|0.000|0.000|0.00|0
688836|AXIATA-C36|0.200|0.000|0.000|0.000|0.00|0
688837|AXIATA-C37|0.095|0.000|0.000|0.000|0.00|0
5106|AXREIT|1.730|1.750|1.750|+0.020|+1.16|1,075
2305|AYER|4.400|0.000|0.000|0.000|0.00|0
5021|AYS|0.350|0.350|0.345|-0.005|-1.43|6,311
7078|AZRB|0.505|0.500|0.510|+0.005|+0.99|32,581
7078WA|AZRB-WA|0.245|0.245|0.245|0.000|0.00|2,223
0098|BAHVEST|0.725|0.730|0.685|-0.040|-5.52|146,387
0098WA|BAHVEST-WA|0.475|0.480|0.430|-0.045|-9.47|102,443
7251|BARAKAH|0.110|0.110|0.105|-0.005|-4.55|110,785
4162|BAT|34.580|34.620|34.600|+0.020|+0.06|746
4162CM|BAT-CM|0.065|0.000|0.000|0.000|0.00|0
4162CN|BAT-CN|0.130|0.000|0.000|0.000|0.00|0
4162CO|BAT-CO|0.075|0.000|0.000|0.000|0.00|0
5248|BAUTO|2.320|2.350|2.330|+0.010|+0.43|67,758
5248C1|BAUTO-C1|0.085|0.085|0.085|0.000|0.00|1,128
5248CY|BAUTO-CY|0.145|0.140|0.140|-0.005|-3.45|3,000
5248CZ|BAUTO-CZ|0.215|0.000|0.000|0.000|0.00|0
6602|BCB|0.305|0.310|0.305|0.000|0.00|218
0187|BCMALL|0.195|0.195|0.195|0.000|0.00|2,969
6173|BDB|0.400|0.500|0.490|+0.090|+22.50|98,278
5190|BENALEC|0.200|0.195|0.195|-0.005|-2.50|6,449
9814|BERTAM|0.275|0.275|0.275|0.000|0.00|12,850
8133|BHIC|1.230|1.200|1.200|-0.030|-2.44|126
7005|BIG|0.435|0.430|0.425|-0.010|-2.30|7,891
5258|BIMB|4.250|4.250|4.220|-0.030|-0.71|1,469
5258WA|BIMB-WA|0.250|0.250|0.250|0.000|0.00|1,919
0195|BINACOM|0.400|0.400|0.400|0.000|0.00|2,020
6998|BINTAI|0.140|0.135|0.135|-0.005|-3.57|5,767
6998WA|BINTAI-WA|0.045|0.045|0.045|0.000|0.00|1,500
0179|BIOHLDG|0.215|0.210|0.210|-0.005|-2.33|10,533
0179WA|BIOHLDG-WA|0.085|0.000|0.000|0.000|0.00|0
7243|BIOOSMO|0.055|0.055|0.055|0.000|0.00|16,599
5032|BIPORT|4.770|4.770|4.770|0.000|0.00|10
3239|BJASSET|0.295|0.295|0.300|+0.005|+1.69|8,005
3239WB|BJASSET-WB|0.060|0.060|0.060|0.000|0.00|500
3395|BJCORP|0.270|0.270|0.270|0.000|0.00|184,542
339510|BJCORP-C10|0.005|0.000|0.000|0.000|0.00|0
339511|BJCORP-C11|0.020|0.000|0.000|0.000|0.00|0
3395LD|BJCORP-LD|0.345|0.000|0.000|0.000|0.00|0
3395LE|BJCORP-LE|0.385|0.000|0.000|0.000|0.00|0
3395WB|BJCORP-WB|0.045|0.045|0.045|0.000|0.00|2,000
3395WC|BJCORP-WC|0.075|0.000|0.000|0.000|0.00|0
5196|BJFOOD|1.620|1.610|1.640|+0.020|+1.23|5,941
4219|BJLAND|0.280|0.280|0.270|-0.010|-3.57|35,962
6025|BJMEDIA|0.200|0.145|0.150|-0.050|-25.00|449
1562|BJTOTO|2.310|2.330|2.320|+0.010|+0.43|10,243
1562CW|BJTOTO-CW|0.060|0.000|0.000|0.000|0.00|0
1562CX|BJTOTO-CX|0.090|0.000|0.000|0.000|0.00|0
1899|BKAWAN|17.100|17.100|17.100|0.000|0.00|19
5069|BLDPLNT|6.960|0.000|0.000|0.000|0.00|0
0508C5|BOC-C5|0.130|0.000|0.000|0.000|0.00|0
0168|BOILERM|0.535|0.530|0.530|-0.005|-0.93|1,375
9288|BONIA|0.260|0.260|0.260|0.000|0.00|3,594
7036|BORNOIL|0.045|0.040|0.040|-0.005|-11.11|15,040
7036WC|BORNOIL-WC|0.020|0.020|0.020|0.000|0.00|2,900
7036WD|BORNOIL-WD|0.025|0.000|0.000|0.000|0.00|0
6297|BOXPAK|1.080|0.000|0.000|0.000|0.00|0
6297WA|BOXPAK-WA|0.175|0.000|0.000|0.000|0.00|0
5254|BPLANT|0.800|0.805|0.810|+0.010|+1.25|1,244
5100|BPPLAS|1.080|1.080|1.100|+0.020|+1.85|450
5932|BPURI|0.190|0.190|0.185|-0.005|-2.63|27,500
9474|BRAHIMS|0.155|0.160|0.155|0.000|0.00|14,387
8761|BREM|0.780|0.000|0.000|0.000|0.00|0
9938|BRIGHT|0.195|0.195|0.195|0.000|0.00|965
7221|BSLCORP|0.345|0.375|0.410|+0.065|+18.84|2,056
2771|BSTEAD|1.350|1.350|1.350|0.000|0.00|10
0011|BTECH|0.320|0.315|0.310|-0.010|-3.13|5,120
7188|BTM|0.120|0.115|0.115|-0.005|-4.17|41
7188WA|BTM-WA|0.010|0.010|0.010|0.000|0.00|1,571
7188WB|BTM-WB|0.040|0.000|0.000|0.000|0.00|0
1818|BURSA|6.870|6.870|6.900|+0.030|+0.44|2,757
181820|BURSA-C20|0.005|0.000|0.000|0.000|0.00|0
181821|BURSA-C21|0.075|0.000|0.000|0.000|0.00|0
181822|BURSA-C22|0.055|0.050|0.050|-0.005|-9.09|200
181823|BURSA-C23|0.050|0.045|0.045|-0.005|-10.00|3,480
7174|CAB|0.610|0.610|0.610|0.000|0.00|5,761
7174WA|CAB-WA|0.450|0.000|0.000|0.000|0.00|0
0191|CABNET|0.295|0.290|0.295|0.000|0.00|1,375
0191WA|CABNET-WA|0.070|0.065|0.055|-0.015|-21.43|1,203
7154|CAELY|0.935|0.905|0.940|+0.005|+0.53|100
7154WA|CAELY-WA|0.550|0.000|0.000|0.000|0.00|0
7128|CAMRES|0.260|0.000|0.000|0.000|0.00|0
5105|CANONE|2.970|2.980|3.000|+0.030|+1.01|658
5229|CAP|0.010|0.000|0.000|0.000|0.00|0
0163|CAREPLS|0.170|0.170|0.165|-0.005|-2.94|5,600
5257|CARIMIN|0.875|0.875|0.870|-0.005|-0.57|120,750
5245|CARING|1.960|1.950|1.950|-0.010|-0.51|300
2836|CARLSBG|25.300|25.300|25.640|+0.340|+1.34|2,623
7076|CBIP|1.090|1.090|1.080|-0.010|-0.92|1,340
7076WA|CBIP-WA|0.015|0.000|0.000|0.000|0.00|0
2925|CCB|1.580|1.540|1.590|+0.010|+0.63|263
7035|CCK|0.595|0.595|0.595|0.000|0.00|23,064
7035WA|CCK-WA|0.120|0.120|0.130|+0.010|+8.33|28,012
2879|CCM|1.910|1.910|1.910|0.000|0.00|20
5195|CENSOF|0.150|0.145|0.145|-0.005|-3.33|1,073
5195WB|CENSOF-WB|0.005|0.000|0.000|0.000|0.00|0
8982|CEPAT|0.580|0.585|0.585|+0.005|+0.86|50
8435|CEPCO|0.660|0.000|0.000|0.000|0.00|0
8044|CFM|1.260|0.000|0.000|0.000|0.00|0
0579C1|CGARDEN-C1|0.105|0.000|0.000|0.000|0.00|0
7209|CHEETAH|0.340|0.310|0.310|-0.030|-8.82|14
7187|CHGP|0.350|0.360|0.365|+0.015|+4.29|5,702
7187WA|CHGP-WA|0.185|0.175|0.175|-0.010|-5.41|100
5738|CHHB|1.540|1.550|1.520|-0.020|-1.30|559
5738WB|CHHB-WB|0.380|0.400|0.400|+0.020|+5.26|456
0829EA|CHINAETF-MYR|5.800|5.800|5.850|+0.050|+0.86|8
0829EB|CHINAETF-USD|1.275|0.000|0.000|0.000|0.00|0
5273|CHINHIN|0.800|0.795|0.800|0.000|0.00|410
1929|CHINTEK|6.700|6.600|6.600|-0.100|-1.49|30
5007|CHINWEL|1.800|1.790|1.830|+0.030|+1.67|257
0501CG|CHMOBIL-CG|0.185|0.000|0.000|0.000|0.00|0
5797|CHOOBEE|1.600|1.580|1.610|+0.010|+0.63|215
7016|CHUAN|0.390|0.410|0.410|+0.020|+5.13|125
8052|CICB|0.590|0.000|0.000|0.000|0.00|0
2828|CIHLDG|1.450|0.000|0.000|0.000|0.00|0
1023|CIMB|5.470|5.470|5.390|-0.080|-1.46|132,730
102340|CIMB-C40|0.025|0.000|0.000|0.000|0.00|0
102341|CIMB-C41|0.075|0.000|0.000|0.000|0.00|0
102342|CIMB-C42|0.050|0.000|0.000|0.000|0.00|0
102343|CIMB-C43|0.025|0.000|0.000|0.000|0.00|0
102344|CIMB-C44|0.035|0.000|0.000|0.000|0.00|0
102345|CIMB-C45|0.065|0.060|0.060|-0.005|-7.69|500
102346|CIMB-C46|0.080|0.000|0.000|0.000|0.00|0
102347|CIMB-C47|0.075|0.075|0.070|-0.005|-6.67|400
0822EA|CIMBA40|1.855|0.000|0.000|0.000|0.00|0
0823EA|CIMBC50|1.630|1.630|1.625|-0.005|-0.31|230
7117|CJCEN|0.445|0.445|0.440|-0.005|-1.12|3,205
0514C3|CKHUTCH-C3|0.075|0.000|0.000|0.000|0.00|0
03001|CLOUD|0.300|0.000|0.000|0.000|0.00|0
7018|CME|0.040|0.000|0.000|0.000|0.00|0
7018LA|CME-LA|0.025|0.000|0.000|0.000|0.00|0
7018WA|CME-WA|0.025|0.000|0.000|0.000|0.00|0
5180|CMMT|1.120|1.120|1.120|0.000|0.00|915
2852|CMSB|3.370|3.380|3.300|-0.070|-2.08|3,187
285214|CMSB-C14|0.085|0.000|0.000|0.000|0.00|0
285215|CMSB-C15|0.125|0.125|0.125|0.000|0.00|1,000
7986|CNASIA|0.450|0.000|0.000|0.000|0.00|0
5104|CNI|0.070|0.000|0.000|0.000|0.00|0
5188|CNOUHUA|0.050|0.055|0.055|+0.005|+10.00|500
5071|COASTAL|1.170|1.140|1.110|-0.060|-5.13|4,116
7205|COCOLND|2.000|1.990|1.990|-0.010|-0.50|40
7195|COMCORP|0.125|0.000|0.000|0.000|0.00|0
2127|COMFORT|0.820|0.815|0.820|0.000|0.00|929
5136|COMPLET|0.880|0.870|0.880|0.000|0.00|661
5037|COMPUGT|0.025|0.025|0.025|0.000|0.00|63,317
0102|CONNECT|0.105|0.105|0.105|0.000|0.00|800
0102PA|CONNECT-PA|0.030|0.000|0.000|0.000|0.00|0
0102WA|CONNECT-WA|0.030|0.000|0.000|0.000|0.00|0
0102WB|CONNECT-WB|0.025|0.045|0.040|+0.015|+60.00|1,791
8591|CRESBLD|1.130|1.130|1.150|+0.020|+1.77|6,997
6718|CRESNDO|1.330|0.000|0.000|0.000|0.00|0
03016|CRG|0.045|0.040|0.045|0.000|0.00|10,370
7202|CSCENIC|1.110|1.120|1.120|+0.010|+0.90|500
5094|CSCSTEL|1.090|1.080|1.070|-0.020|-1.83|1,848
5214|CSL|0.010|0.000|0.000|0.000|0.00|0
0051|CUSCAPI|0.220|0.215|0.210|-0.010|-4.55|37,051
5049|CVIEW|1.520|1.520|1.520|0.000|0.00|10
9423|CWG|0.415|0.415|0.415|0.000|0.00|150
7157|CYL|0.465|0.000|0.000|0.000|0.00|0
5082|CYMAO|0.345|0.000|0.000|0.000|0.00|0
5184|CYPARK|1.710|1.710|1.700|-0.010|-0.58|1,827
7204|D&O|0.715|0.715|0.715|0.000|0.00|10,580
8125|DAIBOCI|1.580|1.590|1.580|0.000|0.00|6,876
8125WB|DAIBOCI-WB|0.135|0.135|0.135|0.000|0.00|445
5355|DAIMAN|2.990|0.000|0.000|0.000|0.00|0
5276|DANCO|0.610|0.610|0.610|0.000|0.00|10,896
5276WA|DANCO-WA|0.360|0.360|0.355|-0.005|-1.39|15,253
8338|DATAPRP|0.225|0.225|0.225|0.000|0.00|29,130
0091|DAYA|0.010|0.010|0.010|0.000|0.00|17,721
5141|DAYANG|1.380|1.360|1.410|+0.030|+2.17|701,749
7179|DBE|0.030|0.030|0.030|0.000|0.00|2,454
7179WB|DBE-WB|0.010|0.000|0.000|0.000|0.00|0
3484|DBHD|0.550|0.545|0.550|0.000|0.00|21,348
3484WA|DBHD-WA|0.130|0.135|0.130|0.000|0.00|8,948
7119|DEGEM|1.050|0.000|0.000|0.000|0.00|0
5132|DELEUM|1.110|1.100|1.090|-0.020|-1.80|2,390
7212|DESTINI|0.345|0.340|0.325|-0.020|-5.80|451,914
0152|DGB|0.125|0.125|0.125|0.000|0.00|4,901
0152WB|DGB-WB|0.030|0.000|0.000|0.000|0.00|0
0131|DGSB|0.080|0.080|0.080|0.000|0.00|9,070
7277|DIALOG|3.190|3.180|3.180|-0.010|-0.31|29,429
727733|DIALOG-C33|0.005|0.000|0.000|0.000|0.00|0
727735|DIALOG-C35|0.005|0.000|0.000|0.000|0.00|0
727736|DIALOG-C36|0.040|0.000|0.000|0.000|0.00|0
727737|DIALOG-C37|0.045|0.040|0.040|-0.005|-11.11|1,504
727738|DIALOG-C38|0.025|0.000|0.000|0.000|0.00|0
727739|DIALOG-C39|0.050|0.000|0.000|0.000|0.00|0
727740|DIALOG-C40|0.110|0.105|0.100|-0.010|-9.09|1,220
727741|DIALOG-C41|0.095|0.095|0.090|-0.005|-5.26|26,519
727742|DIALOG-C42|0.135|0.000|0.000|0.000|0.00|0
727743|DIALOG-C43|0.100|0.000|0.000|0.000|0.00|0
727744|DIALOG-C44|0.075|0.000|0.000|0.000|0.00|0
6947|DIGI|4.650|4.650|4.660|+0.010|+0.22|25,333
694724|DIGI-C24|0.045|0.040|0.045|0.000|0.00|21
694725|DIGI-C25|0.105|0.000|0.000|0.000|0.00|0
694726|DIGI-C26|0.115|0.000|0.000|0.000|0.00|0
694727|DIGI-C27|0.110|0.000|0.000|0.000|0.00|0
694728|DIGI-C28|0.055|0.050|0.050|-0.005|-9.09|200
0029|DIGISTA|0.045|0.045|0.045|0.000|0.00|790
0029WB|DIGISTA-WB|0.020|0.020|0.015|-0.005|-25.00|430
0400GA|DIN040000223|99.500|0.000|0.000|0.000|0.00|0
0400GC|DIN042300721|100.500|0.000|0.000|0.000|0.00|0
0400GB|DIN045801028|100.700|0.000|0.000|0.000|0.00|0
7528|DKLS|1.750|0.000|0.000|0.000|0.00|0
5908|DKSH|2.450|2.450|2.470|+0.020|+0.82|165
3026|DLADY|64.000|63.600|64.000|0.000|0.00|1,005
4456|DNEX|0.290|0.285|0.285|-0.005|-1.72|79,126
4456WD|DNEX-WD|0.075|0.075|0.070|-0.005|-6.67|14,302
7114|DNONCE|0.465|0.465|0.470|+0.005|+1.08|2,357
7114WA|DNONCE-WA|0.210|0.210|0.200|-0.010|-4.76|2,300
5835|DOLMITE|0.105|0.100|0.100|-0.005|-4.76|730
5265|DOLPHIN|0.140|0.145|0.140|0.000|0.00|3,835
5265WA|DOLPHIN-WA|0.030|0.000|0.000|0.000|0.00|0
7169|DOMINAN|1.260|1.250|1.260|0.000|0.00|30
7169WA|DOMINAN-WA|0.080|0.070|0.090|+0.010|+12.50|1,892
7148|DPHARMA|1.140|1.150|1.160|+0.020|+1.75|6,169
0205|DPIH|0.205|0.205|0.205|0.000|0.00|1,820
7198|DPS|0.070|0.070|0.075|+0.005|+7.14|6,603
7198WB|DPS-WB|0.030|0.030|0.030|0.000|0.00|999
1619|DRBHCOM|1.880|1.870|1.860|-0.020|-1.06|10,009
161960|DRBHCOMC60|0.025|0.020|0.020|-0.005|-20.00|50
161962|DRBHCOMC62|0.005|0.000|0.000|0.000|0.00|0
161963|DRBHCOMC63|0.005|0.000|0.000|0.000|0.00|0
161964|DRBHCOMC64|0.005|0.000|0.000|0.000|0.00|0
161966|DRBHCOMC66|0.005|0.000|0.000|0.000|0.00|0
161967|DRBHCOMC67|0.015|0.000|0.000|0.000|0.00|0
161968|DRBHCOMC68|0.090|0.085|0.085|-0.005|-5.56|13,097
161969|DRBHCOMC69|0.120|0.125|0.125|+0.005|+4.17|10,000
161970|DRBHCOMC70|0.165|0.145|0.145|-0.020|-12.12|13,567
161971|DRBHCOMC71|0.130|0.000|0.000|0.000|0.00|0
161972|DRBHCOMC72|0.125|0.000|0.000|0.000|0.00|0
161973|DRBHCOMC73|0.095|0.000|0.000|0.000|0.00|0
161974|DRBHCOMC74|0.085|0.080|0.085|0.000|0.00|1,282
161975|DRBHCOMC75|0.080|0.000|0.000|0.000|0.00|0
5216|DSONIC|0.525|0.520|0.515|-0.010|-1.90|79,059
5216WA|DSONIC-WA|0.085|0.085|0.090|+0.005|+5.88|39,225
7233|DUFU|1.590|1.590|1.590|0.000|0.00|3,682
3948|DUTALND|0.500|0.500|0.500|0.000|0.00|1,920
7165|DWL|0.785|0.785|0.785|0.000|0.00|540
7165PA|DWL-PA|0.200|0.000|0.000|0.000|0.00|0
7165WA|DWL-WA|0.225|0.000|0.000|0.000|0.00|0
5178|DYNACIA|0.090|0.095|0.095|+0.005|+5.56|388,996
5178PA|DYNACIA-PA|0.050|0.045|0.050|0.000|0.00|2
5178WA|DYNACIA-WA|0.040|0.040|0.040|0.000|0.00|6,399
3417|E&O|0.900|0.920|0.915|+0.015|+1.67|48,129
341713|E&O-C13|0.105|0.110|0.110|+0.005|+4.76|700
3417WB|E&O-WB|0.005|0.000|0.000|0.000|0.00|0
0154|EAH|0.020|0.020|0.020|0.000|0.00|1,150
0154WC|EAH-WC|0.005|0.000|0.000|0.000|0.00|0
0154WD|EAH-WD|0.010|0.000|0.000|0.000|0.00|0
0154WE|EAH-WE|0.010|0.005|0.010|0.000|0.00|921
2097|EASTLND|0.105|0.105|0.105|0.000|0.00|200
5259|EATECH|0.470|0.470|0.460|-0.010|-2.13|13,915
2143|ECM|0.270|0.000|0.000|0.000|0.00|0
3557|ECOFIRS|0.295|0.300|0.300|+0.005|+1.69|5,120
3557WC|ECOFIRS-WC|0.015|0.020|0.020|+0.005|+33.33|20
0059|ECOHLDS|0.305|0.305|0.300|-0.005|-1.64|3,230
5253|ECONBHD|0.460|0.470|0.475|+0.015|+3.26|188,114
5253WA|ECONBHD-WA|0.115|0.115|0.110|-0.005|-4.35|25,336
8206|ECOWLD|0.935|0.935|0.930|-0.005|-0.53|13,367
8206CQ|ECOWLD-CQ|0.005|0.000|0.000|0.000|0.00|0
8206CS|ECOWLD-CS|0.035|0.000|0.000|0.000|0.00|0
8206CT|ECOWLD-CT|0.150|0.000|0.000|0.000|0.00|0
8206WA|ECOWLD-WA|0.180|0.000|0.000|0.000|0.00|0
5036|EDARAN|0.545|0.540|0.535|-0.010|-1.83|3,295
7471|EDEN|0.140|0.135|0.135|-0.005|-3.57|139,732
7471WB|EDEN-WB|0.060|0.055|0.055|-0.005|-8.33|20,585
1368|EDGENTA|2.810|2.810|2.820|+0.010|+0.36|3,552
0107|EDUSPEC|0.030|0.030|0.030|0.000|0.00|8,352
0064|EFFICEN|0.200|0.200|0.200|0.000|0.00|780
0065|EFORCE|0.490|0.495|0.480|-0.010|-2.04|18,420
0065WA|EFORCE-WA|0.140|0.135|0.135|-0.005|-3.57|19,213
8907|EG|0.450|0.455|0.490|+0.040|+8.89|56,656
8907PA|EG-PA|0.450|0.470|0.490|+0.040|+8.89|627
8907WC|EG-WC|0.120|0.130|0.145|+0.025|+20.83|19,297
5081|EIG|0.655|0.590|0.590|-0.065|-9.92|10
5208|EITA|1.310|1.310|1.290|-0.020|-1.53|320
7182|EKA|0.060|0.060|0.060|0.000|0.00|1,000
8877|EKOVEST|0.535|0.535|0.540|+0.005|+0.93|100,163
8877CQ|EKOVEST-CQ|0.005|0.000|0.000|0.000|0.00|0
8877CS|EKOVEST-CS|0.035|0.000|0.000|0.000|0.00|0
8877CT|EKOVEST-CT|0.045|0.040|0.040|-0.005|-11.11|18,640
8877WB|EKOVEST-WB|0.080|0.080|0.080|0.000|0.00|27,058
9016|EKSONS|0.820|0.750|0.810|-0.010|-1.22|120
5228|ELKDESA|1.400|1.420|1.390|-0.010|-0.71|429
5228LA|ELKDESA-LA|1.170|0.000|0.000|0.000|0.00|0
0090|ELSOFT|1.010|1.010|1.000|-0.010|-0.99|11,102
7217|EMETALL|0.380|0.390|0.410|+0.030|+7.89|4,486
9091|EMICO|0.175|0.175|0.180|+0.005|+2.86|20,353
6076|ENCORP|0.380|0.000|0.000|0.000|0.00|0
7149|ENGKAH|0.980|0.980|1.010|+0.030|+3.06|12
5056|ENGTEX|0.840|0.840|0.830|-0.010|-1.19|768
8613|ENRA|1.450|0.000|0.000|0.000|0.00|0
7773|EPMB|0.370|0.000|0.000|0.000|0.00|0
0190|ESAFE|0.220|0.220|0.205|-0.015|-6.82|1,549
0100|ESCERAM|0.155|0.000|0.000|0.000|0.00|0
03021|ETH|0.185|0.000|0.000|0.000|0.00|0
6815|EUPE|0.655|0.655|0.660|+0.005|+0.76|3,837
7208|EURO|0.135|0.140|0.145|+0.010|+7.41|11,898
7094|EUROSP|0.405|0.000|0.000|0.000|0.00|0
5101|EVERGRN|0.380|0.380|0.380|0.000|0.00|13,091
7249|EWEIN|0.595|0.595|0.600|+0.005|+0.84|16,351
5283|EWINT|0.760|0.765|0.775|+0.015|+1.97|1,867
5283WA|EWINT-WA|0.150|0.145|0.145|-0.005|-3.33|13,976
3689|F&N|34.800|34.820|34.940|+0.140|+0.40|2,872
2984|FACBIND|1.290|0.000|0.000|0.000|0.00|0
7047|FAJAR|0.420|0.420|0.420|0.000|0.00|11,109
7047WB|FAJAR-WB|0.040|0.030|0.035|-0.005|-12.50|8,586
5029|FAREAST|2.760|2.760|2.760|0.000|0.00|40
6041|FARLIM|0.370|0.355|0.365|-0.005|-1.35|412
7229|FAVCO|2.770|2.700|2.710|-0.060|-2.17|693
06505D|FBMKLCI-C5D|0.085|0.000|0.000|0.000|0.00|0
06505I|FBMKLCI-C5I|0.005|0.000|0.000|0.000|0.00|0
06505J|FBMKLCI-C5J|0.020|0.000|0.000|0.000|0.00|0
06505K|FBMKLCI-C5K|0.005|0.000|0.000|0.000|0.00|0
06505L|FBMKLCI-C5L|0.070|0.000|0.000|0.000|0.00|0
06505M|FBMKLCI-C5M|0.100|0.000|0.000|0.000|0.00|0
06505N|FBMKLCI-C5N|0.055|0.000|0.000|0.000|0.00|0
06505O|FBMKLCI-C5O|0.040|0.000|0.000|0.000|0.00|0
06505P|FBMKLCI-C5P|0.195|0.000|0.000|0.000|0.00|0
06505Q|FBMKLCI-C5Q|0.295|0.280|0.280|-0.015|-5.08|5,000
06505R|FBMKLCI-C5R|0.060|0.060|0.055|-0.005|-8.33|320
06505S|FBMKLCI-C5S|0.160|0.000|0.000|0.000|0.00|0
06505T|FBMKLCI-C5T|0.230|0.000|0.000|0.000|0.00|0
06505U|FBMKLCI-C5U|0.150|0.000|0.000|0.000|0.00|0
06505V|FBMKLCI-C5V|0.055|0.055|0.055|0.000|0.00|1,500
06505W|FBMKLCI-C5W|0.035|0.000|0.000|0.000|0.00|0
0820EA|FBMKLCI-EA|1.780|1.780|1.780|0.000|0.00|43
06506F|FBMKLCI-H6F|0.015|0.000|0.000|0.000|0.00|0
06506K|FBMKLCI-H6K|0.205|0.205|0.205|0.000|0.00|700
06506L|FBMKLCI-H6L|0.120|0.000|0.000|0.000|0.00|0
06506M|FBMKLCI-H6M|0.165|0.000|0.000|0.000|0.00|0
06506N|FBMKLCI-H6N|0.225|0.000|0.000|0.000|0.00|0
06506O|FBMKLCI-H6O|0.330|0.000|0.000|0.000|0.00|0
06506P|FBMKLCI-H6P|0.050|0.050|0.045|-0.005|-10.00|18,650
06506Q|FBMKLCI-H6Q|0.085|0.085|0.090|+0.005|+5.88|15,750
06506R|FBMKLCI-H6R|0.240|0.000|0.000|0.000|0.00|0
06506S|FBMKLCI-H6S|0.355|0.325|0.325|-0.030|-8.45|12
06506T|FBMKLCI-H6T|0.090|0.085|0.090|0.000|0.00|6,020
06506U|FBMKLCI-H6U|0.255|0.000|0.000|0.000|0.00|0
06506V|FBMKLCI-H6V|0.255|0.000|0.000|0.000|0.00|0
06506W|FBMKLCI-H6W|0.155|0.000|0.000|0.000|0.00|0
06506X|FBMKLCI-H6X|0.100|0.110|0.110|+0.010|+10.00|700
06506Y|FBMKLCI-H6Y|0.150|0.000|0.000|0.000|0.00|0
2755|FCW|0.715|0.000|0.000|0.000|0.00|0
5222|FGV|1.120|1.120|1.230|+0.110|+9.82|512,980
522255|FGV-C55|0.005|0.005|0.005|0.000|0.00|6,369
522256|FGV-C56|0.005|0.000|0.000|0.000|0.00|0
522257|FGV-C57|0.005|0.000|0.000|0.000|0.00|0
522258|FGV-C58|0.010|0.010|0.010|0.000|0.00|7,230
522259|FGV-C59|0.035|0.000|0.000|0.000|0.00|0
522260|FGV-C60|0.005|0.000|0.000|0.000|0.00|0
522261|FGV-C61|0.020|0.025|0.025|+0.005|+25.00|2,220
522262|FGV-C62|0.080|0.085|0.105|+0.025|+31.25|55,409
522263|FGV-C63|0.155|0.150|0.190|+0.035|+22.58|91,200
522264|FGV-C64|0.240|0.250|0.250|+0.010|+4.17|100
522265|FGV-C65|0.160|0.180|0.205|+0.045|+28.13|29,200
522266|FGV-C66|0.310|0.000|0.000|0.000|0.00|0
522267|FGV-C67|0.375|0.395|0.470|+0.095|+25.33|8,942
522268|FGV-C68|0.150|0.000|0.000|0.000|0.00|0
522269|FGV-C69|0.110|0.120|0.130|+0.020|+18.18|24,000
522270|FGV-C70|0.095|0.095|0.130|+0.035|+36.84|4,813
522271|FGV-C71|0.040|0.045|0.055|+0.015|+37.50|52,283
522272|FGV-C72|0.035|0.040|0.045|+0.010|+28.57|31,404
522273|FGV-C73|0.075|0.080|0.100|+0.025|+33.33|243,767
6939|FIAMMA|0.475|0.465|0.490|+0.015|+3.16|61
0149|FIBON|0.430|0.000|0.000|0.000|0.00|0
8605|FIHB|0.490|0.490|0.500|+0.010|+2.04|8,038
8605PA|FIHB-PA|0.090|0.090|0.095|+0.005|+5.56|3,065
8605PB|FIHB-PB|0.080|0.000|0.000|0.000|0.00|0
3107|FIMACOR|1.930|1.950|1.950|+0.020|+1.04|100
0150|FINTEC|0.050|0.055|0.055|+0.005|+10.00|165,871
0150PA|FINTEC-PA|0.025|0.025|0.025|0.000|0.00|1,336
0150WA|FINTEC-WA|0.010|0.015|0.015|+0.005|+50.00|20,110
0150WB|FINTEC-WB|0.015|0.020|0.020|+0.005|+33.33|2,432
9318|FITTERS|0.500|0.500|0.490|-0.010|-2.00|34,285
9318WB|FITTERS-WB|0.025|0.025|0.020|-0.005|-20.00|6,370
5197|FLBHD|1.650|1.650|1.660|+0.010|+0.61|1,487
0116|FOCUS|0.140|0.135|0.140|0.000|0.00|43,265
0116WC|FOCUS-WC|0.080|0.000|0.000|0.000|0.00|0
0157|FOCUSP|0.380|0.375|0.375|-0.005|-1.32|2,086
5277|FPGROUP|0.310|0.310|0.300|-0.010|-3.23|29,265
9172|FPI|1.820|1.830|1.830|+0.010|+0.55|697
7210|FREIGHT|0.595|0.595|0.600|+0.005|+0.84|3,505
0128|FRONTKN|0.960|0.955|0.930|-0.030|-3.13|63,017
9377|FSBM|0.095|0.000|0.000|0.000|0.00|0
9377WA|FSBM-WA|0.025|0.000|0.000|0.000|0.00|0
7184|G3|0.790|0.790|0.790|0.000|0.00|400
7184WA|G3-WA|0.700|0.000|0.000|0.000|0.00|0
9261|GADANG|0.645|0.650|0.665|+0.020|+3.10|47,060
9261WB|GADANG-WB|0.195|0.195|0.205|+0.010|+5.13|26,635
5398|GAMUDA|2.890|2.890|2.870|-0.020|-0.69|31,390
539851|GAMUDA-C51|0.005|0.000|0.000|0.000|0.00|0
539853|GAMUDA-C53|0.005|0.000|0.000|0.000|0.00|0
539856|GAMUDA-C56|0.030|0.000|0.000|0.000|0.00|0
539857|GAMUDA-C57|0.045|0.000|0.000|0.000|0.00|0
539858|GAMUDA-C58|0.065|0.065|0.065|0.000|0.00|200
539859|GAMUDA-C59|0.175|0.170|0.170|-0.005|-2.86|606
539860|GAMUDA-C60|0.105|0.000|0.000|0.000|0.00|0
539861|GAMUDA-C61|0.075|0.070|0.070|-0.005|-6.67|1,100
539862|GAMUDA-C62|0.100|0.095|0.090|-0.010|-10.00|350
539863|GAMUDA-C63|0.100|0.095|0.095|-0.005|-5.00|8,000
5398WE|GAMUDA-WE|0.225|0.225|0.220|-0.005|-2.22|5,955
5209|GASMSIA|2.880|2.880|2.880|0.000|0.00|3,170
5226|GBGAQRS|1.230|1.230|1.240|+0.010|+0.81|20,728
5226WB|GBGAQRS-WB|0.295|0.290|0.300|+0.005|+1.69|18,759
5102|GCB|3.700|3.690|3.700|0.000|0.00|6,206
5102CA|GCB-CA|0.280|0.000|0.000|0.000|0.00|0
5102CB|GCB-CB|0.185|0.185|0.185|0.000|0.00|1,002
5102CC|GCB-CC|0.145|0.140|0.140|-0.005|-3.45|13,289
5102CD|GCB-CD|0.110|0.000|0.000|0.000|0.00|0
5592|GCE|0.470|0.470|0.470|0.000|0.00|100
0198|GDB|0.280|0.280|0.275|-0.005|-1.79|2,179
0078|GDEX|0.355|0.360|0.365|+0.010|+2.82|139,368
0078WB|GDEX-WB|0.055|0.060|0.065|+0.010|+18.18|103,196
0580C1|GEELY-C1|0.050|0.000|0.000|0.000|0.00|0
0104|GENETEC|1.690|1.680|1.650|-0.040|-2.37|115
4715|GENM|3.430|3.430|3.400|-0.030|-0.87|40,712
471538|GENM-C38|0.005|0.000|0.000|0.000|0.00|0
471540|GENM-C40|0.150|0.000|0.000|0.000|0.00|0
471541|GENM-C41|0.005|0.000|0.000|0.000|0.00|0
471542|GENM-C42|0.040|0.000|0.000|0.000|0.00|0
471543|GENM-C43|0.045|0.040|0.040|-0.005|-11.11|70
471544|GENM-C44|0.075|0.000|0.000|0.000|0.00|0
471545|GENM-C45|0.160|0.000|0.000|0.000|0.00|0
471546|GENM-C46|0.115|0.000|0.000|0.000|0.00|0
471547|GENM-C47|0.145|0.000|0.000|0.000|0.00|0
471548|GENM-C48|0.130|0.000|0.000|0.000|0.00|0
471549|GENM-C49|0.205|0.200|0.195|-0.010|-4.88|2,500
471550|GENM-C50|0.195|0.000|0.000|0.000|0.00|0
471551|GENM-C51|0.135|0.000|0.000|0.000|0.00|0
471552|GENM-C52|0.215|0.000|0.000|0.000|0.00|0
471553|GENM-C53|0.125|0.000|0.000|0.000|0.00|0
471554|GENM-C54|0.095|0.000|0.000|0.000|0.00|0
471555|GENM-C55|0.080|0.075|0.075|-0.005|-6.25|37,770
2291|GENP|10.600|10.580|10.480|-0.120|-1.13|1,464
2291WA|GENP-WA|2.740|2.700|2.740|0.000|0.00|32
3182|GENTING|6.930|6.930|6.930|0.000|0.00|29,238
318251|GENTINGC51|0.005|0.000|0.000|0.000|0.00|0
318255|GENTINGC55|0.050|0.000|0.000|0.000|0.00|0
318256|GENTINGC56|0.030|0.000|0.000|0.000|0.00|0
318257|GENTINGC57|0.085|0.085|0.085|0.000|0.00|2,579
318258|GENTINGC58|0.065|0.065|0.065|0.000|0.00|500
318259|GENTINGC59|0.090|0.000|0.000|0.000|0.00|0
318260|GENTINGC60|0.120|0.115|0.115|-0.005|-4.17|1,000
318261|GENTINGC61|0.110|0.000|0.000|0.000|0.00|0
318262|GENTINGC62|0.150|0.140|0.140|-0.010|-6.67|2,800
318263|GENTINGC63|0.130|0.125|0.125|-0.005|-3.85|2,000
318264|GENTINGC64|0.090|0.000|0.000|0.000|0.00|0
7197|GESHEN|0.620|0.615|0.615|-0.005|-0.81|4
5079|GETS|0.120|0.000|0.000|0.000|0.00|0
0039|GFM|0.520|0.515|0.520|0.000|0.00|47,356
0039WC|GFM-WC|0.205|0.205|0.215|+0.010|+4.88|44,927
0021|GHLSYS|1.630|1.620|1.620|-0.010|-0.61|1,808
0021CA|GHLSYS-CA|0.110|0.000|0.000|0.000|0.00|0
3204|GKENT|1.120|1.120|1.110|-0.010|-0.89|29,775
7382|GLBHD|0.380|0.370|0.370|-0.010|-2.63|100
5020|GLOMAC|0.380|0.375|0.365|-0.015|-3.95|1,622
5220|GLOTEC|0.475|0.475|0.475|0.000|0.00|3,760
5220WA|GLOTEC-WA|0.070|0.070|0.070|0.000|0.00|200
9962|GMUTUAL|0.275|0.000|0.000|0.000|0.00|0
0045|GNB|0.050|0.055|0.055|+0.005|+10.00|9
1147|GOB|0.190|0.185|0.180|-0.010|-5.26|1,697
1147WA|GOB-WA|0.005|0.000|0.000|0.000|0.00|0
0074|GOCEAN|0.115|0.110|0.105|-0.010|-8.70|200
0074WA|GOCEAN-WA|0.005|0.000|0.000|0.000|0.00|0
0828EA|GOLDETF|1.745|0.000|0.000|0.000|0.00|0
7192|GOODWAY|0.215|0.215|0.210|-0.005|-2.33|1,330
2135|GOPENG|0.700|0.690|0.690|-0.010|-1.43|150
7096|GPA|0.100|0.105|0.105|+0.005|+5.00|1,100
7096WA|GPA-WA|0.030|0.030|0.030|0.000|0.00|15,800
0082|GPACKET|0.320|0.320|0.325|+0.005|+1.56|4,443
0082WB|GPACKET-WB|0.085|0.080|0.075|-0.010|-11.76|7,118
5649|GPHAROS|0.220|0.220|0.245|+0.025|+11.36|2,720
0056|GRANFLO|0.205|0.205|0.205|0.000|0.00|600
0136|GREENYB|0.140|0.130|0.145|+0.005|+3.57|3,680
7077|GSB|0.190|0.185|0.190|0.000|0.00|1,080
7022|GTRONIC|1.770|1.780|1.740|-0.030|-1.69|4,278
7022CR|GTRONIC-CR|0.005|0.000|0.000|0.000|0.00|0
7022CS|GTRONIC-CS|0.005|0.000|0.000|0.000|0.00|0
7022CT|GTRONIC-CT|0.005|0.000|0.000|0.000|0.00|0
7022CU|GTRONIC-CU|0.030|0.000|0.000|0.000|0.00|0
7022CV|GTRONIC-CV|0.095|0.075|0.075|-0.020|-21.05|400
7022CW|GTRONIC-CW|0.040|0.000|0.000|0.000|0.00|0
3247|GUH|0.500|0.000|0.000|0.000|0.00|0
7676|GUNUNG|0.295|0.295|0.295|0.000|0.00|245
7676WB|GUNUNG-WB|0.045|0.045|0.045|0.000|0.00|1,584
1503|GUOCO|0.750|0.750|0.750|0.000|0.00|1,078
7668|HAIO|2.700|2.700|2.730|+0.030|+1.11|616
7668CG|HAIO-CG|0.075|0.000|0.000|0.000|0.00|0
5151|HALEX|0.910|0.840|0.835|-0.075|-8.24|152
7253|HANDAL|0.370|0.370|0.390|+0.020|+5.41|3,504
3034|HAPSENG|9.850|9.880|9.880|+0.030|+0.30|10,964
3034CX|HAPSENG-CX|0.030|0.000|0.000|0.000|0.00|0
2062|HARBOUR|0.740|0.710|0.710|-0.030|-4.05|274
2062WC|HARBOUR-WC|0.085|0.000|0.000|0.000|0.00|0
5008|HARISON|3.810|0.000|0.000|0.000|0.00|0
7501|HARNLEN|0.610|0.650|0.650|+0.040|+6.56|555
5168|HARTA|4.750|4.760|4.800|+0.050|+1.05|35,039
516811|HARTA-C11|0.005|0.000|0.000|0.000|0.00|0
516815|HARTA-C15|0.020|0.000|0.000|0.000|0.00|0
516816|HARTA-C16|0.010|0.000|0.000|0.000|0.00|0
516817|HARTA-C17|0.005|0.000|0.000|0.000|0.00|0
516818|HARTA-C18|0.005|0.000|0.000|0.000|0.00|0
516819|HARTA-C19|0.055|0.000|0.000|0.000|0.00|0
516820|HARTA-C20|0.065|0.000|0.000|0.000|0.00|0
516821|HARTA-C21|0.070|0.000|0.000|0.000|0.00|0
516822|HARTA-C22|0.065|0.055|0.065|0.000|0.00|3,287
5187|HBGLOB|0.125|0.125|0.125|0.000|0.00|18,820
7105|HCK|1.250|0.000|0.000|0.000|0.00|0
7105WA|HCK-WA|0.295|0.000|0.000|0.000|0.00|0
3255|HEIM|22.900|22.940|22.980|+0.080|+0.35|384
5121|HEKTAR|1.130|1.130|1.130|0.000|0.00|738
4324|HENGYUAN|6.120|6.100|6.000|-0.120|-1.96|5,147
4324C1|HENGYUAN-C1|0.005|0.000|0.000|0.000|0.00|0
4324C2|HENGYUAN-C2|0.010|0.005|0.005|-0.005|-50.00|100
4324C4|HENGYUAN-C4|0.030|0.000|0.000|0.000|0.00|0
4324C5|HENGYUAN-C5|0.035|0.000|0.000|0.000|0.00|0
4324C6|HENGYUAN-C6|0.055|0.000|0.000|0.000|0.00|0
4324C7|HENGYUAN-C7|0.215|0.205|0.205|-0.010|-4.65|1,880
4324C8|HENGYUAN-C8|0.125|0.120|0.120|-0.005|-4.00|100
4324CZ|HENGYUAN-CZ|0.020|0.010|0.010|-0.010|-50.00|2,000
5095|HEVEA|0.640|0.645|0.635|-0.005|-0.78|3,476
5095WB|HEVEA-WB|0.450|0.000|0.000|0.000|0.00|0
3298|HEXZA|0.705|0.705|0.705|0.000|0.00|215
0175|HHGROUP|0.120|0.115|0.130|+0.010|+8.33|9,920
0160|HHHCORP|0.095|0.095|0.095|0.000|0.00|5,650
5072|HIAPTEK|0.300|0.300|0.305|+0.005|+1.67|9,652
5072LA|HIAPTEK-LA|0.300|0.300|0.305|+0.005|+1.67|290
5072WB|HIAPTEK-WB|0.085|0.085|0.090|+0.005|+5.88|4,013
5199|HIBISCS|1.040|1.030|1.030|-0.010|-0.96|115,184
5199CM|HIBISCS-CM|0.085|0.080|0.080|-0.005|-5.88|7,000
5199CN|HIBISCS-CN|0.070|0.065|0.065|-0.005|-7.14|800
5199CO|HIBISCS-CO|0.075|0.000|0.000|0.000|0.00|0
5199CP|HIBISCS-CP|0.050|0.045|0.045|-0.005|-10.00|140
5199CQ|HIBISCS-CQ|0.120|0.120|0.115|-0.005|-4.17|7,077
5199CR|HIBISCS-CR|0.105|0.105|0.100|-0.005|-4.76|17,950
5199CS|HIBISCS-CS|0.110|0.000|0.000|0.000|0.00|0
5199CT|HIBISCS-CT|0.145|0.130|0.130|-0.015|-10.34|2,000
5199CU|HIBISCS-CU|0.085|0.085|0.085|0.000|0.00|25,500
5199CV|HIBISCS-CV|0.080|0.000|0.000|0.000|0.00|0
5199CW|HIBISCS-CW|0.080|0.000|0.000|0.000|0.00|0
5199WC|HIBISCS-WC|0.465|0.465|0.460|-0.005|-1.08|42,001
7033|HIGHTEC|1.280|1.300|1.300|+0.020|+1.56|46
8443|HIL|0.560|0.570|0.575|+0.015|+2.68|32,492
8443WB|HIL-WB|0.190|0.000|0.000|0.000|0.00|0
0505CF|HKEX-CF|0.425|0.000|0.000|0.000|0.00|0
5819|HLBANK|20.760|20.620|20.800|+0.040|+0.19|16,239
5819CN|HLBANK-CN|0.040|0.035|0.035|-0.005|-12.50|150
5819CO|HLBANK-CO|0.125|0.000|0.000|0.000|0.00|0
5274|HLCAP|9.600|0.000|0.000|0.000|0.00|0
1082|HLFG|19.360|19.480|19.400|+0.040|+0.21|6,156
3301|HLIND|9.990|10.000|9.910|-0.080|-0.80|316
0188|HLT|0.135|0.140|0.140|+0.005|+3.70|200
0188WA|HLT-WA|0.045|0.045|0.040|-0.005|-11.11|400
5169|HOHUP|0.415|0.410|0.415|0.000|0.00|1,460
5165|HOKHENG|0.580|0.590|0.590|+0.010|+1.72|440
5160|HOMERIZ|0.620|0.620|0.650|+0.030|+4.84|3,319
5160WA|HOMERIZ-WA|0.070|0.075|0.080|+0.010|+14.29|2,641
7010|HOOVER|0.550|0.565|0.565|+0.015|+2.73|63
06513U|HSI-C3U|0.015|0.000|0.000|0.000|0.00|0
06513V|HSI-C3V|0.140|0.130|0.100|-0.040|-28.57|504,287
06513W|HSI-C3W|0.590|0.555|0.530|-0.060|-10.17|2,331
06513X|HSI-C3X|1.180|1.110|1.140|-0.040|-3.39|350
06513Y|HSI-C3Y|0.100|0.000|0.000|0.000|0.00|0
06513Z|HSI-C3Z|0.235|0.220|0.210|-0.025|-10.64|225,190
06515A|HSI-C5A|0.510|0.500|0.460|-0.050|-9.80|295,030
06515B|HSI-C5B|0.885|0.850|0.845|-0.040|-4.52|2,570
06515C|HSI-C5C|0.260|0.250|0.240|-0.020|-7.69|25,579
06515D|HSI-C5D|0.435|0.420|0.400|-0.035|-8.05|810,089
06515E|HSI-C5E|0.770|0.745|0.725|-0.045|-5.84|9,572
06515F|HSI-C5F|1.090|0.000|0.000|0.000|0.00|0
06515G|HSI-C5G|0.645|0.610|0.610|-0.035|-5.43|4,982
06515H|HSI-C5H|0.930|0.910|0.905|-0.025|-2.69|2,450
06515I|HSI-C5I|1.190|0.000|0.000|0.000|0.00|0
06515J|HSI-C5J|0.785|0.755|0.745|-0.040|-5.10|860
06515K|HSI-C5K|1.130|1.080|1.100|-0.030|-2.65|240
06515L|HSI-C5L|1.410|0.000|0.000|0.000|0.00|0
06515M|HSI-C5M|1.970|0.000|0.000|0.000|0.00|0
06514V|HSI-H4V|0.005|0.005|0.005|0.000|0.00|9,597
06514W|HSI-H4W|0.005|0.005|0.005|0.000|0.00|15,173
06514X|HSI-H4X|0.005|0.005|0.005|0.000|0.00|7,517
06514Y|HSI-H4Y|0.005|0.005|0.005|0.000|0.00|14,729
06514Z|HSI-H4Z|0.010|0.000|0.000|0.000|0.00|0
06516A|HSI-H6A|0.020|0.020|0.015|-0.005|-25.00|3,574
06516B|HSI-H6B|0.040|0.025|0.025|-0.015|-37.50|410
06516C|HSI-H6C|0.065|0.060|0.070|+0.005|+7.69|73,028
06516D|HSI-H6D|0.055|0.000|0.000|0.000|0.00|0
06516E|HSI-H6E|0.095|0.105|0.100|+0.005|+5.26|2,480
06516F|HSI-H6F|0.190|0.195|0.200|+0.010|+5.26|245,296
06516G|HSI-H6G|0.355|0.365|0.380|+0.025|+7.04|309,546
06516H|HSI-H6H|0.070|0.070|0.070|0.000|0.00|1,700
06516I|HSI-H6I|0.130|0.000|0.000|0.000|0.00|0
06516J|HSI-H6J|0.205|0.215|0.215|+0.010|+4.88|30,309
06516K|HSI-H6K|0.080|0.000|0.000|0.000|0.00|0
06516L|HSI-H6L|0.155|0.000|0.000|0.000|0.00|0
06516M|HSI-H6M|0.140|0.150|0.145|+0.005|+3.57|5,506
06516N|HSI-H6N|0.235|0.250|0.245|+0.010|+4.26|5,056
6238|HSL|1.460|1.450|1.440|-0.020|-1.37|133
5138|HSPLANT|1.780|1.800|1.780|0.000|0.00|42
0185|HSSEB|1.100|1.110|1.160|+0.060|+5.45|13,362
0185WA|HSSEB-WA|0.220|0.200|0.230|+0.010|+4.55|1,220
5028|HTPADU|0.715|0.710|0.720|+0.005|+0.70|3,725
2739|HUAAN|0.255|0.255|0.255|0.000|0.00|368,152
5062|HUAYANG|0.390|0.395|0.400|+0.010|+2.56|4,243
7013|HUBLINE|0.055|0.055|0.055|0.000|0.00|28,764
7013WA|HUBLINE-WA|0.005|0.000|0.000|0.000|0.00|0
7013WB|HUBLINE-WB|0.010|0.005|0.010|0.000|0.00|5,499
7013WC|HUBLINE-WC|0.020|0.020|0.020|0.000|0.00|2,815
5000|HUMEIND|0.725|0.710|0.725|0.000|0.00|1,655
5024|HUPSENG|1.000|1.000|1.000|0.000|0.00|219
8478|HWATAI|0.305|0.310|0.310|+0.005|+1.64|10
9601|HWGB|0.105|0.105|0.100|-0.005|-4.76|691
9601WD|HWGB-WD|0.030|0.030|0.050|+0.020|+66.67|61
4251|IBHD|0.440|0.435|0.435|-0.005|-1.14|1,499
4251LB|IBHD-LB|0.320|0.320|0.320|0.000|0.00|1,950
4251WA|IBHD-WA|0.015|0.000|0.000|0.000|0.00|0
5084|IBRACO|0.695|0.000|0.000|0.000|0.00|0
5108|ICAP|2.400|0.000|0.000|0.000|0.00|0
0502CF|ICBC-CF|0.100|0.000|0.000|0.000|0.00|0
5255|ICON|0.090|0.095|0.085|-0.005|-5.56|59,155
9687|IDEAL|1.070|1.070|1.070|0.000|0.00|775
9687WB|IDEAL-WB|0.350|0.360|0.370|+0.020|+5.71|530
0174|IDMENSN|0.025|0.000|0.000|0.000|0.00|0
0174WA|IDMENSN-WA|0.005|0.000|0.000|0.000|0.00|0
0023|IFCAMSC|0.430|0.425|0.435|+0.005|+1.16|122,213
5606|IGBB|2.520|2.500|2.500|-0.020|-0.79|210
5606PA|IGBB-PA|1.120|1.110|1.110|-0.010|-0.89|67
5606PB|IGBB-PB|3.200|0.000|0.000|0.000|0.00|0
5227|IGBREIT|1.780|1.790|1.780|0.000|0.00|2,855
5225|IHH|5.840|5.900|5.850|+0.010|+0.17|48,351
522510|IHH-C10|0.135|0.130|0.125|-0.010|-7.41|200
5225C7|IHH-C7|0.045|0.000|0.000|0.000|0.00|0
5225C8|IHH-C8|0.115|0.115|0.115|0.000|0.00|1,600
5225C9|IHH-C9|0.095|0.000|0.000|0.000|0.00|0
0401GA|IHS046000824|96.000|0.000|0.000|0.000|0.00|0
3336|IJM|2.020|2.000|2.020|0.000|0.00|15,212
333620|IJM-C20|0.055|0.055|0.055|0.000|0.00|4,000
333621|IJM-C21|0.075|0.000|0.000|0.000|0.00|0
333624|IJM-C24|0.140|0.000|0.000|0.000|0.00|0
333625|IJM-C25|0.160|0.000|0.000|0.000|0.00|0
2216|IJMPLNT|1.660|1.630|1.630|-0.030|-1.81|20
5268|IKHMAS|0.160|0.160|0.155|-0.005|-3.13|18,076
5614|ILB|0.435|0.435|0.395|-0.040|-9.20|2,502
7222|IMASPRO|2.220|2.170|2.170|-0.050|-2.25|15,577
0166|INARI|1.520|1.530|1.540|+0.020|+1.32|67,723
016621|INARI-C21|0.005|0.000|0.000|0.000|0.00|0
016622|INARI-C22|0.005|0.000|0.000|0.000|0.00|0
016623|INARI-C23|0.005|0.000|0.000|0.000|0.00|0
016624|INARI-C24|0.005|0.000|0.000|0.000|0.00|0
016625|INARI-C25|0.005|0.000|0.000|0.000|0.00|0
016626|INARI-C26|0.035|0.030|0.030|-0.005|-14.29|6
016627|INARI-C27|0.035|0.000|0.000|0.000|0.00|0
016628|INARI-C28|0.030|0.030|0.030|0.000|0.00|10,499
016629|INARI-C29|0.065|0.060|0.060|-0.005|-7.69|1,000
016630|INARI-C30|0.060|0.000|0.000|0.000|0.00|0
016631|INARI-C31|0.115|0.115|0.120|+0.005|+4.35|5,801
016632|INARI-C32|0.120|0.120|0.120|0.000|0.00|5,778
016633|INARI-C33|0.250|0.260|0.255|+0.005|+2.00|4
016634|INARI-C34|0.075|0.075|0.075|0.000|0.00|8,000
016635|INARI-C35|0.065|0.000|0.000|0.000|0.00|0
016636|INARI-C36|0.075|0.075|0.075|0.000|0.00|1,580
016637|INARI-C37|0.110|0.100|0.100|-0.010|-9.09|4
0166WB|INARI-WB|1.000|1.000|1.010|+0.010|+1.00|842
2607|INCKEN|0.640|0.635|0.635|-0.005|-0.78|930
0094|INIX|0.055|0.055|0.055|0.000|0.00|36,637
0094WA|INIX-WA|0.020|0.025|0.025|+0.005|+25.00|421
0147|INNITY|0.575|0.000|0.000|0.000|0.00|0
6262|INNO|0.750|0.800|0.795|+0.045|+6.00|10
3379|INSAS|0.765|0.765|0.760|-0.005|-0.65|1,366
3379PA|INSAS-PA|0.985|0.980|0.985|0.000|0.00|732
3379WB|INSAS-WB|0.090|0.075|0.080|-0.010|-11.11|1,405
0192|INTA|0.270|0.270|0.275|+0.005|+1.85|6,323
1961|IOICORP|4.550|4.460|4.550|0.000|0.00|10,380
196119|IOICORP-C19|0.065|0.055|0.055|-0.010|-15.38|2,309
5249|IOIPG|1.410|1.410|1.390|-0.020|-1.42|17,714
5249CV|IOIPG-CV|0.140|0.135|0.130|-0.010|-7.14|1,416
5673|IPMUDA|0.490|0.495|0.495|+0.005|+1.02|10
5107|IQGROUP|1.180|1.140|1.180|0.000|0.00|250
8834|IREKA|0.550|0.000|0.000|0.000|0.00|0
8834WB|IREKA-WB|0.005|0.000|0.000|0.000|0.00|0
7183|IRETEX|0.145|0.145|0.155|+0.010|+6.90|11,910
7183LA|IRETEX-LA|0.015|0.015|0.020|+0.005|+33.33|4,736
7183WA|IRETEX-WA|0.005|0.005|0.005|0.000|0.00|1,100
0010|IRIS|0.140|0.145|0.145|+0.005|+3.57|103,101
9393|ITRONIC|0.100|0.095|0.100|0.000|0.00|900
5175|IVORY|0.210|0.205|0.205|-0.005|-2.38|3,172
1589|IWCITY|0.725|0.725|0.740|+0.015|+2.07|103,073
7223|JADI|0.040|0.040|0.040|0.000|0.00|15,310
0024|JAG|0.050|0.055|0.055|+0.005|+10.00|997,245
0024WA|JAG-WA|0.005|0.000|0.000|0.000|0.00|0
0024WB|JAG-WB|0.010|0.010|0.010|0.000|0.00|36,081
4723|JAKS|0.775|0.770|0.775|0.000|0.00|53,196
4723WB|JAKS-WB|0.500|0.490|0.495|-0.005|-1.00|2,009
8648|JASKITA|0.115|0.115|0.115|0.000|0.00|1,000
7152|JAYCORP|0.905|0.945|1.000|+0.095|+10.50|18,648
0058|JCBNEXT|1.500|1.500|1.480|-0.020|-1.33|272
5161|JCY|0.200|0.205|0.205|+0.005|+2.50|14,896
8931|JERASIA|0.400|0.395|0.380|-0.020|-5.00|1,380
9083|JETSON|0.185|0.175|0.180|-0.005|-2.70|1,419
0146|JFTECH|0.795|0.800|0.920|+0.125|+15.72|4,037
0127|JHM|1.180|1.180|1.240|+0.060|+5.08|38,181
8923|JIANKUN|0.325|0.000|0.000|0.000|0.00|0
8923WA|JIANKUN-WA|0.075|0.000|0.000|0.000|0.00|0
6769|JKGLAND|0.075|0.080|0.080|+0.005|+6.67|80,969
03003|JMEDU|0.535|0.000|0.000|0.000|0.00|0
7043|JMR|0.950|0.000|0.000|0.000|0.00|0
3441|JOHAN|0.085|0.080|0.085|0.000|0.00|2,447
7167|JOHOTIN|1.450|1.460|1.440|-0.010|-0.69|6,474
4383|JTIASA|0.560|0.560|0.560|0.000|0.00|6,948
0111|K1|0.230|0.235|0.230|0.000|0.00|22,628
0111WC|K1-WC|0.105|0.105|0.105|0.000|0.00|2,030
0193|KAB|0.205|0.210|0.215|+0.010|+4.88|9,529
8672|KAMDAR|0.290|0.000|0.000|0.000|0.00|0
0170|KANGER|0.045|0.040|0.040|-0.005|-11.11|2,000
0170WA|KANGER-WA|0.020|0.000|0.000|0.000|0.00|0
5247|KAREX|0.440|0.440|0.445|+0.005|+1.14|30,215
0054|KARYON|0.135|0.140|0.135|0.000|0.00|6,273
7216|KAWAN|1.760|1.770|1.770|+0.010|+0.57|363
3115|KBUNAI|0.085|0.085|0.085|0.000|0.00|2,557
3115WC|KBUNAI-WC|0.020|0.020|0.020|0.000|0.00|872
7199|KEINHIN|0.625|0.000|0.000|0.000|0.00|0
7323|KEN|0.680|0.000|0.000|0.000|0.00|0
6483|KENANGA|0.530|0.520|0.525|-0.005|-0.94|359
7161|KERJAYA|1.250|1.250|1.230|-0.020|-1.60|603
7161CJ|KERJAYA-CJ|0.020|0.000|0.000|0.000|0.00|0
7161WB|KERJAYA-WB|0.190|0.000|0.000|0.000|0.00|0
9334|KESM|8.570|8.510|8.510|-0.060|-0.70|26
0143|KEYASIC|0.110|0.110|0.110|0.000|0.00|58,545
6491|KFIMA|1.660|1.660|1.660|0.000|0.00|389
8303|KFM|0.180|0.000|0.000|0.000|0.00|0
0151|KGB|1.280|1.270|1.260|-0.020|-1.56|18,777
0151WA|KGB-WA|0.765|0.765|0.750|-0.015|-1.96|2,086
0036|KGROUP|0.045|0.045|0.045|0.000|0.00|4,722
0036WB|KGROUP-WB|0.005|0.005|0.005|0.000|0.00|6,000
6203|KHEESAN|0.665|0.640|0.650|-0.015|-2.26|725
7062|KHIND|1.670|0.000|0.000|0.000|0.00|0
6211|KIALIM|0.225|0.000|0.000|0.000|0.00|0
3522|KIANJOO|3.100|3.100|3.100|0.000|0.00|12,037
5371|KIMHIN|1.200|1.150|1.170|-0.030|-2.50|360
5171|KIMLUN|1.230|1.220|1.220|-0.010|-0.81|20
5171WA|KIMLUN-WA|0.325|0.000|0.000|0.000|0.00|0
5060|KINSTEL|0.005|0.000|0.000|0.000|0.00|0
5280|KIPREIT|0.855|0.855|0.870|+0.015|+1.75|1,593
9466|KKB|1.260|1.240|1.230|-0.030|-2.38|3,396
5235SS|KLCC|7.710|7.730|7.700|-0.010|-0.13|42
2445|KLK|24.920|24.820|24.980|+0.060|+0.24|9,111
2445C2|KLK-C2|0.140|0.000|0.000|0.000|0.00|0
2453|KLUANG|3.420|3.420|3.410|-0.010|-0.29|125
5027|KMLOONG|1.270|0.000|0.000|0.000|0.00|0
5027WB|KMLOONG-WB|0.245|0.000|0.000|0.000|0.00|0
7164|KNM|0.125|0.120|0.125|0.000|0.00|90,303
7164WB|KNM-WB|0.015|0.015|0.015|0.000|0.00|1,210
5035|KNUSFOR|0.430|0.000|0.000|0.000|0.00|0
6971|KOBAY|1.390|1.400|1.400|+0.010|+0.72|10
7017|KOMARK|0.240|0.240|0.250|+0.010|+4.17|75,881
7017WB|KOMARK-WB|0.035|0.035|0.035|0.000|0.00|15,254
7153|KOSSAN|3.640|3.590|3.610|-0.030|-0.82|5,314
7153CY|KOSSAN-CY|0.005|0.000|0.000|0.000|0.00|0
7153CZ|KOSSAN-CZ|0.150|0.000|0.000|0.000|0.00|0
0002|KOTRA|1.700|0.000|0.000|0.000|0.00|0
5878|KPJ|1.030|1.030|1.030|0.000|0.00|8,299
5878CR|KPJ-CR|0.020|0.000|0.000|0.000|0.00|0
5878CS|KPJ-CS|0.030|0.000|0.000|0.000|0.00|0
7130|KPOWER|0.335|0.330|0.350|+0.015|+4.48|610
5843|KPS|1.380|1.390|1.400|+0.020|+1.45|3,896
9121|KPSCB|0.520|0.505|0.505|-0.015|-2.88|50
1996|KRETAM|0.400|0.400|0.400|0.000|0.00|905
0176|KRONO|0.600|0.600|0.590|-0.010|-1.67|38,298
3476|KSENG|4.760|4.750|4.750|-0.010|-0.21|120
5038|KSL|0.910|0.900|0.930|+0.020|+2.20|2,844
5192|KSSC|0.450|0.440|0.430|-0.020|-4.44|9,043
5172|KSTAR|0.095|0.000|0.000|0.000|0.00|0
5172WA|KSTAR-WA|0.010|0.010|0.010|0.000|0.00|1,412
4847|KTB|0.075|0.000|0.000|0.000|0.00|0
0180|KTC|0.180|0.185|0.190|+0.010|+5.56|2,294
6874|KUB|0.395|0.395|0.395|0.000|0.00|28,731
2186|KUCHAI|1.580|1.560|1.580|0.000|0.00|860
6572|KWANTAS|0.800|0.000|0.000|0.000|0.00|0
8362|KYM|0.335|0.000|0.000|0.000|0.00|0
3174|L&G|0.160|0.155|0.160|0.000|0.00|12,557
3794|LAFMSIA|2.140|2.150|2.190|+0.050|+2.34|2,429
0018|LAMBO|0.150|0.145|0.150|0.000|0.00|30,218
1643|LANDMRK|0.460|0.455|0.470|+0.010|+2.17|302
7006|LATITUD|4.040|3.980|3.980|-0.060|-1.49|10
9385|LAYHONG|0.445|0.440|0.440|-0.005|-1.12|18,269
9385WA|LAYHONG-WA|0.195|0.195|0.200|+0.005|+2.56|2,817
9326|LBALUM|0.520|0.505|0.505|-0.015|-2.88|50
8494|LBICAP|0.845|0.840|0.860|+0.015|+1.78|480
5789|LBS|0.650|0.650|0.660|+0.010|+1.54|1,718
5789PA|LBS-PA|0.840|0.000|0.000|0.000|0.00|0
5789WB|LBS-WB|0.245|0.200|0.250|+0.005|+2.04|36
5284|LCTITAN|4.270|4.270|4.280|+0.010|+0.23|4,202
9628|LEBTECH|0.855|0.000|0.000|0.000|0.00|0
8079|LEESK|0.900|0.895|0.895|-0.005|-0.56|141
5232|LEONFB|0.495|0.495|0.495|0.000|0.00|60
8745|LEWEKO|0.140|0.000|0.000|0.000|0.00|0
8745WB|LEWEKO-WB|0.055|0.000|0.000|0.000|0.00|0
7170|LFECORP|0.110|0.000|0.000|0.000|0.00|0
3573|LIENHOE|0.270|0.270|0.275|+0.005|+1.85|9,132
7089|LIIHEN|2.740|2.720|2.720|-0.020|-0.73|860
8486|LIONFIB|0.440|0.000|0.000|0.000|0.00|0
4235|LIONIND|0.525|0.525|0.530|+0.005|+0.95|26,533
6645|LITRAK|4.230|4.270|4.290|+0.060|+1.42|12
0182|LKL|0.115|0.120|0.120|+0.005|+4.35|9,591
7126|LONBISC|0.400|0.395|0.390|-0.010|-2.50|28,204
7126WA|LONBISC-WA|0.035|0.000|0.000|0.000|0.00|0
8621|LPI|16.100|16.100|16.100|0.000|0.00|334
9881|LSTEEL|0.285|0.295|0.300|+0.015|+5.26|550
7085|LTKM|1.240|1.200|1.200|-0.040|-3.23|582
5068|LUSTER|0.080|0.080|0.080|0.000|0.00|5,100
5068WA|LUSTER-WA|0.025|0.000|0.000|0.000|0.00|0
5068WB|LUSTER-WB|0.035|0.035|0.035|0.000|0.00|1,000
5143|LUXCHEM|0.530|0.530|0.535|+0.005|+0.94|647
0075|LYC|0.320|0.325|0.310|-0.010|-3.13|224
9199|LYSAGHT|2.620|2.620|2.600|-0.020|-0.76|30
5078|M&G|0.090|0.000|0.000|0.000|0.00|0
0017|M3TECH|0.050|0.045|0.045|-0.005|-10.00|5,918
0017WA|M3TECH-WA|0.005|0.000|0.000|0.000|0.00|0
1198|MAA|1.030|1.020|1.020|-0.010|-0.97|1,572
7617|MAGNA|0.930|0.000|0.000|0.000|0.00|0
7617WB|MAGNA-WB|0.190|0.000|0.000|0.000|0.00|0
7087|MAGNI|4.840|4.850|4.800|-0.040|-0.83|1,847
3859|MAGNUM|2.320|2.300|2.390|+0.070|+3.02|5,815
8583|MAHSING|0.920|0.920|0.935|+0.015|+1.63|5,174
858317|MAHSING-C17|0.040|0.000|0.000|0.000|0.00|0
858318|MAHSING-C18|0.030|0.000|0.000|0.000|0.00|0
858319|MAHSING-C19|0.030|0.025|0.025|-0.005|-16.67|800
8583WC|MAHSING-WC|0.015|0.000|0.000|0.000|0.00|0
5264|MALAKOF|0.935|0.945|0.905|-0.030|-3.21|39,676
526412|MALAKOFC12|0.005|0.000|0.000|0.000|0.00|0
526413|MALAKOFC13|0.005|0.000|0.000|0.000|0.00|0
526415|MALAKOFC15|0.035|0.030|0.030|-0.005|-14.29|1,650
526416|MALAKOFC16|0.015|0.005|0.005|-0.010|-66.67|325
526417|MALAKOFC17|0.090|0.000|0.000|0.000|0.00|0
526418|MALAKOFC18|0.065|0.065|0.055|-0.010|-15.38|24,231
526419|MALAKOFC19|0.130|0.125|0.115|-0.015|-11.54|2,130
526420|MALAKOFC20|0.100|0.095|0.085|-0.015|-15.00|2,200
526421|MALAKOFC21|0.080|0.075|0.075|-0.005|-6.25|200
526422|MALAKOFC22|0.055|0.050|0.050|-0.005|-9.09|3,200
4936|MALPAC|0.850|0.000|0.000|0.000|0.00|0
6181|MALTON|0.510|0.515|0.510|0.000|0.00|13,192
1058|MANULFE|2.550|2.500|2.500|-0.050|-1.96|40
3514|MARCO|0.125|0.125|0.125|0.000|0.00|1,970
5098|MASTEEL|0.460|0.460|0.480|+0.020|+4.35|20,246
7029|MASTER|0.770|0.770|0.775|+0.005|+0.65|13,613
0189|MATANG|0.070|0.070|0.070|0.000|0.00|717
5236|MATRIX|1.940|1.950|1.940|0.000|0.00|912
5236WA|MATRIX-WA|0.145|0.000|0.000|0.000|0.00|0
6012|MAXIS|5.400|5.370|5.390|-0.010|-0.19|14,971
601210|MAXIS-C10|0.065|0.065|0.065|0.000|0.00|8
6012C8|MAXIS-C8|0.065|0.000|0.000|0.000|0.00|0
6012C9|MAXIS-C9|0.050|0.000|0.000|0.000|0.00|0
5189|MAXWELL|0.010|0.000|0.000|0.000|0.00|0
5189WA|MAXWELL-WA|0.005|0.000|0.000|0.000|0.00|0
1155|MAYBANK|9.480|9.470|9.470|-0.010|-0.11|41,914
115543|MAYBANKC43|0.075|0.075|0.075|0.000|0.00|500
115544|MAYBANKC44|0.005|0.000|0.000|0.000|0.00|0
115546|MAYBANKC46|0.005|0.000|0.000|0.000|0.00|0
115547|MAYBANKC47|0.035|0.000|0.000|0.000|0.00|0
115548|MAYBANKC48|0.030|0.000|0.000|0.000|0.00|0
115549|MAYBANKC49|0.105|0.000|0.000|0.000|0.00|0
115550|MAYBANKC50|0.105|0.095|0.095|-0.010|-9.52|300
115551|MAYBANKC51|0.100|0.095|0.095|-0.005|-5.00|300
115552|MAYBANKC52|0.045|0.045|0.045|0.000|0.00|49
115553|MAYBANKC53|0.150|0.000|0.000|0.000|0.00|0
5077|MAYBULK|0.585|0.580|0.580|-0.005|-0.85|3,860
5886|MBG|0.800|0.000|0.000|0.000|0.00|0
5152|MBL|1.200|1.160|1.230|+0.030|+2.50|1,865
5152WA|MBL-WA|0.420|0.420|0.425|+0.005|+1.19|1,405
5983|MBMR|2.810|2.810|2.810|0.000|0.00|1,404
1171|MBSB|0.950|0.950|0.955|+0.005|+0.53|22,544
117115|MBSB-C15|0.010|0.000|0.000|0.000|0.00|0
117116|MBSB-C16|0.060|0.000|0.000|0.000|0.00|0
117117|MBSB-C17|0.035|0.035|0.035|0.000|0.00|500
117118|MBSB-C18|0.055|0.000|0.000|0.000|0.00|0
117119|MBSB-C19|0.045|0.000|0.000|0.000|0.00|0
117120|MBSB-C20|0.025|0.000|0.000|0.000|0.00|0
117121|MBSB-C21|0.035|0.035|0.035|0.000|0.00|50
7189|MBWORLD|1.680|1.670|1.670|-0.010|-0.60|10
7004|MCEHLDG|0.650|0.600|0.630|-0.020|-3.08|302
0167|MCLEAN|0.090|0.000|0.000|0.000|0.00|0
0167WB|MCLEAN-WB|0.025|0.000|0.000|0.000|0.00|0
5182|MCT|0.600|0.600|0.550|-0.050|-8.33|400
4502|MEDIA|0.535|0.545|0.530|-0.005|-0.93|8,494
5090|MEDIAC|0.225|0.225|0.230|+0.005|+2.22|2,804
0081|MEGASUN|0.135|0.125|0.130|-0.005|-3.70|820
0081WA|MEGASUN-WA|0.025|0.000|0.000|0.000|0.00|0
5129|MELATI|0.460|0.450|0.450|-0.010|-2.17|50
3778|MELEWAR|0.150|0.145|0.140|-0.010|-6.67|2,770
3778WB|MELEWAR-WB|0.055|0.045|0.045|-0.010|-18.18|500
1694|MENANG|0.390|0.395|0.390|0.000|0.00|1,572
1694WB|MENANG-WB|0.010|0.000|0.000|0.000|0.00|0
0577C2|MENGNIU-C2|0.180|0.000|0.000|0.000|0.00|0
5223|MENTIGA|0.550|0.550|0.625|+0.075|+13.64|325
8192|MERCURY|0.850|0.000|0.000|0.000|0.00|0
5006|MERGE|1.400|1.400|1.410|+0.010|+0.71|596
5040|MERIDIAN|0.290|0.295|0.290|0.000|0.00|1,310
5040WA|MERIDIAN-WA|0.095|0.075|0.075|-0.020|-21.05|200
5040WB|MERIDIAN-WB|0.025|0.000|0.000|0.000|0.00|0
5040WC|MERIDIAN-WC|0.020|0.000|0.000|0.000|0.00|0
7234|MESB|0.330|0.300|0.300|-0.030|-9.09|2,972
7234WA|MESB-WA|0.105|0.105|0.105|0.000|0.00|52
0826EA|METFAPA|1.040|0.000|0.000|0.000|0.00|0
0825EA|METFSID|0.806|0.807|0.807|+0.001|+0.12|40
0827EA|METFUS50|1.060|0.000|0.000|0.000|0.00|0
6149|METROD|1.700|0.000|0.000|0.000|0.00|0
3069|MFCB|3.870|3.850|3.810|-0.060|-1.55|103
3069WA|MFCB-WA|1.660|1.640|1.650|-0.010|-0.60|974
03015|MFGROUP|0.220|0.000|0.000|0.000|0.00|0
3662|MFLOUR|0.745|0.745|0.765|+0.020|+2.68|82,655
3662LA|MFLOUR-LA|1.460|1.480|1.500|+0.040|+2.74|793
3662WC|MFLOUR-WC|0.390|0.385|0.400|+0.010|+2.56|35,801
7595|MGB|0.725|0.725|0.725|0.000|0.00|30
7595WA|MGB-WA|0.250|0.000|0.000|0.000|0.00|0
0155|MGRC|0.270|0.000|0.000|0.000|0.00|0
5186|MHB|0.785|0.790|0.850|+0.065|+8.28|12,898
518613|MHB-C13|0.020|0.000|0.000|0.000|0.00|0
5026|MHC|0.595|0.000|0.000|0.000|0.00|0
03005|MHCARE|0.540|0.460|0.460|-0.080|-14.81|300
5286|MI|2.150|2.150|2.150|0.000|0.00|2,473
5286CA|MI-CA|0.090|0.000|0.000|0.000|0.00|0
5286CB|MI-CB|0.035|0.000|0.000|0.000|0.00|0
5286CC|MI-CC|0.055|0.000|0.000|0.000|0.00|0
5286CD|MI-CD|0.135|0.000|0.000|0.000|0.00|0
5286CE|MI-CE|0.150|0.000|0.000|0.000|0.00|0
5286CF|MI-CF|0.125|0.000|0.000|0.000|0.00|0
0126|MICROLN|0.400|0.375|0.410|+0.010|+2.50|13
5001|MIECO|0.290|0.290|0.280|-0.010|-3.45|7,904
0112|MIKROMB|0.250|0.250|0.255|+0.005|+2.00|1,670
7935|MILUX|0.680|0.000|0.000|0.000|0.00|0
5166|MINDA|0.055|0.050|0.055|0.000|0.00|700
7219|MINETEC|0.055|0.055|0.055|0.000|0.00|25
7219WA|MINETEC-WA|0.005|0.000|0.000|0.000|0.00|0
5576|MINHO|0.300|0.305|0.305|+0.005|+1.67|912
5576WC|MINHO-WC|0.065|0.065|0.070|+0.005|+7.69|5,435
3816|MISC|6.740|6.720|6.730|-0.010|-0.15|16,278
381619|MISC-C19|0.165|0.155|0.155|-0.010|-6.06|394
381620|MISC-C20|0.085|0.000|0.000|0.000|0.00|0
381621|MISC-C21|0.160|0.000|0.000|0.000|0.00|0
9571|MITRA|0.395|0.395|0.405|+0.010|+2.53|31,887
9571WD|MITRA-WD|0.050|0.050|0.045|-0.005|-10.00|2,786
9571WE|MITRA-WE|0.095|0.000|0.000|0.000|0.00|0
8141|MJPERAK|0.235|0.225|0.235|0.000|0.00|2,283
6114|MKH|1.290|1.300|1.330|+0.040|+3.10|8,142
8893|MKLAND|0.190|0.195|0.190|0.000|0.00|7,210
0085|MLAB|0.045|0.040|0.040|-0.005|-11.11|124,520
0085WA|MLAB-WA|0.010|0.000|0.000|0.000|0.00|0
0085WB|MLAB-WB|0.005|0.005|0.005|0.000|0.00|9,638
0034|MMAG|0.225|0.000|0.000|0.000|0.00|0
0034PA|MMAG-PA|0.090|0.090|0.085|-0.005|-5.56|1,780
0034WB|MMAG-WB|0.060|0.060|0.060|0.000|0.00|700
2194|MMCCORP|1.080|1.080|1.060|-0.020|-1.85|27,875
219412|MMCCORPC12|0.070|0.060|0.065|-0.005|-7.14|5,700
0113|MMSV|0.945|0.945|0.945|0.000|0.00|573
0103|MNC|0.040|0.040|0.040|0.000|0.00|1,730
0103WA|MNC-WA|0.005|0.000|0.000|0.000|0.00|0
6459|MNRB|1.030|1.020|1.010|-0.020|-1.94|7,986
0156|MPAY|0.120|0.120|0.120|0.000|0.00|33,386
6548|MPCORP|0.045|0.000|0.000|0.000|0.00|0
5237|MPHBCAP|1.070|1.070|1.060|-0.010|-0.93|610
3867|MPI|9.780|9.850|9.800|+0.020|+0.20|893
5123|MQREIT|1.090|1.080|1.090|0.000|0.00|720
0070|MQTECH|0.030|0.025|0.030|0.000|0.00|640
0070WA|MQTECH-WA|0.010|0.010|0.010|0.000|0.00|150
1651|MRCB|0.805|0.805|0.810|+0.005|+0.62|38,289
165134|MRCB-C34|0.005|0.005|0.005|0.000|0.00|1,500
165136|MRCB-C36|0.045|0.000|0.000|0.000|0.00|0
165137|MRCB-C37|0.080|0.080|0.080|0.000|0.00|300
165138|MRCB-C38|0.065|0.060|0.060|-0.005|-7.69|28,000
165139|MRCB-C39|0.125|0.125|0.130|+0.005|+4.00|7,406
165140|MRCB-C40|0.175|0.165|0.165|-0.010|-5.71|1,000
165141|MRCB-C41|0.140|0.145|0.145|+0.005|+3.57|2,763
165142|MRCB-C42|0.055|0.000|0.000|0.000|0.00|0
165143|MRCB-C43|0.090|0.085|0.090|0.000|0.00|6,500
1651WB|MRCB-WB|0.230|0.225|0.235|+0.005|+2.17|1,727
5916|MSC|0.915|0.910|0.915|0.000|0.00|330
5202|MSM|1.950|1.950|1.900|-0.050|-2.56|635
5011|MSNIAGA|1.530|1.540|1.540|+0.010|+0.65|3
5150|MSPORTS|0.010|0.000|0.000|0.000|0.00|0
5924|MTDACPI|0.185|0.185|0.175|-0.010|-5.41|430
0092|MTOUCHE|0.060|0.060|0.060|0.000|0.00|3,552
0092WB|MTOUCHE-WB|0.010|0.000|0.000|0.000|0.00|0
0092WC|MTOUCHE-WC|0.015|0.000|0.000|0.000|0.00|0
0043|MTRONIC|0.090|0.090|0.090|0.000|0.00|111,178
3883|MUDA|1.880|1.880|1.890|+0.010|+0.53|1,233
5085|MUDAJYA|0.310|0.305|0.310|0.000|0.00|2,034
9539|MUH|0.520|0.530|0.530|+0.010|+1.92|720
5703|MUHIBAH|2.980|2.980|2.930|-0.050|-1.68|323
3891|MUIIND|0.170|0.170|0.170|0.000|0.00|7,314
3913|MUIPROP|0.175|0.180|0.180|+0.005|+2.86|2,100
3905|MULPHA|2.490|2.500|2.500|+0.010|+0.40|2,288
5087|MYCRON|0.300|0.310|0.310|+0.010|+3.33|300
5087WA|MYCRON-WA|0.080|0.000|0.000|0.000|0.00|0
0138|MYEG|1.250|1.250|1.250|0.000|0.00|263,917
013844|MYEG-C44|0.130|0.125|0.125|-0.005|-3.85|1,000
013846|MYEG-C46|0.010|0.000|0.000|0.000|0.00|0
013847|MYEG-C47|0.010|0.000|0.000|0.000|0.00|0
013848|MYEG-C48|0.005|0.005|0.005|0.000|0.00|2
013849|MYEG-C49|0.005|0.005|0.005|0.000|0.00|2,000
013850|MYEG-C50|0.030|0.000|0.000|0.000|0.00|0
013851|MYEG-C51|0.010|0.000|0.000|0.000|0.00|0
013852|MYEG-C52|0.005|0.000|0.000|0.000|0.00|0
013853|MYEG-C53|0.025|0.000|0.000|0.000|0.00|0
013854|MYEG-C54|0.010|0.000|0.000|0.000|0.00|0
013855|MYEG-C55|0.100|0.100|0.095|-0.005|-5.00|35,133
013856|MYEG-C56|0.340|0.325|0.330|-0.010|-2.94|2,440
013857|MYEG-C57|0.180|0.170|0.175|-0.005|-2.78|10,386
013858|MYEG-C58|0.110|0.105|0.105|-0.005|-4.55|260
013859|MYEG-C59|0.170|0.165|0.170|0.000|0.00|16,250
013860|MYEG-C60|0.190|0.185|0.190|0.000|0.00|7,384
013861|MYEG-C61|0.115|0.110|0.115|0.000|0.00|6,053
013862|MYEG-C62|0.165|0.150|0.150|-0.015|-9.09|720
013863|MYEG-C63|0.130|0.130|0.130|0.000|0.00|39,568
0821EA|MYETFDJ|1.090|0.000|0.000|0.000|0.00|0
0824EA|MYETFID|1.110|0.000|0.000|0.000|0.00|0
03010|MYKRIS|0.300|0.000|0.000|0.000|0.00|0
5275|MYNEWS|1.330|1.380|1.330|0.000|0.00|20,804
0041|MYSCM|0.250|0.240|0.240|-0.010|-4.00|16,021
0108|N2N|0.880|0.880|0.860|-0.020|-2.27|10,847
0108WB|N2N-WB|0.255|0.255|0.250|-0.005|-1.96|3,327
0206|NADIBHD|0.265|0.265|0.265|0.000|0.00|3,902
5073|NAIM|1.090|1.080|1.120|+0.030|+2.75|101,933
9806|NATWIDE|0.270|0.280|0.290|+0.020|+7.41|422
4707|NESTLE|147.800|147.600|147.700|-0.100|-0.07|1,468
4707CE|NESTLE-CE|0.045|0.000|0.000|0.000|0.00|0
0020|NETX|0.015|0.015|0.015|0.000|0.00|3,170
0020WB|NETX-WB|0.005|0.000|0.000|0.000|0.00|0
0096|NEXGRAM|0.020|0.020|0.015|-0.005|-25.00|33,046
0096WA|NEXGRAM-WA|0.005|0.005|0.005|0.000|0.00|18,520
0096WB|NEXGRAM-WB|0.005|0.000|0.000|0.000|0.00|0
0096WC|NEXGRAM-WC|0.005|0.000|0.000|0.000|0.00|0
7241|NGGB|0.495|0.495|0.490|-0.005|-1.01|10,290
7241WA|NGGB-WA|0.190|0.185|0.185|-0.005|-2.63|3,162
7060|NHFATT|2.700|0.000|0.000|0.000|0.00|0
7139|NICE|0.035|0.035|0.035|0.000|0.00|4,061
7139WB|NICE-WB|0.015|0.010|0.015|0.000|0.00|3,600
7215|NIHSIN|0.285|0.285|0.285|0.000|0.00|14,270
0083|NOTION|0.585|0.580|0.580|-0.005|-0.85|6,967
0083WC|NOTION-WC|0.250|0.000|0.000|0.000|0.00|0
0201|NOVA|0.475|0.475|0.475|0.000|0.00|240
0026|NOVAMSC|0.125|0.125|0.120|-0.005|-4.00|21,464
5047|NPC|1.870|1.800|1.800|-0.070|-3.74|20
03006|NPS|0.310|0.000|0.000|0.000|0.00|0
2038|NSOP|3.400|0.000|0.000|0.000|0.00|0
5066|NTPM|0.495|0.500|0.500|+0.005|+1.01|82
5025|NWP|0.080|0.080|0.080|0.000|0.00|4,589
4944|NYLEX|0.665|0.655|0.665|0.000|0.00|576
5533|OCB|0.450|0.450|0.470|+0.020|+4.44|178
0172|OCK|0.600|0.600|0.595|-0.005|-0.83|45,210
0172WA|OCK-WA|0.110|0.105|0.105|-0.005|-4.55|35,988
0049|OCNCASH|0.455|0.440|0.455|0.000|0.00|1,400
7071|OCR|0.255|0.250|0.250|-0.005|-1.96|6,554
7071PA|OCR-PA|0.020|0.025|0.025|+0.005|+25.00|2,500
7071WC|OCR-WC|0.030|0.030|0.030|0.000|0.00|30
7071WD|OCR-WD|0.060|0.060|0.060|0.000|0.00|40
7107|OFI|0.810|0.815|0.825|+0.015|+1.85|3,513
5827|OIB|2.030|2.030|2.020|-0.010|-0.49|407
7140|OKA|0.685|0.685|0.680|-0.005|-0.73|1,779
3018|OLYMPIA|0.110|0.110|0.110|0.000|0.00|5,103
9008|OMESTI|0.400|0.395|0.400|0.000|0.00|1,690
0035|OPCOM|0.680|0.675|0.665|-0.015|-2.21|5,899
0040|OPENSYS|0.350|0.345|0.345|-0.005|-1.43|3,766
4006|ORIENT|6.750|6.700|6.700|-0.050|-0.74|233
0079|ORION|0.195|0.195|0.200|+0.005|+2.56|70,873
0079WA|ORION-WA|0.105|0.105|0.110|+0.005|+4.76|37,564
5065|ORNA|1.020|1.020|1.020|0.000|0.00|338
5053|OSK|0.955|0.960|0.960|+0.005|+0.52|2,217
5053WC|OSK-WC|0.045|0.040|0.040|-0.005|-11.11|1,397
0053|OSKVI|0.460|0.465|0.460|0.000|0.00|1,448
0153|OVERSEA|0.115|0.115|0.115|0.000|0.00|50
5260|OWG|0.610|0.610|0.610|0.000|0.00|1,979
5260WA|OWG-WA|0.175|0.175|0.180|+0.005|+2.86|800
6009|P&O|1.000|1.000|1.000|0.000|0.00|84
7225|PA|0.055|0.055|0.055|0.000|0.00|25,182
7225WB|PA-WB|0.040|0.000|0.000|0.000|0.00|0
7052|PADINI|3.560|3.560|3.650|+0.090|+2.53|10,704
7052CV|PADINI-CV|0.005|0.000|0.000|0.000|0.00|0
7052CW|PADINI-CW|0.005|0.000|0.000|0.000|0.00|0
7052CX|PADINI-CX|0.105|0.000|0.000|0.000|0.00|0
7052CY|PADINI-CY|0.070|0.070|0.075|+0.005|+7.14|3,200
7052CZ|PADINI-CZ|0.125|0.000|0.000|0.000|0.00|0
3719|PANAMY|37.820|37.840|37.660|-0.160|-0.42|78
8419|PANSAR|0.810|0.805|0.805|-0.005|-0.62|7,036
8419WA|PANSAR-WA|0.320|0.310|0.310|-0.010|-3.13|8,925
5125|PANTECH|0.545|0.550|0.540|-0.005|-0.92|7,221
5125WA|PANTECH-WA|0.115|0.125|0.125|+0.010|+8.70|3,705
5125WB|PANTECH-WB|0.155|0.000|0.000|0.000|0.00|0
5022|PAOS|0.355|0.360|0.395|+0.040|+11.27|1,530
5022WA|PAOS-WA|0.070|0.070|0.070|0.000|0.00|7,775
9407|PARAGON|0.275|0.305|0.305|+0.030|+10.91|10
1724|PARAMON|2.100|2.100|2.070|-0.030|-1.43|301
5657|PARKSON|0.260|0.265|0.265|+0.005|+1.92|21,051
0022|PARLO|0.085|0.085|0.085|0.000|0.00|2,200
6912|PASDEC|0.405|0.000|0.000|0.000|0.00|0
6912WA|PASDEC-WA|0.065|0.065|0.065|0.000|0.00|478
0177|PASUKGB|0.050|0.000|0.000|0.000|0.00|0
5212|PAVREIT|1.740|1.750|1.750|+0.010|+0.57|52,332
5041|PBA|1.170|1.180|1.170|0.000|0.00|360
1295|PBBANK|24.480|24.420|24.460|-0.020|-0.08|54,947
129526|PBBANK-C26|0.050|0.000|0.000|0.000|0.00|0
129527|PBBANK-C27|0.030|0.000|0.000|0.000|0.00|0
129528|PBBANK-C28|0.105|0.000|0.000|0.000|0.00|0
129529|PBBANK-C29|0.155|0.000|0.000|0.000|0.00|0
129530|PBBANK-C30|0.115|0.000|0.000|0.000|0.00|0
129531|PBBANK-C31|0.155|0.000|0.000|0.000|0.00|0
6068|PCCS|0.390|0.385|0.380|-0.010|-2.56|29,668
6068WA|PCCS-WA|0.105|0.105|0.105|0.000|0.00|8,286
5183|PCHEM|9.250|9.150|9.140|-0.110|-1.19|22,657
518322|PCHEM-C22|0.030|0.000|0.000|0.000|0.00|0
518323|PCHEM-C23|0.015|0.000|0.000|0.000|0.00|0
518324|PCHEM-C24|0.015|0.000|0.000|0.000|0.00|0
518325|PCHEM-C25|0.065|0.000|0.000|0.000|0.00|0
518326|PCHEM-C26|0.105|0.095|0.095|-0.010|-9.52|3,354
518327|PCHEM-C27|0.155|0.150|0.145|-0.010|-6.45|150
518328|PCHEM-C28|0.150|0.000|0.000|0.000|0.00|0
518329|PCHEM-C29|0.155|0.150|0.145|-0.010|-6.45|400
518330|PCHEM-C30|0.195|0.000|0.000|0.000|0.00|0
518331|PCHEM-C31|0.100|0.095|0.090|-0.010|-10.00|4
6254|PDZ|0.035|0.000|0.000|0.000|0.00|0
6254WB|PDZ-WB|0.010|0.010|0.010|0.000|0.00|10,731
5622|PEB|0.860|0.000|0.000|0.000|0.00|0
5271|PECCA|1.040|1.060|1.080|+0.040|+3.85|6,771
5231|PELIKAN|0.360|0.345|0.345|-0.015|-4.17|1,606
5133|PENERGY|1.010|1.000|1.030|+0.020|+1.98|12,638
9997|PENSONI|0.405|0.400|0.400|-0.005|-1.23|500
9997WB|PENSONI-WB|0.115|0.105|0.105|-0.010|-8.70|3,746
7160|PENTA|3.540|3.580|3.540|0.000|0.00|5,854
7108|PERDANA|0.390|0.380|0.430|+0.040|+10.26|860,513
0047|PERISAI|0.005|0.000|0.000|0.000|0.00|0
7080|PERMAJU|0.470|0.470|0.470|0.000|0.00|141,449
5436|PERSTIM|4.850|4.860|4.850|0.000|0.00|11
8311|PESONA|0.240|0.230|0.240|0.000|0.00|7,843
8311WC|PESONA-WC|0.050|0.050|0.045|-0.005|-10.00|2,802
5219|PESTECH|1.140|1.130|1.130|-0.010|-0.88|1,658
5681|PETDAG|24.840|24.840|24.980|+0.140|+0.56|6,330
5681CW|PETDAG-CW|0.005|0.000|0.000|0.000|0.00|0
5681CX|PETDAG-CX|0.050|0.000|0.000|0.000|0.00|0
6033|PETGAS|17.700|17.660|17.700|0.000|0.00|7,452
6033CR|PETGAS-CR|0.010|0.000|0.000|0.000|0.00|0
6033CS|PETGAS-CS|0.020|0.000|0.000|0.000|0.00|0
3042|PETRONM|6.600|6.600|6.580|-0.020|-0.30|898
3042CS|PETRONM-CS|0.035|0.000|0.000|0.000|0.00|0
3611|PGLOBE|1.100|0.000|0.000|0.000|0.00|0
3611WA|PGLOBE-WA|0.070|0.000|0.000|0.000|0.00|0
7081|PHARMA|2.350|2.350|2.360|+0.010|+0.43|206
4464|PHB|0.020|0.025|0.020|0.000|0.00|9,193
7201|PICORP|0.130|0.130|0.130|0.000|0.00|640
7095|PIE|1.600|1.600|1.590|-0.010|-0.63|5,424
0006|PINEAPP|0.300|0.000|0.000|0.000|0.00|0
1902|PINEPAC|0.325|0.325|0.330|+0.005|+1.54|745
0527C2|PINGAN-C2|0.085|0.000|0.000|0.000|0.00|0
0527C3|PINGAN-C3|0.455|0.445|0.460|+0.005|+1.10|1,740
7163|PJBUMI|0.320|0.000|0.000|0.000|0.00|0
7163WA|PJBUMI-WA|0.050|0.000|0.000|0.000|0.00|0
0171|PLABS|0.290|0.290|0.290|0.000|0.00|700
7055|PLB|1.170|0.000|0.000|0.000|0.00|0
5075|PLENITU|1.490|1.490|1.490|0.000|0.00|16
9695|PLS|0.960|0.950|0.965|+0.005|+0.52|8,980
7172|PMBTECH|3.630|3.650|3.580|-0.050|-1.38|1,993
7172LA|PMBTECH-LA|3.220|0.000|0.000|0.000|0.00|0
7172WA|PMBTECH-WA|1.710|1.630|1.620|-0.090|-5.26|433
4081|PMCORP|0.140|0.140|0.140|0.000|0.00|2,230
8869|PMETAL|4.680|4.670|4.690|+0.010|+0.21|21,490
886915|PMETAL-C15|0.085|0.090|0.085|0.000|0.00|102
886917|PMETAL-C17|0.015|0.000|0.000|0.000|0.00|0
886918|PMETAL-C18|0.120|0.000|0.000|0.000|0.00|0
886919|PMETAL-C19|0.070|0.000|0.000|0.000|0.00|0
886920|PMETAL-C20|0.050|0.000|0.000|0.000|0.00|0
886921|PMETAL-C21|0.040|0.040|0.040|0.000|0.00|1,786
886922|PMETAL-C22|0.035|0.000|0.000|0.000|0.00|0
886923|PMETAL-C23|0.180|0.000|0.000|0.000|0.00|0
886924|PMETAL-C24|0.085|0.000|0.000|0.000|0.00|0
886925|PMETAL-C25|0.185|0.190|0.190|+0.005|+2.70|100
886926|PMETAL-C26|0.150|0.155|0.155|+0.005|+3.33|9,012
886927|PMETAL-C27|0.155|0.000|0.000|0.000|0.00|0
8869WC|PMETAL-WC|4.210|4.230|4.270|+0.060|+1.43|884
1287|PMHLDG|0.045|0.040|0.045|0.000|0.00|66,746
6637|PNEPCB|0.510|0.505|0.530|+0.020|+3.92|40
5080|POHKONG|0.495|0.485|0.485|-0.010|-2.02|731
7088|POHUAT|1.590|1.580|1.580|-0.010|-0.63|671
7088WB|POHUAT-WB|0.570|0.560|0.555|-0.015|-2.63|990
8117|POLY|0.465|0.000|0.000|0.000|0.00|0
03007|POLYMER|0.170|0.000|0.000|0.000|0.00|0
4634|POS|1.910|1.900|1.900|-0.010|-0.52|6,077
463421|POS-C21|0.005|0.000|0.000|0.000|0.00|0
463422|POS-C22|0.005|0.000|0.000|0.000|0.00|0
463423|POS-C23|0.005|0.000|0.000|0.000|0.00|0
463424|POS-C24|0.005|0.000|0.000|0.000|0.00|0
463425|POS-C25|0.005|0.000|0.000|0.000|0.00|0
463426|POS-C26|0.005|0.000|0.000|0.000|0.00|0
463427|POS-C27|0.010|0.000|0.000|0.000|0.00|0
463428|POS-C28|0.005|0.000|0.000|0.000|0.00|0
463429|POS-C29|0.035|0.000|0.000|0.000|0.00|0
463430|POS-C30|0.055|0.000|0.000|0.000|0.00|0
463431|POS-C31|0.080|0.080|0.080|0.000|0.00|441
463432|POS-C32|0.045|0.000|0.000|0.000|0.00|0
463433|POS-C33|0.125|0.000|0.000|0.000|0.00|0
463434|POS-C34|0.100|0.000|0.000|0.000|0.00|0
4065|PPB|18.320|18.220|18.320|0.000|0.00|10,137
4065CJ|PPB-CJ|0.115|0.000|0.000|0.000|0.00|0
7190|PPG|0.405|0.000|0.000|0.000|0.00|0
8273|PPHB|0.605|0.610|0.630|+0.025|+4.13|7,050
5204|PRESBHD|0.535|0.535|0.540|+0.005|+0.93|158,033
9873|PRESTAR|0.665|0.660|0.670|+0.005|+0.75|6,350
7168|PRG|0.735|0.735|0.735|0.000|0.00|502
7168WA|PRG-WA|0.380|0.345|0.350|-0.030|-7.89|747
0123|PRIVA|0.060|0.065|0.065|+0.005|+8.33|1,374
8346|PRKCORP|0.400|0.400|0.400|0.000|0.00|50
8966|PRLEXUS|0.610|0.605|0.605|-0.005|-0.82|4
8966WA|PRLEXUS-WA|0.100|0.090|0.090|-0.010|-10.00|735
5070|PRTASCO|0.255|0.255|0.265|+0.010|+3.92|21,427
5070WA|PRTASCO-WA|0.055|0.060|0.060|+0.005|+9.09|1,278
7145|PSIPTEK|0.130|0.125|0.125|-0.005|-3.85|16,943
7145WA|PSIPTEK-WA|0.035|0.030|0.030|-0.005|-14.29|504
9598|PTARAS|2.150|2.150|2.150|0.000|0.00|170
0038|PTB|0.130|0.000|0.000|0.000|0.00|0
0186|PTRANS|0.235|0.235|0.240|+0.005|+2.13|46,551
0186WA|PTRANS-WA|0.060|0.060|0.060|0.000|0.00|16,222
0007|PUC|0.095|0.100|0.095|0.000|0.00|206,012
0007WA|PUC-WA|0.070|0.065|0.065|-0.005|-7.14|17,023
6807|PUNCAK|0.390|0.375|0.375|-0.015|-3.85|2,524
7134|PWF|0.800|0.800|0.800|0.000|0.00|126
7134WA|PWF-WA|0.390|0.000|0.000|0.000|0.00|0
7123|PWORTH|0.055|0.050|0.050|-0.005|-9.09|89,928
7237|PWROOT|1.370|1.380|1.380|+0.010|+0.73|50
7237WA|PWROOT-WA|0.270|0.270|0.270|0.000|0.00|7
0196|QES|0.255|0.260|0.260|+0.005|+1.96|146,508
7084|QL|6.900|6.920|6.970|+0.070|+1.01|5,647
7084CL|QL-CL|0.050|0.000|0.000|0.000|0.00|0
7084CM|QL-CM|0.055|0.000|0.000|0.000|0.00|0
7084CN|QL-CN|0.090|0.000|0.000|0.000|0.00|0
7084CO|QL-CO|0.130|0.130|0.130|0.000|0.00|9,000
7544|QUALITY|0.815|0.000|0.000|0.000|0.00|0
7498|RALCO|0.220|0.000|0.000|0.000|0.00|0
7498WB|RALCO-WB|0.010|0.005|0.005|-0.005|-50.00|1,357
5272|RANHILL|1.330|1.330|1.280|-0.050|-3.76|2,863
7765|RAPID|5.670|5.670|5.690|+0.020|+0.35|15,888
9296|RCECAP|1.620|1.630|1.640|+0.020|+1.23|1,792
5256|REACH|0.315|0.315|0.310|-0.005|-1.59|94,470
5256WA|REACH-WA|0.060|0.055|0.055|-0.005|-8.33|45,458
03002|REDIDEA|0.280|0.000|0.000|0.000|0.00|0
0032|REDTONE|0.260|0.305|0.295|+0.035|+13.46|126,085
0032LA|REDTONE-LA|0.100|0.120|0.110|+0.010|+10.00|1,392
7232|RESINTC|0.290|0.290|0.285|-0.005|-1.72|347
0173|REV|0.210|0.210|0.210|0.000|0.00|1,350
0200|REVENUE|1.260|1.270|1.260|0.000|0.00|10,779
0200WA|REVENUE-WA|0.425|0.425|0.425|0.000|0.00|5,982
9946|REX|0.420|0.000|0.000|0.000|0.00|0
0106|REXIT|0.590|0.590|0.585|-0.005|-0.85|1,314
0037|RGB|0.215|0.215|0.210|-0.005|-2.33|11,550
9954|RGTBHD|0.180|0.180|0.185|+0.005|+2.78|16,767
9954WB|RGTBHD-WB|0.110|0.115|0.115|+0.005|+4.55|4,954
0202|RGTECH|0.240|0.235|0.235|-0.005|-2.08|4,743
1066|RHBBANK|5.780|5.800|5.770|-0.010|-0.17|77,367
106610|RHBBANKC10|0.090|0.000|0.000|0.000|0.00|0
106611|RHBBANKC11|0.055|0.055|0.055|0.000|0.00|3,070
106612|RHBBANKC12|0.105|0.105|0.105|0.000|0.00|6,100
106613|RHBBANKC13|0.085|0.090|0.085|0.000|0.00|1,612
5278|RHONEMA|0.780|0.780|0.735|-0.045|-5.77|254
9741|ROHAS|0.645|0.635|0.660|+0.015|+2.33|4,296
5113|RSAWIT|0.190|0.190|0.195|+0.005|+2.63|624
5270|RSENA|0.505|0.000|0.000|0.000|0.00|0
7803|RUBEREX|0.450|0.450|0.445|-0.005|-1.11|1,080
2542|RVIEW|3.020|3.010|3.010|-0.010|-0.33|20
5134|SAB|3.760|3.800|3.800|+0.040|+1.06|70
8567|SALCON|0.270|0.295|0.290|+0.020|+7.41|52,447
8567WB|SALCON-WB|0.085|0.090|0.090|+0.005|+5.88|75,996
0183|SALUTE|0.365|0.370|0.365|0.000|0.00|2,366
9822|SAM|7.660|7.520|7.540|-0.120|-1.57|187
5147|SAMCHEM|0.605|0.605|0.600|-0.005|-0.83|2,600
9113|SANBUMI|0.335|0.335|0.330|-0.005|-1.49|2,513
0541C9|SANDS-C9|0.115|0.000|0.000|0.000|0.00|0
0133|SANICHI|0.055|0.055|0.055|0.000|0.00|8,508
0133WC|SANICHI-WC|0.005|0.000|0.000|0.000|0.00|0
0133WD|SANICHI-WD|0.005|0.000|0.000|0.000|0.00|0
0133WE|SANICHI-WE|0.015|0.015|0.015|0.000|0.00|278
7811|SAPIND|0.710|0.710|0.700|-0.010|-1.41|135
5218|SAPNRG|0.345|0.340|0.340|-0.005|-1.45|1,616,001
5218PA|SAPNRG-PA|0.390|0.000|0.000|0.000|0.00|0
5218WA|SAPNRG-WA|0.130|0.135|0.135|+0.005|+3.85|323,112
521868|SAPNRGC68|0.005|0.000|0.000|0.000|0.00|0
521869|SAPNRGC69|0.005|0.000|0.000|0.000|0.00|0
521870|SAPNRGC70|0.070|0.000|0.000|0.000|0.00|0
521871|SAPNRGC71|0.010|0.000|0.000|0.000|0.00|0
521872|SAPNRGC72|0.010|0.000|0.000|0.000|0.00|0
521873|SAPNRGC73|0.035|0.000|0.000|0.000|0.00|0
521874|SAPNRGC74|0.040|0.000|0.000|0.000|0.00|0
521875|SAPNRGC75|0.090|0.090|0.090|0.000|0.00|9,350
521876|SAPNRGC76|0.085|0.080|0.085|0.000|0.00|36,799
4596|SAPRES|0.610|0.635|0.630|+0.020|+3.28|35
5252|SASBADI|0.245|0.240|0.245|0.000|0.00|21,207
5157|SAUDEE|0.320|0.320|0.320|0.000|0.00|243
5157WA|SAUDEE-WA|0.130|0.000|0.000|0.000|0.00|0
2569|SBAGAN|2.920|2.880|2.860|-0.060|-2.05|227
5207|SBCCORP|0.500|0.480|0.490|-0.010|-2.00|480
5170|SCABLE|0.365|0.350|0.370|+0.005|+1.37|11,168
0109|SCBUILD|0.025|0.025|0.025|0.000|0.00|7,985
0109WB|SCBUILD-WB|0.005|0.000|0.000|0.000|0.00|0
0158|SCC|0.510|0.515|0.510|0.000|0.00|450
7247|SCGM|1.160|1.160|1.180|+0.020|+1.72|4,503
7247WA|SCGM-WA|0.100|0.090|0.090|-0.010|-10.00|20
0161|SCH|0.130|0.130|0.130|0.000|0.00|300
0161WA|SCH-WA|0.040|0.040|0.040|0.000|0.00|2,500
9237|SCIB|0.600|0.650|0.585|-0.015|-2.50|539
0099|SCICOM|1.160|1.180|1.180|+0.020|+1.72|198
4731|SCIENTX|8.460|8.510|8.500|+0.040|+0.47|2,304
4731CF|SCIENTX-CF|0.060|0.000|0.000|0.000|0.00|0
7239|SCNWOLF|0.175|0.000|0.000|0.000|0.00|0
7158|SCOMI|0.045|0.045|0.045|0.000|0.00|23,816
7158WB|SCOMI-WB|0.010|0.010|0.010|0.000|0.00|275
7045|SCOMIES|0.080|0.080|0.080|0.000|0.00|27,129
0001|SCOMNET|0.785|0.785|0.805|+0.020|+2.55|9,557
0028|SCOPE|0.225|0.225|0.225|0.000|0.00|23,597
0028WA|SCOPE-WA|0.085|0.085|0.090|+0.005|+5.88|9,666
2224|SDRED|0.640|0.645|0.730|+0.090|+14.06|30,061
7073|SEACERA|0.370|0.370|0.370|0.000|0.00|247,769
7073WB|SEACERA-WB|0.005|0.000|0.000|0.000|0.00|0
7073WC|SEACERA-WC|0.040|0.040|0.040|0.000|0.00|65,815
4286|SEAL|0.380|0.340|0.350|-0.030|-7.89|455
5145|SEALINK|0.195|0.195|0.215|+0.020|+10.26|62,593
5163|SEB|0.390|0.000|0.000|0.000|0.00|0
0178|SEDANIA|0.120|0.120|0.120|0.000|0.00|10
7053|SEEHUP|0.910|0.000|0.000|0.000|0.00|0
03009|SEERS|0.100|0.000|0.000|0.000|0.00|0
9792|SEG|0.630|0.625|0.630|0.000|0.00|3,256
5250|SEM|1.430|1.400|1.430|0.000|0.00|2,012
5205|SENDAI|0.465|0.470|0.475|+0.010|+2.15|133,940
5279|SERBADK|3.900|3.870|3.870|-0.030|-0.77|11,370
5279CN|SERBADK-CN|0.010|0.000|0.000|0.000|0.00|0
5279CP|SERBADK-CP|0.090|0.075|0.075|-0.015|-16.67|100
5279CQ|SERBADK-CQ|0.170|0.000|0.000|0.000|0.00|0
5279CR|SERBADK-CR|0.150|0.000|0.000|0.000|0.00|0
5279CS|SERBADK-CS|0.100|0.000|0.000|0.000|0.00|0
7180|SERNKOU|0.540|0.545|0.545|+0.005|+0.93|129
7180WA|SERNKOU-WA|0.190|0.195|0.220|+0.030|+15.79|350
0055|SERSOL|0.100|0.105|0.100|0.000|0.00|1,100
0055WA|SERSOL-WA|0.045|0.000|0.000|0.000|0.00|0
5517|SHANG|5.590|5.660|5.590|0.000|0.00|1,351
4316|SHCHAN|0.370|0.000|0.000|0.000|0.00|0
7412|SHH|0.495|0.000|0.000|0.000|0.00|0
6017|SHL|2.460|2.460|2.430|-0.030|-1.22|423
5181|SIGGAS|0.860|0.865|0.865|+0.005|+0.58|510
7246|SIGN|0.445|0.430|0.440|-0.005|-1.12|679
7246WA|SIGN-WA|0.070|0.000|0.000|0.000|0.00|0
4197|SIME|2.170|2.160|2.180|+0.010|+0.46|95,577
419725|SIME-C25|0.005|0.000|0.000|0.000|0.00|0
419727|SIME-C27|0.005|0.000|0.000|0.000|0.00|0
419728|SIME-C28|0.015|0.000|0.000|0.000|0.00|0
419729|SIME-C29|0.040|0.000|0.000|0.000|0.00|0
419730|SIME-C30|0.035|0.000|0.000|0.000|0.00|0
419731|SIME-C31|0.035|0.035|0.035|0.000|0.00|5,000
419732|SIME-C32|0.080|0.080|0.085|+0.005|+6.25|10,500
419733|SIME-C33|0.050|0.000|0.000|0.000|0.00|0
5285|SIMEPLT|5.090|5.050|5.150|+0.060|+1.18|9,380
5285CH|SIMEPLT-CH|0.030|0.000|0.000|0.000|0.00|0
5285CI|SIMEPLT-CI|0.035|0.045|0.040|+0.005|+14.29|4
5285CJ|SIMEPLT-CJ|0.095|0.000|0.000|0.000|0.00|0
5288|SIMEPROP|1.110|1.110|1.120|+0.010|+0.90|8,318
5288CG|SIMEPROP-CG|0.020|0.000|0.000|0.000|0.00|0
5288CH|SIMEPROP-CH|0.050|0.000|0.000|0.000|0.00|0
5288CJ|SIMEPROP-CJ|0.020|0.000|0.000|0.000|0.00|0
5288CK|SIMEPROP-CK|0.045|0.000|0.000|0.000|0.00|0
5288CL|SIMEPROP-CL|0.065|0.065|0.065|0.000|0.00|1,100
8532|SINOTOP|0.285|0.300|0.300|+0.015|+5.26|151
9431|SJC|0.600|0.550|0.540|-0.060|-10.00|120
7115|SKBSHUT|0.650|0.000|0.000|0.000|0.00|0
7155|SKPRES|1.350|1.350|1.350|0.000|0.00|9,480
7155CN|SKPRES-CN|0.040|0.000|0.000|0.000|0.00|0
7155CO|SKPRES-CO|0.045|0.045|0.045|0.000|0.00|13,050
7155CP|SKPRES-CP|0.050|0.000|0.000|0.000|0.00|0
7155CQ|SKPRES-CQ|0.115|0.000|0.000|0.000|0.00|0
03008|SLIC|0.420|0.000|0.000|0.000|0.00|0
7248|SLP|1.220|1.200|1.220|0.000|0.00|120
9776|SMCAP|0.200|0.200|0.200|0.000|0.00|40,350
9776WC|SMCAP-WC|0.100|0.090|0.095|-0.005|-5.00|7,682
0203|SMETRIC|0.535|0.535|0.540|+0.005|+0.93|13,044
4375|SMI|0.180|0.190|0.190|+0.010|+5.56|72,641
7132|SMISCOR|0.420|0.480|0.445|+0.025|+5.95|88
0117|SMRT|0.120|0.115|0.120|0.000|0.00|1,000
0169|SMTRACK|0.085|0.085|0.100|+0.015|+17.65|13,764
7943|SNC|0.235|0.235|0.235|0.000|0.00|100
5213|SNTORIA|0.390|0.370|0.395|+0.005|+1.28|110
5213WA|SNTORIA-WA|0.005|0.000|0.000|0.000|0.00|0
5213WB|SNTORIA-WB|0.055|0.000|0.000|0.000|0.00|0
5242|SOLID|0.295|0.000|0.000|0.000|0.00|0
5242WA|SOLID-WA|0.080|0.000|0.000|0.000|0.00|0
0093|SOLUTN|0.090|0.090|0.090|0.000|0.00|600
0093WA|SOLUTN-WA|0.030|0.025|0.025|-0.005|-16.67|1,000
5126|SOP|2.520|2.520|2.530|+0.010|+0.40|166
0656CG|SP500-CG|0.930|0.885|0.885|-0.045|-4.84|7
0656CH|SP500-CH|1.440|0.000|0.000|0.000|0.00|0
0656CI|SP500-CI|0.940|0.000|0.000|0.000|0.00|0
0656HG|SP500-HG|0.165|0.175|0.165|0.000|0.00|1,508
0656HH|SP500-HH|0.270|0.000|0.000|0.000|0.00|0
0656HI|SP500-HI|0.785|0.800|0.800|+0.015|+1.91|270
1783|SPB|6.230|6.230|6.230|0.000|0.00|666
7103|SPRITZER|2.100|2.190|2.190|+0.090|+4.29|2
8664|SPSETIA|2.250|2.250|2.280|+0.030|+1.33|15,330
866410|SPSETIA-C10|0.010|0.000|0.000|0.000|0.00|0
866411|SPSETIA-C11|0.070|0.000|0.000|0.000|0.00|0
866412|SPSETIA-C12|0.105|0.000|0.000|0.000|0.00|0
866413|SPSETIA-C13|0.085|0.065|0.065|-0.020|-23.53|100
866414|SPSETIA-C14|0.115|0.000|0.000|0.000|0.00|0
866415|SPSETIA-C15|0.150|0.000|0.000|0.000|0.00|0
866416|SPSETIA-C16|0.075|0.000|0.000|0.000|0.00|0
8664C9|SPSETIA-C9|0.005|0.000|0.000|0.000|0.00|0
8664PA|SPSETIA-PA|0.880|0.000|0.000|0.000|0.00|0
8664PB|SPSETIA-PB|0.765|0.000|0.000|0.000|0.00|0
0129|SRIDGE|0.215|0.215|0.210|-0.005|-2.33|1,952
0129WA|SRIDGE-WA|0.055|0.000|0.000|0.000|0.00|0
5665|SSTEEL|0.825|0.825|0.830|+0.005|+0.61|855
5665LB|SSTEEL-LB|0.760|0.000|0.000|0.000|0.00|0
6084|STAR|0.790|0.785|0.810|+0.020|+2.53|3,593
0140|STERPRO|0.165|0.165|0.180|+0.015|+9.09|560
0140WA|STERPRO-WA|0.040|0.000|0.000|0.000|0.00|0
7143|STONE|0.115|0.125|0.125|+0.010|+8.70|524
7143WA|STONE-WA|0.015|0.000|0.000|0.000|0.00|0
0080|STRAITS|0.260|0.260|0.260|0.000|0.00|55,520
0080WA|STRAITS-WA|0.155|0.155|0.150|-0.005|-3.23|30,204
6904|SUBUR|0.520|0.505|0.505|-0.015|-2.88|30
7207|SUCCESS|0.665|0.665|0.685|+0.020|+3.01|1,738
9865|SUIWAH|2.670|0.000|0.000|0.000|0.00|0
1201|SUMATEC|0.010|0.005|0.010|0.000|0.00|8,690
1201WA|SUMATEC-WA|0.005|0.005|0.005|0.000|0.00|1,020
5263|SUNCON|1.810|1.820|1.790|-0.020|-1.10|2,964
5263CU|SUNCON-CU|0.055|0.000|0.000|0.000|0.00|0
5263CV|SUNCON-CV|0.040|0.000|0.000|0.000|0.00|0
5176|SUNREIT|1.770|1.770|1.770|0.000|0.00|8,174
3743|SUNSURIA|0.680|0.685|0.690|+0.010|+1.47|1,245
3743WA|SUNSURIA-WA|0.045|0.045|0.055|+0.010|+22.22|1,016
5211|SUNWAY|1.680|1.680|1.680|0.000|0.00|27,586
5211WB|SUNWAY-WB|0.285|0.285|0.280|-0.005|-1.75|2,702
0148|SUNZEN|0.160|0.155|0.160|0.000|0.00|5,967
0148WA|SUNZEN-WA|0.040|0.000|0.000|0.000|0.00|0
0148WB|SUNZEN-WB|0.055|0.000|0.000|0.000|0.00|0
7235|SUPERLN|1.350|1.340|1.330|-0.020|-1.48|2,887
7106|SUPERMX|1.440|1.440|1.450|+0.010|+0.69|57,790
710648|SUPERMX-C48|0.005|0.000|0.000|0.000|0.00|0
710650|SUPERMX-C50|0.005|0.000|0.000|0.000|0.00|0
710652|SUPERMX-C52|0.005|0.000|0.000|0.000|0.00|0
710653|SUPERMX-C53|0.005|0.000|0.000|0.000|0.00|0
710654|SUPERMX-C54|0.040|0.000|0.000|0.000|0.00|0
710655|SUPERMX-C55|0.030|0.035|0.030|0.000|0.00|570
710656|SUPERMX-C56|0.080|0.075|0.080|0.000|0.00|8,242
710657|SUPERMX-C57|0.075|0.065|0.065|-0.010|-13.33|600
710658|SUPERMX-C58|0.050|0.000|0.000|0.000|0.00|0
710659|SUPERMX-C59|0.065|0.065|0.065|0.000|0.00|5,302
710660|SUPERMX-C60|0.030|0.000|0.000|0.000|0.00|0
710661|SUPERMX-C61|0.045|0.000|0.000|0.000|0.00|0
710662|SUPERMX-C62|0.060|0.055|0.060|0.000|0.00|15,701
710663|SUPERMX-C63|0.060|0.055|0.050|-0.010|-16.67|10,000
710664|SUPERMX-C64|0.080|0.000|0.000|0.000|0.00|0
710665|SUPERMX-C65|0.095|0.000|0.000|0.000|0.00|0
710666|SUPERMX-C66|0.075|0.075|0.075|0.000|0.00|2,800
03018|SUPREME|0.680|0.000|0.000|0.000|0.00|0
6521|SURIA|1.390|1.380|1.390|0.000|0.00|120
5135|SWKPLNT|1.530|1.500|1.560|+0.030|+1.96|321
7186|SWSCAP|0.680|0.000|0.000|0.000|0.00|0
7186WB|SWSCAP-WB|0.080|0.000|0.000|0.000|0.00|0
9717|SYCAL|0.225|0.230|0.230|+0.005|+2.22|540
7082|SYF|0.225|0.225|0.225|0.000|0.00|518
7082WB|SYF-WB|0.010|0.010|0.015|+0.005|+50.00|2,658
1538|SYMLIFE|0.420|0.415|0.415|-0.005|-1.19|1,070
1538WB|SYMLIFE-WB|0.035|0.035|0.035|0.000|0.00|3,000
5173|SYSCORP|0.310|0.305|0.305|-0.005|-1.61|2,411
0050|SYSTECH|0.245|0.250|0.250|+0.005|+2.04|2,185
7228|T7GLOBAL|0.520|0.525|0.505|-0.015|-2.88|32,690
4898|TA|0.625|0.620|0.620|-0.005|-0.80|3,549
5012|TAANN|2.340|2.340|2.320|-0.020|-0.85|653
5012CM|TAANN-CM|0.080|0.000|0.000|0.000|0.00|0
4022|TADMAX|0.220|0.225|0.220|0.000|0.00|13,224
7211|TAFI|0.340|0.300|0.300|-0.040|-11.76|10
5158|TAGB|0.250|0.250|0.250|0.000|0.00|267
6139|TAKAFUL|4.500|4.430|4.480|-0.020|-0.44|3,269
6139CC|TAKAFUL-CC|0.060|0.060|0.055|-0.005|-8.33|4
6139CD|TAKAFUL-CD|0.130|0.130|0.125|-0.005|-3.85|4,000
2259|TALAMT|0.040|0.035|0.040|0.000|0.00|555,866
8524|TALIWRK|0.900|0.890|0.880|-0.020|-2.22|3,357
8524CE|TALIWRK-CE|0.150|0.135|0.140|-0.010|-6.67|6,400
5191|TAMBUN|0.790|0.800|0.810|+0.020|+2.53|3,499
2429|TANCO|0.050|0.050|0.050|0.000|0.00|1,150
2429WB|TANCO-WB|0.025|0.025|0.025|0.000|0.00|376
5149|TAS|0.285|0.285|0.295|+0.010|+3.51|12,298
5140|TASCO|1.540|1.520|1.520|-0.020|-1.30|437
4448|TASEK|4.700|0.000|0.000|0.000|0.00|0
4448P|TASEK-PA|10.100|0.000|0.000|0.000|0.00|0
7097|TAWIN|0.510|0.505|0.550|+0.040|+7.84|4,432
4405|TCHONG|1.600|1.600|1.600|0.000|0.00|1,330
0132|TDEX|0.080|0.070|0.075|-0.005|-6.25|4,193
2054|TDM|0.170|0.170|0.175|+0.005|+2.94|68,492
0084|TECFAST|0.340|0.340|0.330|-0.010|-2.94|2,306
7439|TECGUAN|1.030|1.010|1.070|+0.040|+3.88|58
5289|TECHBND|0.765|0.770|0.780|+0.015|+1.96|2,762
7200|TEKSENG|0.240|0.245|0.250|+0.010|+4.17|2,286
7200WA|TEKSENG-WA|0.045|0.000|0.000|0.000|0.00|0
5347|TENAGA|13.200|13.160|13.020|-0.180|-1.36|26,327
534747|TENAGA-C47|0.050|0.000|0.000|0.000|0.00|0
534749|TENAGA-C49|0.005|0.005|0.005|0.000|0.00|480
534750|TENAGA-C50|0.050|0.045|0.045|-0.005|-10.00|11,360
534751|TENAGA-C51|0.045|0.040|0.040|-0.005|-11.11|3,926
534752|TENAGA-C52|0.040|0.000|0.000|0.000|0.00|0
534753|TENAGA-C53|0.065|0.060|0.060|-0.005|-7.69|2,570
534754|TENAGA-C54|0.115|0.105|0.100|-0.015|-13.04|35,560
0546C7|TENCENT-C7|0.205|0.000|0.000|0.000|0.00|0
7252|TEOSENG|1.250|1.250|1.270|+0.020|+1.60|3,746
7252WA|TEOSENG-WA|0.265|0.270|0.270|+0.005|+1.89|10
8702|TEXCHEM|0.700|0.680|0.680|-0.020|-2.86|30
0089|TEXCYCL|0.530|0.535|0.530|0.000|0.00|250
0145|TFP|0.110|0.100|0.100|-0.010|-9.09|290
9369|TGL|1.000|0.000|0.000|0.000|0.00|0
7034|TGUAN|2.530|2.530|2.530|0.000|0.00|539
7034LA|TGUAN-LA|2.600|0.000|0.000|0.000|0.00|0
7034WA|TGUAN-WA|1.060|0.000|0.000|0.000|0.00|0
9075|THETA|0.420|0.420|0.430|+0.010|+2.38|392
7206|THHEAVY|0.060|0.055|0.060|0.000|0.00|23,281
7206PB|THHEAVY-PB|0.075|0.000|0.000|0.000|0.00|0
5112|THPLANT|0.525|0.525|0.510|-0.015|-2.86|300
7889|THRIVEN|0.250|0.250|0.240|-0.010|-4.00|17,158
7889WB|THRIVEN-WB|0.085|0.090|0.080|-0.005|-5.88|11,367
7374|TIENWAH|1.350|1.350|1.340|-0.010|-0.74|81
7079|TIGER|0.070|0.075|0.075|+0.005|+7.14|7,478
7079WC|TIGER-WC|0.015|0.000|0.000|0.000|0.00|0
5031|TIMECOM|8.700|8.700|8.680|-0.020|-0.23|11,103
7854|TIMWELL|0.630|0.560|0.615|-0.015|-2.38|290
5239|TITIJYA|0.315|0.315|0.315|0.000|0.00|5,023
5239PA|TITIJYA-PA|0.035|0.030|0.035|0.000|0.00|160
4863|TM|3.180|3.240|3.250|+0.070|+2.20|17,703
486327|TM-C27|0.005|0.000|0.000|0.000|0.00|0
486328|TM-C28|0.005|0.000|0.000|0.000|0.00|0
486330|TM-C30|0.045|0.000|0.000|0.000|0.00|0
486331|TM-C31|0.050|0.000|0.000|0.000|0.00|0
486332|TM-C32|0.015|0.000|0.000|0.000|0.00|0
486333|TM-C33|0.065|0.000|0.000|0.000|0.00|0
486334|TM-C34|0.105|0.100|0.100|-0.005|-4.76|4
486335|TM-C35|0.125|0.000|0.000|0.000|0.00|0
486336|TM-C36|0.245|0.000|0.000|0.000|0.00|0
486337|TM-C37|0.375|0.375|0.380|+0.005|+1.33|4
486338|TM-C38|0.205|0.000|0.000|0.000|0.00|0
486339|TM-C39|0.255|0.245|0.250|-0.005|-1.96|400
486340|TM-C40|0.165|0.000|0.000|0.000|0.00|0
486341|TM-C41|0.095|0.095|0.100|+0.005|+5.26|2,000
0101|TMCLIFE|0.725|0.720|0.720|-0.005|-0.69|819
0101WB|TMCLIFE-WB|0.015|0.020|0.015|0.000|0.00|14,576
8397|TNLOGIS|0.615|0.615|0.610|-0.005|-0.81|879
7218|TOCEAN|0.760|0.700|0.720|-0.040|-5.26|102
7230|TOMEI|0.515|0.515|0.510|-0.005|-0.97|260
7285|TOMYPAK|0.505|0.500|0.495|-0.010|-1.98|3,978
7285WA|TOMYPAK-WA|0.160|0.150|0.150|-0.010|-6.25|203
5010|TONGHER|3.520|3.520|3.550|+0.030|+0.85|72
7113|TOPGLOV|4.500|4.500|4.580|+0.080|+1.78|75,147
711333|TOPGLOV-C33|0.005|0.000|0.000|0.000|0.00|0
711340|TOPGLOV-C40|0.005|0.000|0.000|0.000|0.00|0
711341|TOPGLOV-C41|0.010|0.005|0.005|-0.005|-50.00|500
711342|TOPGLOV-C42|0.025|0.020|0.025|0.000|0.00|3,400
711343|TOPGLOV-C43|0.035|0.030|0.035|0.000|0.00|9,000
711344|TOPGLOV-C44|0.030|0.035|0.030|0.000|0.00|220
711345|TOPGLOV-C45|0.090|0.085|0.095|+0.005|+5.56|8,848
711346|TOPGLOV-C46|0.075|0.075|0.080|+0.005|+6.67|106,658
711347|TOPGLOV-C47|0.095|0.100|0.100|+0.005|+5.26|1,000
711348|TOPGLOV-C48|0.065|0.065|0.070|+0.005|+7.69|988
711349|TOPGLOV-C49|0.140|0.135|0.140|0.000|0.00|26,500
711350|TOPGLOV-C50|0.100|0.100|0.105|+0.005|+5.00|2,000
03013|TOPVISN|0.400|0.000|0.000|0.000|0.00|0
7173|TOYOINK|0.660|0.665|0.645|-0.015|-2.27|186
7173WB|TOYOINK-WB|0.095|0.090|0.095|0.000|0.00|1,064
7176|TPC|0.415|0.000|0.000|0.000|0.00|0
7176WA|TPC-WA|0.230|0.000|0.000|0.000|0.00|0
5054|TRC|0.640|0.640|0.630|-0.010|-1.56|11,922
0199|TRIMODE|0.430|0.435|0.430|0.000|0.00|354
0118|TRIVE|0.020|0.015|0.020|0.000|0.00|9,181
0118WB|TRIVE-WB|0.005|0.000|0.000|0.000|0.00|0
5401|TROP|0.885|0.875|0.880|-0.005|-0.56|962
5401WA|TROP-WA|0.025|0.020|0.020|-0.005|-20.00|1
9059|TSH|1.100|0.000|0.000|0.000|0.00|0
5042|TSRCAP|0.400|0.000|0.000|0.000|0.00|0
5042WB|TSRCAP-WB|0.045|0.000|0.000|0.000|0.00|0
5230|TUNEPRO|0.680|0.680|0.680|0.000|0.00|6,188
5167|TURBO|0.775|0.780|0.775|0.000|0.00|621
4359|TURIYA|0.150|0.150|0.150|0.000|0.00|50
5111|TWRREIT|0.900|0.000|0.000|0.000|0.00|0
7100|UCHITEC|2.710|2.700|2.700|-0.010|-0.37|892
7100CE|UCHITEC-CE|0.025|0.000|0.000|0.000|0.00|0
7100CF|UCHITEC-CF|0.100|0.000|0.000|0.000|0.00|0
0005|UCREST|0.270|0.265|0.265|-0.005|-1.85|55,964
5148|UEMS|0.845|0.840|0.850|+0.005|+0.59|4,335
514864|UEMS-C64|0.040|0.000|0.000|0.000|0.00|0
514865|UEMS-C65|0.080|0.080|0.080|0.000|0.00|1,400
514866|UEMS-C66|0.060|0.000|0.000|0.000|0.00|0
7133|ULICORP|0.410|0.415|0.400|-0.010|-2.44|4,623
2593|UMCCA|5.350|5.320|5.310|-0.040|-0.75|13
7137|UMS|2.190|0.000|0.000|0.000|0.00|0
7227|UMSNGB|0.965|0.000|0.000|0.000|0.00|0
4588|UMW|5.760|5.710|5.790|+0.030|+0.52|8,257
458811|UMW-C11|0.035|0.000|0.000|0.000|0.00|0
458812|UMW-C12|0.210|0.000|0.000|0.000|0.00|0
458813|UMW-C13|0.200|0.000|0.000|0.000|0.00|0
458814|UMW-C14|0.195|0.195|0.195|0.000|0.00|500
458815|UMW-C15|0.200|0.205|0.205|+0.005|+2.50|478
458816|UMW-C16|0.115|0.000|0.000|0.000|0.00|0
458817|UMW-C17|0.105|0.000|0.000|0.000|0.00|0
4588C9|UMW-C9|0.025|0.000|0.000|0.000|0.00|0
7091|UNIMECH|1.130|1.140|1.120|-0.010|-0.88|3,052
5005|UNISEM|2.650|2.650|2.630|-0.020|-0.75|304
500511|UNISEM-C11|0.220|0.000|0.000|0.000|0.00|0
500512|UNISEM-C12|0.015|0.000|0.000|0.000|0.00|0
500514|UNISEM-C14|0.045|0.000|0.000|0.000|0.00|0
500515|UNISEM-C15|0.060|0.000|0.000|0.000|0.00|0
03017|UNIWALL|0.320|0.000|0.000|0.000|0.00|0
5200|UOADEV|2.180|2.200|2.180|0.000|0.00|3,716
5110|UOAREIT|1.360|1.370|1.380|+0.020|+1.47|514
7757|UPA|2.200|2.200|2.200|0.000|0.00|220
2089|UTDPLT|27.420|27.420|27.420|0.000|0.00|7
5754|UTUSAN|0.160|0.185|0.185|+0.025|+15.63|9
7250|UZMA|0.990|1.020|1.010|+0.020|+2.02|64,135
0060|VC|0.160|0.155|0.155|-0.005|-3.13|525
5243|VELESTO|0.285|0.285|0.295|+0.010|+3.51|337,908
524324|VELESTO-C24|0.215|0.000|0.000|0.000|0.00|0
524325|VELESTO-C25|0.025|0.000|0.000|0.000|0.00|0
524326|VELESTO-C26|0.120|0.000|0.000|0.000|0.00|0
524327|VELESTO-C27|0.100|0.000|0.000|0.000|0.00|0
5243WA|VELESTO-WA|0.110|0.110|0.120|+0.010|+9.09|73,998
4995|VERSATL|0.395|0.380|0.390|-0.005|-1.27|2,153
7240|VERTICE|0.870|0.860|0.860|-0.010|-1.15|118
7240WA|VERTICE-WA|0.500|0.000|0.000|0.000|0.00|0
0120|VIS|0.520|0.520|0.505|-0.015|-2.88|32,699
0120WB|VIS-WB|0.190|0.190|0.190|0.000|0.00|1,076
0097|VITROX|7.010|7.040|7.020|+0.010|+0.14|1,477
0097CL|VITROX-CL|0.020|0.000|0.000|0.000|0.00|0
0097CM|VITROX-CM|0.060|0.000|0.000|0.000|0.00|0
0069|VIVOCOM|0.015|0.015|0.015|0.000|0.00|9,912
0069WC|VIVOCOM-WC|0.005|0.000|0.000|0.000|0.00|0
0069WD|VIVOCOM-WD|0.005|0.000|0.000|0.000|0.00|0
0069WE|VIVOCOM-WE|0.005|0.005|0.005|0.000|0.00|1,000
7070|VIZIONE|0.980|0.980|0.970|-0.010|-1.02|12,908
7070LA|VIZIONE-LA|0.070|0.000|0.000|0.000|0.00|0
7070WC|VIZIONE-WC|0.400|0.390|0.390|-0.010|-2.50|2,656
6963|VS|0.965|0.965|1.020|+0.055|+5.70|335,699
696310|VS-C10|0.085|0.085|0.100|+0.015|+17.65|71,788
696311|VS-C11|0.205|0.000|0.000|0.000|0.00|0
696312|VS-C12|0.075|0.075|0.080|+0.005|+6.67|27,308
696313|VS-C13|0.095|0.100|0.110|+0.015|+15.79|76,918
696314|VS-C14|0.060|0.065|0.065|+0.005|+8.33|21,100
6963C5|VS-C5|0.005|0.000|0.000|0.000|0.00|0
6963C6|VS-C6|0.005|0.000|0.000|0.000|0.00|0
6963C7|VS-C7|0.005|0.000|0.000|0.000|0.00|0
6963C8|VS-C8|0.160|0.000|0.000|0.000|0.00|0
6963C9|VS-C9|0.125|0.130|0.135|+0.010|+8.00|15,988
0066|VSOLAR|0.225|0.230|0.230|+0.005|+2.22|121,755
5162|VSTECS|0.995|0.990|0.995|0.000|0.00|366
7203|WANGZNG|1.090|1.090|1.110|+0.020|+1.83|60
5016|WARISAN|2.100|0.000|0.000|0.000|0.00|0
5142|WASEONG|0.780|0.780|0.765|-0.015|-1.92|4,397
7226|WATTA|0.820|0.820|0.750|-0.070|-8.54|4,246
3565|WCEHB|0.535|0.515|0.540|+0.005|+0.93|1,392
9679|WCT|0.810|0.815|0.810|0.000|0.00|13,375
967914|WCT-C14|0.010|0.000|0.000|0.000|0.00|0
967915|WCT-C15|0.015|0.000|0.000|0.000|0.00|0
967916|WCT-C16|0.045|0.000|0.000|0.000|0.00|0
9679WE|WCT-WE|0.075|0.075|0.075|0.000|0.00|110
0197|WEGMANS|0.330|0.325|0.330|0.000|0.00|1,613
0197WA|WEGMANS-WA|0.150|0.140|0.140|-0.010|-6.67|2,583
7231|WELLCAL|1.270|1.260|1.260|-0.010|-0.79|175
0162|WIDAD|0.305|0.305|0.305|0.000|0.00|38,591
0162WA|WIDAD-WA|0.105|0.110|0.100|-0.005|-4.76|57,451
7692|WIDETEC|0.560|0.560|0.560|0.000|0.00|100
0008|WILLOW|0.450|0.450|0.450|0.000|0.00|1,060
0141|WINTONI|0.035|0.000|0.000|0.000|0.00|0
6378|WMG|0.135|0.130|0.145|+0.010|+7.41|268
7050|WONG|0.585|0.585|0.575|-0.010|-1.71|200
7025|WOODLAN|0.730|0.000|0.000|0.000|0.00|0
5246|WPRTS|3.720|3.740|3.760|+0.040|+1.08|4,530
5246CX|WPRTS-CX|0.050|0.000|0.000|0.000|0.00|0
5246CY|WPRTS-CY|0.145|0.130|0.135|-0.010|-6.90|3,131
5009|WTHORSE|1.190|0.000|0.000|0.000|0.00|0
4243|WTK|0.650|0.645|0.640|-0.010|-1.54|18,391
7245|WZSATU|0.300|0.300|0.295|-0.005|-1.67|6,369
7245WA|WZSATU-WA|0.120|0.120|0.120|0.000|0.00|200
5156|XDL|0.100|0.100|0.095|-0.005|-5.00|175,304
5156WD|XDL-WD|0.020|0.015|0.015|-0.005|-25.00|321,448
7121|XIANLNG|0.420|0.410|0.425|+0.005|+1.19|730
0581C1|XIAOMI-C1|0.020|0.000|0.000|0.000|0.00|0
0581C2|XIAOMI-C2|0.185|0.170|0.160|-0.025|-13.51|1,750
0095|XINGHE|0.035|0.030|0.030|-0.005|-14.29|2,987
0095WA|XINGHE-WA|0.005|0.000|0.000|0.000|0.00|0
5267|XINHWA|0.900|0.880|0.865|-0.035|-3.89|12,890
5155|XINQUAN|0.055|0.000|0.000|0.000|0.00|0
5155WA|XINQUAN-WA|0.005|0.000|0.000|0.000|0.00|0
5155WB|XINQUAN-WB|0.015|0.000|0.000|0.000|0.00|0
0165|XOX|0.055|0.050|0.050|-0.005|-9.09|2,341
7003|Y&G|0.910|0.000|0.000|0.000|0.00|0
7003WA|Y&G-WA|0.100|0.000|0.000|0.000|0.00|0
0025|YBS|0.145|0.140|0.140|-0.005|-3.45|3,100
5584|YEELEE|1.920|1.890|1.910|-0.010|-0.52|40
7122|YFG|0.005|0.000|0.000|0.000|0.00|0
0086|YGL|0.115|0.115|0.115|0.000|0.00|250
5048|YILAI|0.625|0.625|0.625|0.000|0.00|103
7293|YINSON|4.520|4.500|4.560|+0.040|+0.88|12,115
7293CT|YINSON-CT|0.030|0.040|0.030|0.000|0.00|9,761
7293CV|YINSON-CV|0.055|0.000|0.000|0.000|0.00|0
7293CW|YINSON-CW|0.095|0.120|0.115|+0.020|+21.05|4
7020|YKGI|0.125|0.125|0.120|-0.005|-4.00|2,270
7020WB|YKGI-WB|0.020|0.015|0.020|0.000|0.00|1,740
7014|YLI|0.280|0.000|0.000|0.000|0.00|0
3158|YNHPROP|1.200|1.170|1.150|-0.050|-4.17|90,100
5159|YOCB|1.190|1.200|1.200|+0.010|+0.84|1,043
7066|YONGTAI|0.365|0.365|0.360|-0.005|-1.37|19,771
7066PA|YONGTAI-PA|0.215|0.220|0.220|+0.005|+2.33|1,730
7066WA|YONGTAI-WA|0.100|0.100|0.095|-0.005|-5.00|3,241
7178|YSPSAH|2.840|2.840|2.850|+0.010|+0.35|80
4677|YTL|1.070|1.060|1.080|+0.010|+0.93|22,051
467722|YTL-C22|0.050|0.000|0.000|0.000|0.00|0
467723|YTL-C23|0.060|0.000|0.000|0.000|0.00|0
467724|YTL-C24|0.075|0.070|0.070|-0.005|-6.67|200
2577|YTLLAND|0.400|0.405|0.405|+0.005|+1.25|5
2577LA|YTLLAND-LA|0.365|0.000|0.000|0.000|0.00|0
6742|YTLPOWR|0.850|0.850|0.855|+0.005|+0.59|11,852
6742C5|YTLPOWR-C5|0.005|0.000|0.000|0.000|0.00|0
6742C6|YTLPOWR-C6|0.055|0.045|0.045|-0.010|-18.18|300
6742C7|YTLPOWR-C7|0.150|0.000|0.000|0.000|0.00|0
5109|YTLREIT|1.270|1.270|1.270|0.000|0.00|3,721
7028|ZECON|0.285|0.275|0.285|0.000|0.00|33,828
2283|ZELAN|0.100|0.095|0.090|-0.010|-10.00|89,096
5131|ZHULIAN|1.380|1.360|1.370|-0.010|-0.72|101
0012|3A|0.960|0.965|0.945|-0.015|-1.56|7,927
