070322|A50CHIN-C22|0.055|0.000|0.000|0.000|0.00|0
070324|A50CHIN-C24|0.815|0.000|0.000|0.000|0.00|0
070326|A50CHIN-C26|0.495|0.000|0.000|0.000|0.00|0
070328|A50CHIN-C28|0.190|0.205|0.190|0.000|0.00|1,744
070330|A50CHIN-C30|0.250|0.270|0.245|-0.005|-2.00|18,559
070332|A50CHIN-C32|0.720|0.000|0.000|0.000|0.00|0
070334|A50CHIN-C34|1.010|0.870|0.870|-0.140|-13.86|20
070336|A50CHIN-C36|0.455|0.485|0.460|+0.005|+1.10|2,088
070338|A50CHIN-C38|0.180|0.200|0.180|0.000|0.00|41,100
070321|A50CHIN-H21|0.050|0.000|0.000|0.000|0.00|0
070323|A50CHIN-H23|0.005|0.005|0.005|0.000|0.00|1,326
070325|A50CHIN-H25|0.035|0.000|0.000|0.000|0.00|0
070327|A50CHIN-H27|0.080|0.070|0.080|0.000|0.00|8,367
070329|A50CHIN-H29|0.445|0.425|0.440|-0.005|-1.12|174,030
7054|AASIA|0.160|0.000|0.000|0.000|0.00|0
5238|AAX|0.245|0.245|0.250|+0.005|+2.04|46,249
523820|AAX-C20|0.005|0.000|0.000|0.000|0.00|0
523821|AAX-C21|0.005|0.000|0.000|0.000|0.00|0
5238WA|AAX-WA|0.050|0.050|0.050|0.000|0.00|10,000
0800EA|ABFMY1|1.173|1.179|1.179|+0.006|+0.51|43
7086|ABLEGRP|0.070|0.070|0.070|0.000|0.00|102
2488|ABMB|4.140|4.130|4.140|0.000|0.00|8,212
2488CY|ABMB-CY|0.100|0.000|0.000|0.000|0.00|0
7131|ACME|0.250|0.000|0.000|0.000|0.00|0
7120|ACOSTEC|0.430|0.430|0.420|-0.010|-2.33|9,065
5281|ADVCON|0.420|0.425|0.430|+0.010|+2.38|13,610
7191|ADVENTA|0.355|0.350|0.350|-0.005|-1.41|60
9148|ADVPKG|1.860|0.000|0.000|0.000|0.00|0
7146|AEM|0.105|0.000|0.000|0.000|0.00|0
7146WA|AEM-WA|0.005|0.005|0.010|+0.005|+100.00|2,000
0181|AEMULUS|0.250|0.245|0.240|-0.010|-4.00|3,872
6599|AEON|1.510|1.510|1.460|-0.050|-3.31|21,586
6599CO|AEON-CO|0.035|0.030|0.030|-0.005|-14.29|1,082
6599CP|AEON-CP|0.050|0.000|0.000|0.000|0.00|0
6599CQ|AEON-CQ|0.030|0.000|0.000|0.000|0.00|0
5139|AEONCR|17.040|17.040|16.960|-0.080|-0.47|2,761
5139LA|AEONCR-LA|1.530|1.530|1.530|0.000|0.00|10
5185|AFFIN|2.230|2.230|2.230|0.000|0.00|671
5198|AFUJIYA|0.510|0.000|0.000|0.000|0.00|0
7315|AHB|0.155|0.150|0.145|-0.010|-6.45|8,314
7315WB|AHB-WB|0.020|0.015|0.015|-0.005|-25.00|3,446
7090|AHEALTH|9.160|9.160|9.140|-0.020|-0.22|333
4952|AHP|0.760|0.760|0.760|0.000|0.00|495
0122|AIM|0.250|0.250|0.250|0.000|0.00|248
5099|AIRASIA|2.710|2.730|2.740|+0.030|+1.11|30,082
509959|AIRASIAC59|0.020|0.000|0.000|0.000|0.00|0
509967|AIRASIAC67|0.075|0.080|0.085|+0.010|+13.33|2,708
509968|AIRASIAC68|0.005|0.000|0.000|0.000|0.00|0
509969|AIRASIAC69|0.005|0.000|0.000|0.000|0.00|0
509970|AIRASIAC70|0.005|0.005|0.005|0.000|0.00|200
509971|AIRASIAC71|0.070|0.070|0.065|-0.005|-7.14|5,200
509972|AIRASIAC72|0.175|0.175|0.175|0.000|0.00|700
509973|AIRASIAC73|0.190|0.190|0.190|0.000|0.00|2,500
509974|AIRASIAC74|0.325|0.000|0.000|0.000|0.00|0
509975|AIRASIAC75|0.145|0.120|0.120|-0.025|-17.24|900
509976|AIRASIAC76|0.070|0.000|0.000|0.000|0.00|0
509977|AIRASIAC77|0.065|0.070|0.070|+0.005|+7.69|4,000
509978|AIRASIAC78|0.095|0.095|0.095|0.000|0.00|29,000
509979|AIRASIAC79|0.045|0.000|0.000|0.000|0.00|0
509980|AIRASIAC80|0.050|0.000|0.000|0.000|0.00|0
5014|AIRPORT|7.330|7.180|7.340|+0.010|+0.14|11,474
5014C2|AIRPORT-C2|0.005|0.000|0.000|0.000|0.00|0
5014C4|AIRPORT-C4|0.025|0.000|0.000|0.000|0.00|0
5014C5|AIRPORT-C5|0.055|0.030|0.030|-0.025|-45.45|800
5014C6|AIRPORT-C6|0.075|0.000|0.000|0.000|0.00|0
5014C7|AIRPORT-C7|0.060|0.055|0.050|-0.010|-16.67|252
2682|AISB|0.265|0.000|0.000|0.000|0.00|0
2658|AJI|17.980|18.100|17.980|0.000|0.00|85
7609|AJIYA|0.530|0.000|0.000|0.000|0.00|0
7609WA|AJIYA-WA|0.095|0.090|0.090|-0.005|-5.26|320
5115|ALAM|0.110|0.110|0.110|0.000|0.00|30,295
5116|ALAQAR|1.340|1.340|1.340|0.000|0.00|10,418
2674|ALCOM|0.540|0.520|0.525|-0.015|-2.78|965
1163|ALLIANZ|14.500|14.500|14.480|-0.020|-0.14|20
1163PA|ALLIANZ-PA|14.300|0.000|0.000|0.000|0.00|0
5269|ALSREIT|0.840|0.845|0.845|+0.005|+0.60|16
1015|AMBANK|4.500|4.500|4.520|+0.020|+0.44|35,283
101510|AMBANK-C10|0.150|0.150|0.175|+0.025|+16.67|8
101511|AMBANK-C11|0.165|0.000|0.000|0.000|0.00|0
101512|AMBANK-C12|0.125|0.000|0.000|0.000|0.00|0
101513|AMBANK-C13|0.085|0.085|0.085|0.000|0.00|6,240
0159|AMEDIA|0.155|0.155|0.155|0.000|0.00|1,250
5120|AMFIRST|0.530|0.530|0.530|0.000|0.00|1,886
03011|AMLEX|0.180|0.200|0.200|+0.020|+11.11|10
1007|AMPROP|0.520|0.520|0.520|0.000|0.00|272
1007PA|AMPROP-PA|0.250|0.250|0.250|0.000|0.00|10
1007PB|AMPROP-PB|0.580|0.000|0.000|0.000|0.00|0
7031|AMTEL|0.665|0.000|0.000|0.000|0.00|0
5959|AMVERTON|1.170|1.150|1.170|0.000|0.00|650
6351|AMWAY|6.000|6.000|6.000|0.000|0.00|1
7083|ANALABS|1.180|1.110|1.110|-0.070|-5.93|50
4758|ANCOM|0.480|0.485|0.485|+0.005|+1.04|101
0048|ANCOMLB|0.080|0.085|0.085|+0.005|+6.25|4,195
6556|ANNJOO|1.530|1.530|1.530|0.000|0.00|2,155
6556PA|ANNJOO-PA|0.490|0.000|0.000|0.000|0.00|0
9342|ANZO|0.035|0.035|0.040|+0.005|+14.29|3,990
9342WA|ANZO-WA|0.005|0.000|0.000|0.000|0.00|0
9342WB|ANZO-WB|0.025|0.000|0.000|0.000|0.00|0
9342WC|ANZO-WC|0.005|0.000|0.000|0.000|0.00|0
5568|APB|0.665|0.000|0.000|0.000|0.00|0
5088|APEX|1.060|0.000|0.000|0.000|0.00|0
5194|APFT|0.015|0.020|0.015|0.000|0.00|46,830
5015|APM|3.010|3.000|3.010|0.000|0.00|34
6432|APOLLO|3.900|0.000|0.000|0.000|0.00|0
0119|APPASIA|0.090|0.085|0.085|-0.005|-5.56|1,426
0119WA|APPASIA-WA|0.040|0.040|0.040|0.000|0.00|250
7214|ARANK|0.520|0.520|0.520|0.000|0.00|100
7007|ARK|0.360|0.000|0.000|0.000|0.00|0
7007WB|ARK-WB|0.090|0.000|0.000|0.000|0.00|0
5210|ARMADA|0.195|0.205|0.185|-0.010|-5.13|3,490,641
521040|ARMADA-C40|0.005|0.000|0.000|0.000|0.00|0
521043|ARMADA-C43|0.005|0.000|0.000|0.000|0.00|0
521045|ARMADA-C45|0.005|0.000|0.000|0.000|0.00|0
521046|ARMADA-C46|0.005|0.000|0.000|0.000|0.00|0
521047|ARMADA-C47|0.005|0.000|0.000|0.000|0.00|0
521048|ARMADA-C48|0.005|0.000|0.000|0.000|0.00|0
521049|ARMADA-C49|0.005|0.000|0.000|0.000|0.00|0
521050|ARMADA-C50|0.015|0.000|0.000|0.000|0.00|0
5127|ARREIT|0.830|0.835|0.835|+0.005|+0.60|499
1481|ASB|0.135|0.135|0.135|0.000|0.00|5,170
0068|ASDION|0.270|0.275|0.270|0.000|0.00|17,089
7722|ASIABRN|0.480|0.000|0.000|0.000|0.00|0
7129|ASIAFLE|2.500|2.480|2.480|-0.020|-0.80|42
4057|ASIAPAC|0.120|0.120|0.120|0.000|0.00|160
4057LC|ASIAPAC-LC|0.580|0.000|0.000|0.000|0.00|0
4057WB|ASIAPAC-WB|0.045|0.000|0.000|0.000|0.00|0
0105|ASIAPLY|0.080|0.000|0.000|0.000|0.00|0
0105PA|ASIAPLY-PA|0.035|0.000|0.000|0.000|0.00|0
0105WA|ASIAPLY-WA|0.015|0.015|0.015|0.000|0.00|1,481
0105WB|ASIAPLY-WB|0.025|0.025|0.025|0.000|0.00|4,000
7162|ASTINO|0.655|0.655|0.670|+0.015|+2.29|275
6399|ASTRO|1.490|1.500|1.530|+0.040|+2.68|10,983
639910|ASTRO-C10|0.115|0.000|0.000|0.000|0.00|0
639911|ASTRO-C11|0.110|0.000|0.000|0.000|0.00|0
639912|ASTRO-C12|0.065|0.000|0.000|0.000|0.00|0
639913|ASTRO-C13|0.070|0.000|0.000|0.000|0.00|0
639914|ASTRO-C14|0.065|0.000|0.000|0.000|0.00|0
0072|AT|0.045|0.050|0.050|+0.005|+11.11|8
0072WB|AT-WB|0.005|0.005|0.005|0.000|0.00|1,541
8176|ATAIMS|1.750|1.750|1.750|0.000|0.00|466
7048|ATLAN|4.500|4.490|4.500|0.000|0.00|100
5130|ATRIUM|1.120|1.120|1.120|0.000|0.00|236
7099|ATTA|0.610|0.605|0.605|-0.005|-0.82|20
7099LA|ATTA-LA|0.075|0.075|0.075|0.000|0.00|3,600
7099PA|ATTA-PA|0.120|0.000|0.000|0.000|0.00|0
7099WB|ATTA-WB|0.110|0.000|0.000|0.000|0.00|0
7099WC|ATTA-WC|0.090|0.000|0.000|0.000|0.00|0
7181|ATURMJU|0.350|0.355|0.370|+0.020|+5.71|22,562
7181PA|ATURMJU-PA|0.170|0.175|0.190|+0.020|+11.76|23,514
8885|AVI|0.135|0.140|0.140|+0.005|+3.70|39,529
7579|AWC|0.775|0.785|0.775|0.000|0.00|5,776
7579WA|AWC-WA|0.270|0.275|0.265|-0.005|-1.85|4,128
6888|AXIATA|4.180|4.150|4.180|0.000|0.00|47,576
688828|AXIATA-C28|0.020|0.000|0.000|0.000|0.00|0
688830|AXIATA-C30|0.040|0.000|0.000|0.000|0.00|0
688831|AXIATA-C31|0.040|0.000|0.000|0.000|0.00|0
688832|AXIATA-C32|0.110|0.105|0.105|-0.005|-4.55|4,000
688833|AXIATA-C33|0.170|0.170|0.170|0.000|0.00|1,600
688834|AXIATA-C34|0.180|0.000|0.000|0.000|0.00|0
688835|AXIATA-C35|0.135|0.135|0.135|0.000|0.00|500
688836|AXIATA-C36|0.200|0.000|0.000|0.000|0.00|0
688837|AXIATA-C37|0.080|0.000|0.000|0.000|0.00|0
5106|AXREIT|1.790|1.780|1.790|0.000|0.00|25,597
2305|AYER|4.310|4.410|4.410|+0.100|+2.32|1
5021|AYS|0.340|0.000|0.000|0.000|0.00|0
7078|AZRB|0.510|0.510|0.515|+0.005|+0.98|24,658
7078WA|AZRB-WA|0.265|0.260|0.270|+0.005|+1.89|2,957
0098|BAHVEST|0.660|0.660|0.665|+0.005|+0.76|46,100
0098WA|BAHVEST-WA|0.410|0.420|0.425|+0.015|+3.66|16,919
7251|BARAKAH|0.105|0.105|0.100|-0.005|-4.76|127,056
4162|BAT|35.280|34.680|35.700|+0.420|+1.19|962
4162CM|BAT-CM|0.065|0.090|0.090|+0.025|+38.46|7
4162CN|BAT-CN|0.130|0.000|0.000|0.000|0.00|0
4162CO|BAT-CO|0.075|0.000|0.000|0.000|0.00|0
5248|BAUTO|2.310|2.330|2.320|+0.010|+0.43|29,362
5248C1|BAUTO-C1|0.080|0.000|0.000|0.000|0.00|0
5248CY|BAUTO-CY|0.140|0.000|0.000|0.000|0.00|0
5248CZ|BAUTO-CZ|0.205|0.000|0.000|0.000|0.00|0
6602|BCB|0.295|0.000|0.000|0.000|0.00|0
0187|BCMALL|0.200|0.195|0.195|-0.005|-2.50|4,431
6173|BDB|0.420|0.420|0.420|0.000|0.00|16,276
5190|BENALEC|0.195|0.195|0.190|-0.005|-2.56|6,668
9814|BERTAM|0.275|0.280|0.275|0.000|0.00|2,500
8133|BHIC|1.230|1.240|1.240|+0.010|+0.81|17
7005|BIG|0.390|0.400|0.390|0.000|0.00|1,680
5258|BIMB|4.180|4.150|4.210|+0.030|+0.72|860
5258WA|BIMB-WA|0.250|0.240|0.255|+0.005|+2.00|1,558
0195|BINACOM|0.390|0.390|0.390|0.000|0.00|1,327
6998|BINTAI|0.130|0.135|0.135|+0.005|+3.85|2,411
6998WA|BINTAI-WA|0.045|0.000|0.000|0.000|0.00|0
0179|BIOHLDG|0.205|0.205|0.205|0.000|0.00|4,388
0179WA|BIOHLDG-WA|0.080|0.080|0.080|0.000|0.00|655
7243|BIOOSMO|0.055|0.055|0.060|+0.005|+9.09|32,550
5032|BIPORT|4.800|4.800|4.800|0.000|0.00|110
3239|BJASSET|0.305|0.305|0.310|+0.005|+1.64|2,000
3239WB|BJASSET-WB|0.060|0.055|0.055|-0.005|-8.33|80
3395|BJCORP|0.265|0.270|0.270|+0.005|+1.89|222,811
339510|BJCORP-C10|0.005|0.000|0.000|0.000|0.00|0
339511|BJCORP-C11|0.015|0.000|0.000|0.000|0.00|0
3395LD|BJCORP-LD|0.340|0.000|0.000|0.000|0.00|0
3395LE|BJCORP-LE|0.385|0.000|0.000|0.000|0.00|0
3395WB|BJCORP-WB|0.045|0.045|0.045|0.000|0.00|7,250
3395WC|BJCORP-WC|0.070|0.000|0.000|0.000|0.00|0
5196|BJFOOD|1.620|1.620|1.590|-0.030|-1.85|1,881
4219|BJLAND|0.260|0.260|0.255|-0.005|-1.92|4,283
6025|BJMEDIA|0.150|0.000|0.000|0.000|0.00|0
1562|BJTOTO|2.310|2.330|2.320|+0.010|+0.43|4,067
1562CW|BJTOTO-CW|0.060|0.000|0.000|0.000|0.00|0
1562CX|BJTOTO-CX|0.090|0.000|0.000|0.000|0.00|0
1899|BKAWAN|16.980|16.980|16.960|-0.020|-0.12|322
5069|BLDPLNT|6.740|0.000|0.000|0.000|0.00|0
0508C5|BOC-C5|0.130|0.000|0.000|0.000|0.00|0
0168|BOILERM|0.525|0.525|0.545|+0.020|+3.81|151
9288|BONIA|0.245|0.255|0.255|+0.010|+4.08|101
7036|BORNOIL|0.045|0.045|0.045|0.000|0.00|20,336
7036WC|BORNOIL-WC|0.020|0.015|0.020|0.000|0.00|13,310
7036WD|BORNOIL-WD|0.020|0.015|0.020|0.000|0.00|1,605
6297|BOXPAK|1.080|0.000|0.000|0.000|0.00|0
6297WA|BOXPAK-WA|0.175|0.000|0.000|0.000|0.00|0
5254|BPLANT|0.790|0.790|0.780|-0.010|-1.27|2,238
5100|BPPLAS|1.080|0.000|0.000|0.000|0.00|0
5932|BPURI|0.185|0.185|0.180|-0.005|-2.70|10,777
9474|BRAHIMS|0.145|0.145|0.145|0.000|0.00|10,830
8761|BREM|0.770|0.770|0.770|0.000|0.00|121
9938|BRIGHT|0.200|0.190|0.200|0.000|0.00|1,230
7221|BSLCORP|0.360|0.000|0.000|0.000|0.00|0
2771|BSTEAD|1.280|1.280|1.280|0.000|0.00|244
0011|BTECH|0.360|0.360|0.365|+0.005|+1.39|39,327
7188|BTM|0.115|0.105|0.115|0.000|0.00|34
7188WA|BTM-WA|0.010|0.005|0.005|-0.005|-50.00|1,379
7188WB|BTM-WB|0.040|0.000|0.000|0.000|0.00|0
1818|BURSA|6.830|6.910|6.810|-0.020|-0.29|3,656
181820|BURSA-C20|0.005|0.000|0.000|0.000|0.00|0
181821|BURSA-C21|0.075|0.000|0.000|0.000|0.00|0
181822|BURSA-C22|0.050|0.045|0.045|-0.005|-10.00|200
181823|BURSA-C23|0.040|0.000|0.000|0.000|0.00|0
7174|CAB|0.595|0.595|0.595|0.000|0.00|1,224
7174WA|CAB-WA|0.450|0.000|0.000|0.000|0.00|0
0191|CABNET|0.295|0.275|0.290|-0.005|-1.69|220
0191WA|CABNET-WA|0.055|0.000|0.000|0.000|0.00|0
7154|CAELY|0.905|0.910|0.910|+0.005|+0.55|1,376
7154WA|CAELY-WA|0.550|0.500|0.560|+0.010|+1.82|80
7128|CAMRES|0.250|0.000|0.000|0.000|0.00|0
5105|CANONE|2.970|2.970|2.980|+0.010|+0.34|1,366
5229|CAP|0.010|0.000|0.000|0.000|0.00|0
0163|CAREPLS|0.160|0.160|0.160|0.000|0.00|4,610
5257|CARIMIN|0.825|0.825|0.845|+0.020|+2.42|77,957
5245|CARING|1.960|1.930|1.960|0.000|0.00|150
2836|CARLSBG|26.500|26.200|26.520|+0.020|+0.08|382
7076|CBIP|1.080|1.080|1.070|-0.010|-0.93|915
7076WA|CBIP-WA|0.010|0.015|0.010|0.000|0.00|763
2925|CCB|1.590|1.560|1.600|+0.010|+0.63|810
7035|CCK|0.595|0.595|0.610|+0.015|+2.52|12,131
7035WA|CCK-WA|0.120|0.120|0.125|+0.005|+4.17|5,622
2879|CCM|1.920|1.920|1.920|0.000|0.00|219
5195|CENSOF|0.145|0.145|0.145|0.000|0.00|1,480
5195WB|CENSOF-WB|0.005|0.005|0.005|0.000|0.00|20
8982|CEPAT|0.585|0.585|0.590|+0.005|+0.85|919
8435|CEPCO|0.645|0.000|0.000|0.000|0.00|0
8044|CFM|1.260|0.000|0.000|0.000|0.00|0
0579C1|CGARDEN-C1|0.105|0.135|0.135|+0.030|+28.57|150
7209|CHEETAH|0.300|0.000|0.000|0.000|0.00|0
7187|CHGP|0.365|0.360|0.350|-0.015|-4.11|208
7187WA|CHGP-WA|0.175|0.000|0.000|0.000|0.00|0
5738|CHHB|1.530|1.500|1.530|0.000|0.00|17
5738WB|CHHB-WB|0.400|0.385|0.385|-0.015|-3.75|14
0829EA|CHINAETF-MYR|5.600|5.630|5.630|+0.030|+0.54|18
0829EB|CHINAETF-USD|1.275|0.000|0.000|0.000|0.00|0
5273|CHINHIN|0.795|0.795|0.800|+0.005|+0.63|790
1929|CHINTEK|6.580|6.580|6.580|0.000|0.00|8
5007|CHINWEL|1.790|1.800|1.790|0.000|0.00|429
0501CG|CHMOBIL-CG|0.135|0.000|0.000|0.000|0.00|0
5797|CHOOBEE|1.600|1.580|1.590|-0.010|-0.63|293
7016|CHUAN|0.400|0.405|0.405|+0.005|+1.25|25
8052|CICB|0.590|0.000|0.000|0.000|0.00|0
2828|CIHLDG|1.400|1.410|1.410|+0.010|+0.71|18
1023|CIMB|5.120|5.140|5.120|0.000|0.00|150,747
102340|CIMB-C40|0.005|0.005|0.005|0.000|0.00|85
102341|CIMB-C41|0.075|0.000|0.000|0.000|0.00|0
102342|CIMB-C42|0.050|0.000|0.000|0.000|0.00|0
102343|CIMB-C43|0.025|0.000|0.000|0.000|0.00|0
102344|CIMB-C44|0.035|0.000|0.000|0.000|0.00|0
102345|CIMB-C45|0.050|0.050|0.050|0.000|0.00|43,800
102346|CIMB-C46|0.080|0.000|0.000|0.000|0.00|0
102347|CIMB-C47|0.070|0.055|0.055|-0.015|-21.43|550
0822EA|CIMBA40|1.830|1.850|1.850|+0.020|+1.09|6
0823EA|CIMBC50|1.580|1.570|1.570|-0.010|-0.63|69
7117|CJCEN|0.430|0.435|0.435|+0.005|+1.16|1,067
0514C3|CKHUTCH-C3|0.075|0.000|0.000|0.000|0.00|0
03001|CLOUD|0.300|0.000|0.000|0.000|0.00|0
7018|CME|0.040|0.000|0.000|0.000|0.00|0
7018LA|CME-LA|0.025|0.000|0.000|0.000|0.00|0
7018WA|CME-WA|0.025|0.000|0.000|0.000|0.00|0
5180|CMMT|1.120|1.120|1.120|0.000|0.00|23,908
2852|CMSB|3.240|3.250|3.350|+0.110|+3.40|1,975
285214|CMSB-C14|0.085|0.000|0.000|0.000|0.00|0
285215|CMSB-C15|0.110|0.110|0.110|0.000|0.00|155
7986|CNASIA|0.450|0.000|0.000|0.000|0.00|0
5104|CNI|0.070|0.070|0.075|+0.005|+7.14|90
5188|CNOUHUA|0.050|0.000|0.000|0.000|0.00|0
5071|COASTAL|1.070|1.070|1.030|-0.040|-3.74|1,554
7205|COCOLND|1.990|2.000|1.990|0.000|0.00|202
7195|COMCORP|0.105|0.115|0.115|+0.010|+9.52|306
2127|COMFORT|0.830|0.835|0.810|-0.020|-2.41|5,541
5136|COMPLET|0.870|0.880|0.870|0.000|0.00|210
5037|COMPUGT|0.025|0.025|0.025|0.000|0.00|61,000
0102|CONNECT|0.110|0.110|0.110|0.000|0.00|8,962
0102PA|CONNECT-PA|0.030|0.000|0.000|0.000|0.00|0
0102WA|CONNECT-WA|0.030|0.000|0.000|0.000|0.00|0
0102WB|CONNECT-WB|0.040|0.000|0.000|0.000|0.00|0
8591|CRESBLD|1.090|1.100|1.120|+0.030|+2.75|3,958
6718|CRESNDO|1.290|1.290|1.290|0.000|0.00|250
03016|CRG|0.045|0.045|0.050|+0.005|+11.11|565
7202|CSCENIC|1.100|1.100|1.110|+0.010|+0.91|609
5094|CSCSTEL|1.050|1.050|1.050|0.000|0.00|1,257
5214|CSL|0.010|0.000|0.000|0.000|0.00|0
0051|CUSCAPI|0.205|0.210|0.205|0.000|0.00|33,489
5049|CVIEW|1.510|1.510|1.510|0.000|0.00|3
9423|CWG|0.415|0.420|0.425|+0.010|+2.41|117
7157|CYL|0.420|0.000|0.000|0.000|0.00|0
5082|CYMAO|0.345|0.000|0.000|0.000|0.00|0
5184|CYPARK|1.680|1.680|1.680|0.000|0.00|4,160
7204|D&O|0.685|0.685|0.695|+0.010|+1.46|11,492
8125|DAIBOCI|1.580|1.580|1.580|0.000|0.00|993
8125WB|DAIBOCI-WB|0.130|0.135|0.135|+0.005|+3.85|49
5355|DAIMAN|2.990|0.000|0.000|0.000|0.00|0
5276|DANCO|0.635|0.640|0.635|0.000|0.00|12,812
5276WA|DANCO-WA|0.380|0.390|0.385|+0.005|+1.32|5,256
8338|DATAPRP|0.220|0.215|0.215|-0.005|-2.27|11,412
0091|DAYA|0.010|0.005|0.010|0.000|0.00|1,300
5141|DAYANG|1.350|1.380|1.340|-0.010|-0.74|244,735
7179|DBE|0.030|0.025|0.030|0.000|0.00|2,250
7179WB|DBE-WB|0.010|0.000|0.000|0.000|0.00|0
3484|DBHD|0.510|0.515|0.510|0.000|0.00|16,227
3484WA|DBHD-WA|0.115|0.110|0.110|-0.005|-4.35|1,470
7119|DEGEM|1.050|0.000|0.000|0.000|0.00|0
5132|DELEUM|1.110|1.110|1.090|-0.020|-1.80|670
7212|DESTINI|0.300|0.305|0.290|-0.010|-3.33|190,495
0152|DGB|0.120|0.120|0.130|+0.010|+8.33|2,455
0152WB|DGB-WB|0.030|0.000|0.000|0.000|0.00|0
0131|DGSB|0.080|0.080|0.075|-0.005|-6.25|7,983
7277|DIALOG|3.170|3.170|3.160|-0.010|-0.32|45,963
727733|DIALOG-C33|0.005|0.000|0.000|0.000|0.00|0
727735|DIALOG-C35|0.005|0.000|0.000|0.000|0.00|0
727736|DIALOG-C36|0.040|0.000|0.000|0.000|0.00|0
727737|DIALOG-C37|0.035|0.035|0.035|0.000|0.00|150
727738|DIALOG-C38|0.025|0.000|0.000|0.000|0.00|0
727739|DIALOG-C39|0.050|0.000|0.000|0.000|0.00|0
727740|DIALOG-C40|0.100|0.100|0.100|0.000|0.00|3,534
727741|DIALOG-C41|0.090|0.000|0.000|0.000|0.00|0
727742|DIALOG-C42|0.135|0.000|0.000|0.000|0.00|0
727743|DIALOG-C43|0.100|0.000|0.000|0.000|0.00|0
727744|DIALOG-C44|0.060|0.000|0.000|0.000|0.00|0
6947|DIGI|4.580|4.660|4.610|+0.030|+0.66|30,500
694724|DIGI-C24|0.035|0.040|0.040|+0.005|+14.29|513
694725|DIGI-C25|0.105|0.000|0.000|0.000|0.00|0
694726|DIGI-C26|0.115|0.000|0.000|0.000|0.00|0
694727|DIGI-C27|0.110|0.000|0.000|0.000|0.00|0
694728|DIGI-C28|0.040|0.000|0.000|0.000|0.00|0
0029|DIGISTA|0.045|0.045|0.045|0.000|0.00|1,000
0029WB|DIGISTA-WB|0.015|0.000|0.000|0.000|0.00|0
0400GA|DIN040000223|99.700|0.000|0.000|0.000|0.00|0
0400GC|DIN042300721|100.500|0.000|0.000|0.000|0.00|0
0400GB|DIN045801028|100.700|0.000|0.000|0.000|0.00|0
7528|DKLS|1.750|0.000|0.000|0.000|0.00|0
5908|DKSH|2.380|2.380|2.360|-0.020|-0.84|1,208
3026|DLADY|63.680|63.680|64.000|+0.320|+0.50|283
4456|DNEX|0.285|0.290|0.280|-0.005|-1.75|51,233
4456WD|DNEX-WD|0.075|0.070|0.075|0.000|0.00|14,367
7114|DNONCE|0.435|0.445|0.455|+0.020|+4.60|553
7114WA|DNONCE-WA|0.185|0.175|0.185|0.000|0.00|425
5835|DOLMITE|0.110|0.000|0.000|0.000|0.00|0
5265|DOLPHIN|0.135|0.135|0.135|0.000|0.00|1,643
5265WA|DOLPHIN-WA|0.030|0.030|0.030|0.000|0.00|160
7169|DOMINAN|1.260|1.240|1.250|-0.010|-0.79|253
7169WA|DOMINAN-WA|0.090|0.075|0.075|-0.015|-16.67|500
7148|DPHARMA|1.200|1.190|1.190|-0.010|-0.83|13,468
0205|DPIH|0.195|0.195|0.190|-0.005|-2.56|18,343
7198|DPS|0.075|0.070|0.070|-0.005|-6.67|16,123
7198WB|DPS-WB|0.030|0.000|0.000|0.000|0.00|0
1619|DRBHCOM|1.900|1.900|1.910|+0.010|+0.53|43,882
161960|DRBHCOMC60|0.020|0.020|0.020|0.000|0.00|3,900
161962|DRBHCOMC62|0.005|0.000|0.000|0.000|0.00|0
161963|DRBHCOMC63|0.005|0.000|0.000|0.000|0.00|0
161964|DRBHCOMC64|0.005|0.000|0.000|0.000|0.00|0
161966|DRBHCOMC66|0.005|0.000|0.000|0.000|0.00|0
161967|DRBHCOMC67|0.015|0.000|0.000|0.000|0.00|0
161968|DRBHCOMC68|0.085|0.090|0.090|+0.005|+5.88|18,400
161969|DRBHCOMC69|0.125|0.000|0.000|0.000|0.00|0
161970|DRBHCOMC70|0.155|0.145|0.155|0.000|0.00|7,345
161971|DRBHCOMC71|0.130|0.000|0.000|0.000|0.00|0
161972|DRBHCOMC72|0.120|0.125|0.125|+0.005|+4.17|1,000
161973|DRBHCOMC73|0.090|0.000|0.000|0.000|0.00|0
161974|DRBHCOMC74|0.085|0.085|0.085|0.000|0.00|13,710
161975|DRBHCOMC75|0.080|0.080|0.075|-0.005|-6.25|4
5216|DSONIC|0.510|0.515|0.510|0.000|0.00|65,106
5216WA|DSONIC-WA|0.085|0.085|0.085|0.000|0.00|3,190
7233|DUFU|1.600|1.610|1.590|-0.010|-0.63|4,210
3948|DUTALND|0.495|0.490|0.490|-0.005|-1.01|200
7165|DWL|0.790|0.000|0.000|0.000|0.00|0
7165PA|DWL-PA|0.205|0.210|0.210|+0.005|+2.44|280
7165WA|DWL-WA|0.225|0.225|0.225|0.000|0.00|280
5178|DYNACIA|0.090|0.090|0.090|0.000|0.00|278,340
5178PA|DYNACIA-PA|0.050|0.045|0.045|-0.005|-10.00|7,717
5178WA|DYNACIA-WA|0.040|0.000|0.000|0.000|0.00|0
3417|E&O|0.905|0.910|0.900|-0.005|-0.55|5,404
341713|E&O-C13|0.105|0.105|0.105|0.000|0.00|200
341714|E&O-C14|0.150|0.000|0.000|0.000|0.00|0
3417WB|E&O-WB|0.005|0.000|0.000|0.000|0.00|0
0154|EAH|0.020|0.000|0.000|0.000|0.00|0
0154WC|EAH-WC|0.005|0.000|0.000|0.000|0.00|0
0154WD|EAH-WD|0.005|0.005|0.005|0.000|0.00|3,200
0154WE|EAH-WE|0.010|0.000|0.000|0.000|0.00|0
2097|EASTLND|0.100|0.100|0.100|0.000|0.00|970
5259|EATECH|0.445|0.445|0.435|-0.010|-2.25|6,889
2143|ECM|0.270|0.000|0.000|0.000|0.00|0
3557|ECOFIRS|0.300|0.295|0.295|-0.005|-1.67|3,079
3557WC|ECOFIRS-WC|0.015|0.010|0.015|0.000|0.00|870
0059|ECOHLDS|0.280|0.280|0.290|+0.010|+3.57|612
5253|ECONBHD|0.455|0.460|0.475|+0.020|+4.40|66,988
5253WA|ECONBHD-WA|0.115|0.110|0.110|-0.005|-4.35|5,350
8206|ECOWLD|0.920|0.925|0.910|-0.010|-1.09|9,829
8206CQ|ECOWLD-CQ|0.005|0.000|0.000|0.000|0.00|0
8206CS|ECOWLD-CS|0.035|0.000|0.000|0.000|0.00|0
8206CT|ECOWLD-CT|0.150|0.020|0.020|-0.130|-86.67|3,308
8206WA|ECOWLD-WA|0.180|0.190|0.190|+0.010|+5.56|407
5036|EDARAN|0.530|0.530|0.530|0.000|0.00|2,015
7471|EDEN|0.125|0.120|0.130|+0.005|+4.00|72,104
7471WB|EDEN-WB|0.040|0.045|0.045|+0.005|+12.50|5,677
1368|EDGENTA|2.820|2.820|2.810|-0.010|-0.35|4,061
0107|EDUSPEC|0.025|0.025|0.030|+0.005|+20.00|30,301
0064|EFFICEN|0.190|0.190|0.190|0.000|0.00|520
0065|EFORCE|0.465|0.465|0.475|+0.010|+2.15|14,170
0065WA|EFORCE-WA|0.125|0.125|0.130|+0.005|+4.00|14,755
8907|EG|0.455|0.455|0.460|+0.005|+1.10|6,636
8907PA|EG-PA|0.500|0.000|0.000|0.000|0.00|0
8907WC|EG-WC|0.145|0.145|0.145|0.000|0.00|1,450
5081|EIG|0.660|0.000|0.000|0.000|0.00|0
5208|EITA|1.310|1.300|1.300|-0.010|-0.76|60
7182|EKA|0.060|0.000|0.000|0.000|0.00|0
8877|EKOVEST|0.505|0.505|0.505|0.000|0.00|91,542
8877CQ|EKOVEST-CQ|0.005|0.000|0.000|0.000|0.00|0
8877CS|EKOVEST-CS|0.035|0.000|0.000|0.000|0.00|0
8877CT|EKOVEST-CT|0.030|0.025|0.025|-0.005|-16.67|300
8877WB|EKOVEST-WB|0.065|0.065|0.060|-0.005|-7.69|14,420
9016|EKSONS|0.810|0.810|0.810|0.000|0.00|22
5228|ELKDESA|1.380|1.380|1.370|-0.010|-0.72|633
5228LA|ELKDESA-LA|1.130|0.000|0.000|0.000|0.00|0
0090|ELSOFT|0.995|0.990|0.965|-0.030|-3.02|17,142
7217|EMETALL|0.425|0.420|0.420|-0.005|-1.18|1,380
9091|EMICO|0.175|0.165|0.170|-0.005|-2.86|801
6076|ENCORP|0.380|0.385|0.385|+0.005|+1.32|250
7149|ENGKAH|0.930|0.915|0.980|+0.050|+5.38|1,189
5056|ENGTEX|0.845|0.835|0.820|-0.025|-2.96|132
8613|ENRA|1.450|0.000|0.000|0.000|0.00|0
7773|EPMB|0.370|0.000|0.000|0.000|0.00|0
0190|ESAFE|0.205|0.000|0.000|0.000|0.00|0
0100|ESCERAM|0.160|0.000|0.000|0.000|0.00|0
03021|ETH|0.170|0.000|0.000|0.000|0.00|0
6815|EUPE|0.630|0.625|0.660|+0.030|+4.76|426
7208|EURO|0.135|0.135|0.130|-0.005|-3.70|1,250
7094|EUROSP|0.405|0.480|0.480|+0.075|+18.52|1
5101|EVERGRN|0.375|0.370|0.365|-0.010|-2.67|3,530
7249|EWEIN|0.575|0.580|0.575|0.000|0.00|6,866
5283|EWINT|0.750|0.750|0.750|0.000|0.00|2,485
5283WA|EWINT-WA|0.145|0.145|0.145|0.000|0.00|1,225
3689|F&N|34.400|34.700|34.580|+0.180|+0.52|6,227
2984|FACBIND|1.270|1.260|1.280|+0.010|+0.79|70
7047|FAJAR|0.395|0.385|0.375|-0.020|-5.06|28,626
7047WB|FAJAR-WB|0.035|0.030|0.025|-0.010|-28.57|24,908
5029|FAREAST|2.760|0.000|0.000|0.000|0.00|0
6041|FARLIM|0.355|0.355|0.355|0.000|0.00|130
7229|FAVCO|2.680|2.670|2.650|-0.030|-1.12|34
06505D|FBMKLCI-C5D|0.085|0.000|0.000|0.000|0.00|0
06505I|FBMKLCI-C5I|0.005|0.000|0.000|0.000|0.00|0
06505J|FBMKLCI-C5J|0.020|0.000|0.000|0.000|0.00|0
06505K|FBMKLCI-C5K|0.005|0.000|0.000|0.000|0.00|0
06505L|FBMKLCI-C5L|0.070|0.000|0.000|0.000|0.00|0
06505M|FBMKLCI-C5M|0.100|0.000|0.000|0.000|0.00|0
06505N|FBMKLCI-C5N|0.030|0.025|0.025|-0.005|-16.67|20
06505O|FBMKLCI-C5O|0.025|0.025|0.025|0.000|0.00|600
06505P|FBMKLCI-C5P|0.130|0.130|0.130|0.000|0.00|60
06505Q|FBMKLCI-C5Q|0.210|0.215|0.210|0.000|0.00|4,040
06505R|FBMKLCI-C5R|0.045|0.045|0.040|-0.005|-11.11|5,000
06505S|FBMKLCI-C5S|0.115|0.110|0.110|-0.005|-4.35|2,500
06505T|FBMKLCI-C5T|0.190|0.000|0.000|0.000|0.00|0
06505U|FBMKLCI-C5U|0.150|0.000|0.000|0.000|0.00|0
06505V|FBMKLCI-C5V|0.050|0.045|0.055|+0.005|+10.00|5,500
06505W|FBMKLCI-C5W|0.030|0.030|0.030|0.000|0.00|120
0820EA|FBMKLCI-EA|1.770|1.770|1.770|0.000|0.00|26
06506F|FBMKLCI-H6F|0.020|0.000|0.000|0.000|0.00|0
06506K|FBMKLCI-H6K|0.230|0.000|0.000|0.000|0.00|0
06506L|FBMKLCI-H6L|0.145|0.150|0.145|0.000|0.00|11,730
06506M|FBMKLCI-H6M|0.220|0.000|0.000|0.000|0.00|0
06506N|FBMKLCI-H6N|0.225|0.000|0.000|0.000|0.00|0
06506O|FBMKLCI-H6O|0.380|0.370|0.370|-0.010|-2.63|7,000
06506P|FBMKLCI-H6P|0.065|0.060|0.070|+0.005|+7.69|10,257
06506Q|FBMKLCI-H6Q|0.120|0.115|0.115|-0.005|-4.17|400
06506R|FBMKLCI-H6R|0.240|0.000|0.000|0.000|0.00|0
06506S|FBMKLCI-H6S|0.325|0.000|0.000|0.000|0.00|0
06506T|FBMKLCI-H6T|0.120|0.120|0.120|0.000|0.00|100
06506U|FBMKLCI-H6U|0.255|0.000|0.000|0.000|0.00|0
06506V|FBMKLCI-H6V|0.290|0.285|0.285|-0.005|-1.72|70
06506W|FBMKLCI-H6W|0.165|0.165|0.165|0.000|0.00|250
06506X|FBMKLCI-H6X|0.135|0.135|0.135|0.000|0.00|26
06506Y|FBMKLCI-H6Y|0.150|0.000|0.000|0.000|0.00|0
2755|FCW|0.715|0.000|0.000|0.000|0.00|0
5222|FGV|1.160|1.170|1.150|-0.010|-0.86|98,208
522255|FGV-C55|0.005|0.005|0.005|0.000|0.00|3,400
522256|FGV-C56|0.005|0.000|0.000|0.000|0.00|0
522257|FGV-C57|0.005|0.000|0.000|0.000|0.00|0
522258|FGV-C58|0.010|0.005|0.010|0.000|0.00|4,270
522259|FGV-C59|0.035|0.000|0.000|0.000|0.00|0
522260|FGV-C60|0.005|0.000|0.000|0.000|0.00|0
522261|FGV-C61|0.025|0.000|0.000|0.000|0.00|0
522262|FGV-C62|0.090|0.085|0.085|-0.005|-5.56|1,600
522263|FGV-C63|0.175|0.175|0.165|-0.010|-5.71|15,633
522264|FGV-C64|0.250|0.000|0.000|0.000|0.00|0
522265|FGV-C65|0.180|0.170|0.170|-0.010|-5.56|4,835
522266|FGV-C66|0.320|0.000|0.000|0.000|0.00|0
522267|FGV-C67|0.405|0.405|0.400|-0.005|-1.23|518
522268|FGV-C68|0.150|0.000|0.000|0.000|0.00|0
522269|FGV-C69|0.125|0.110|0.110|-0.015|-12.00|9,760
522270|FGV-C70|0.105|0.100|0.100|-0.005|-4.76|10,428
522271|FGV-C71|0.045|0.045|0.045|0.000|0.00|1,090
522272|FGV-C72|0.040|0.040|0.040|0.000|0.00|1,590
522273|FGV-C73|0.085|0.080|0.080|-0.005|-5.88|130,341
6939|FIAMMA|0.470|0.470|0.470|0.000|0.00|200
0149|FIBON|0.410|0.410|0.410|0.000|0.00|609
8605|FIHB|0.500|0.475|0.500|0.000|0.00|2,410
8605PA|FIHB-PA|0.085|0.000|0.000|0.000|0.00|0
8605PB|FIHB-PB|0.080|0.000|0.000|0.000|0.00|0
3107|FIMACOR|1.920|1.920|1.920|0.000|0.00|492
0150|FINTEC|0.050|0.050|0.050|0.000|0.00|15,666
0150PA|FINTEC-PA|0.025|0.000|0.000|0.000|0.00|0
0150WA|FINTEC-WA|0.010|0.000|0.000|0.000|0.00|0
0150WB|FINTEC-WB|0.020|0.000|0.000|0.000|0.00|0
9318|FITTERS|0.470|0.470|0.475|+0.005|+1.06|40,963
9318WB|FITTERS-WB|0.020|0.020|0.020|0.000|0.00|20,479
5197|FLBHD|1.640|1.640|1.650|+0.010|+0.61|1,711
0116|FOCUS|0.135|0.140|0.140|+0.005|+3.70|11,600
0116WC|FOCUS-WC|0.085|0.000|0.000|0.000|0.00|0
0157|FOCUSP|0.345|0.325|0.330|-0.015|-4.35|594
5277|FPGROUP|0.295|0.295|0.295|0.000|0.00|20,198
9172|FPI|1.800|1.800|1.810|+0.010|+0.56|1,983
7210|FREIGHT|0.600|0.600|0.595|-0.005|-0.83|2,883
0128|FRONTKN|0.945|0.945|0.950|+0.005|+0.53|71,719
9377|FSBM|0.095|0.000|0.000|0.000|0.00|0
9377WA|FSBM-WA|0.025|0.000|0.000|0.000|0.00|0
7184|G3|0.710|0.000|0.000|0.000|0.00|0
7184WA|G3-WA|0.700|0.000|0.000|0.000|0.00|0
9261|GADANG|0.640|0.645|0.645|+0.005|+0.78|17,685
9261WB|GADANG-WB|0.195|0.195|0.200|+0.005|+2.56|10,782
5398|GAMUDA|2.840|2.840|2.840|0.000|0.00|22,161
539851|GAMUDA-C51|0.005|0.000|0.000|0.000|0.00|0
539853|GAMUDA-C53|0.005|0.000|0.000|0.000|0.00|0
539856|GAMUDA-C56|0.030|0.000|0.000|0.000|0.00|0
539857|GAMUDA-C57|0.030|0.030|0.030|0.000|0.00|500
539858|GAMUDA-C58|0.060|0.000|0.000|0.000|0.00|0
539859|GAMUDA-C59|0.155|0.160|0.155|0.000|0.00|4
539860|GAMUDA-C60|0.105|0.000|0.000|0.000|0.00|0
539861|GAMUDA-C61|0.065|0.065|0.065|0.000|0.00|4,900
539862|GAMUDA-C62|0.090|0.085|0.085|-0.005|-5.56|207
539863|GAMUDA-C63|0.090|0.090|0.090|0.000|0.00|8,000
539864|GAMUDA-C64|0.085|0.000|0.000|0.000|0.00|0
5398WE|GAMUDA-WE|0.210|0.215|0.210|0.000|0.00|5,488
5209|GASMSIA|2.880|2.880|2.860|-0.020|-0.69|355
5226|GBGAQRS|1.240|1.240|1.260|+0.020|+1.61|36,480
5226WB|GBGAQRS-WB|0.315|0.315|0.340|+0.025|+7.94|167,224
5102|GCB|3.630|3.650|3.620|-0.010|-0.28|1,854
5102CA|GCB-CA|0.270|0.000|0.000|0.000|0.00|0
5102CB|GCB-CB|0.170|0.000|0.000|0.000|0.00|0
5102CC|GCB-CC|0.135|0.000|0.000|0.000|0.00|0
5102CD|GCB-CD|0.110|0.100|0.100|-0.010|-9.09|200
5102CE|GCB-CE|0.145|0.000|0.000|0.000|0.00|0
5592|GCE|0.470|0.470|0.470|0.000|0.00|40
0198|GDB|0.275|0.270|0.275|0.000|0.00|26,041
0078|GDEX|0.345|0.345|0.345|0.000|0.00|30,790
0078WB|GDEX-WB|0.055|0.060|0.060|+0.005|+9.09|44,326
0580C1|GEELY-C1|0.065|0.000|0.000|0.000|0.00|0
0104|GENETEC|1.660|1.680|1.690|+0.030|+1.81|130
4715|GENM|3.320|3.330|3.270|-0.050|-1.51|81,086
471538|GENM-C38|0.005|0.000|0.000|0.000|0.00|0
471540|GENM-C40|0.150|0.000|0.000|0.000|0.00|0
471541|GENM-C41|0.005|0.000|0.000|0.000|0.00|0
471542|GENM-C42|0.030|0.030|0.030|0.000|0.00|100
471543|GENM-C43|0.035|0.030|0.030|-0.005|-14.29|400
471544|GENM-C44|0.075|0.000|0.000|0.000|0.00|0
471545|GENM-C45|0.140|0.000|0.000|0.000|0.00|0
471546|GENM-C46|0.100|0.095|0.090|-0.010|-10.00|11,020
471547|GENM-C47|0.125|0.115|0.115|-0.010|-8.00|9,000
471548|GENM-C48|0.130|0.000|0.000|0.000|0.00|0
471549|GENM-C49|0.185|0.175|0.175|-0.010|-5.41|3,400
471550|GENM-C50|0.160|0.160|0.150|-0.010|-6.25|630
471551|GENM-C51|0.115|0.105|0.105|-0.010|-8.70|45
471552|GENM-C52|0.215|0.000|0.000|0.000|0.00|0
471553|GENM-C53|0.115|0.105|0.105|-0.010|-8.70|200
471554|GENM-C54|0.080|0.075|0.075|-0.005|-6.25|1,000
471555|GENM-C55|0.060|0.055|0.055|-0.005|-8.33|6,400
2291|GENP|10.600|10.540|10.500|-0.100|-0.94|899
2291WA|GENP-WA|2.410|2.440|2.580|+0.170|+7.05|172
3182|GENTING|6.860|6.860|6.780|-0.080|-1.17|20,531
318251|GENTINGC51|0.005|0.000|0.000|0.000|0.00|0
318255|GENTINGC55|0.050|0.000|0.000|0.000|0.00|0
318256|GENTINGC56|0.030|0.000|0.000|0.000|0.00|0
318257|GENTINGC57|0.075|0.075|0.070|-0.005|-6.67|11,750
318258|GENTINGC58|0.060|0.055|0.055|-0.005|-8.33|1,300
318259|GENTINGC59|0.085|0.000|0.000|0.000|0.00|0
318260|GENTINGC60|0.110|0.000|0.000|0.000|0.00|0
318261|GENTINGC61|0.100|0.095|0.095|-0.005|-5.00|300
318262|GENTINGC62|0.125|0.125|0.125|0.000|0.00|150
318263|GENTINGC63|0.120|0.000|0.000|0.000|0.00|0
318264|GENTINGC64|0.070|0.065|0.065|-0.005|-7.14|1,000
7197|GESHEN|0.610|0.000|0.000|0.000|0.00|0
5079|GETS|0.120|0.120|0.120|0.000|0.00|770
0039|GFM|0.485|0.490|0.490|+0.005|+1.03|8,135
0039WC|GFM-WC|0.195|0.195|0.190|-0.005|-2.56|13,338
0021|GHLSYS|1.640|1.630|1.670|+0.030|+1.83|2,395
0021CA|GHLSYS-CA|0.110|0.000|0.000|0.000|0.00|0
3204|GKENT|1.090|1.090|1.140|+0.050|+4.59|110,598
7382|GLBHD|0.370|0.400|0.400|+0.030|+8.11|1
5020|GLOMAC|0.365|0.365|0.365|0.000|0.00|300
5220|GLOTEC|0.460|0.460|0.465|+0.005|+1.09|1,346
5220WA|GLOTEC-WA|0.070|0.065|0.065|-0.005|-7.14|44
9962|GMUTUAL|0.275|0.000|0.000|0.000|0.00|0
0045|GNB|0.050|0.000|0.000|0.000|0.00|0
1147|GOB|0.185|0.185|0.185|0.000|0.00|414
1147WA|GOB-WA|0.005|0.000|0.000|0.000|0.00|0
0074|GOCEAN|0.120|0.000|0.000|0.000|0.00|0
0074WA|GOCEAN-WA|0.005|0.000|0.000|0.000|0.00|0
0828EA|GOLDETF|1.765|0.000|0.000|0.000|0.00|0
7192|GOODWAY|0.205|0.205|0.205|0.000|0.00|695
2135|GOPENG|0.690|0.000|0.000|0.000|0.00|0
7096|GPA|0.100|0.100|0.100|0.000|0.00|1,045
7096WA|GPA-WA|0.030|0.030|0.030|0.000|0.00|8,650
0082|GPACKET|0.310|0.310|0.310|0.000|0.00|2,222
0082WB|GPACKET-WB|0.080|0.075|0.075|-0.005|-6.25|2,650
5649|GPHAROS|0.220|0.215|0.230|+0.010|+4.55|1,490
0056|GRANFLO|0.200|0.200|0.200|0.000|0.00|100
0136|GREENYB|0.145|0.145|0.145|0.000|0.00|975
7077|GSB|0.190|0.180|0.185|-0.005|-2.63|671
7022|GTRONIC|1.670|1.670|1.740|+0.070|+4.19|10,793
7022CR|GTRONIC-CR|0.005|0.000|0.000|0.000|0.00|0
7022CS|GTRONIC-CS|0.005|0.000|0.000|0.000|0.00|0
7022CT|GTRONIC-CT|0.005|0.000|0.000|0.000|0.00|0
7022CU|GTRONIC-CU|0.030|0.000|0.000|0.000|0.00|0
7022CV|GTRONIC-CV|0.065|0.000|0.000|0.000|0.00|0
7022CW|GTRONIC-CW|0.040|0.000|0.000|0.000|0.00|0
3247|GUH|0.470|0.470|0.470|0.000|0.00|41
7676|GUNUNG|0.290|0.000|0.000|0.000|0.00|0
7676WB|GUNUNG-WB|0.050|0.000|0.000|0.000|0.00|0
1503|GUOCO|0.780|0.755|0.745|-0.035|-4.49|598
7668|HAIO|2.700|2.680|2.580|-0.120|-4.44|5,863
7668CG|HAIO-CG|0.075|0.000|0.000|0.000|0.00|0
5151|HALEX|0.865|0.865|0.865|0.000|0.00|30
7253|HANDAL|0.360|0.360|0.360|0.000|0.00|688
3034|HAPSENG|9.800|9.800|9.800|0.000|0.00|2,524
3034CX|HAPSENG-CX|0.030|0.000|0.000|0.000|0.00|0
2062|HARBOUR|0.695|0.680|0.695|0.000|0.00|10
2062WC|HARBOUR-WC|0.085|0.000|0.000|0.000|0.00|0
5008|HARISON|3.800|3.800|3.800|0.000|0.00|180
7501|HARNLEN|0.700|0.700|0.680|-0.020|-2.86|300
5168|HARTA|4.570|4.580|4.550|-0.020|-0.44|29,824
516811|HARTA-C11|0.005|0.000|0.000|0.000|0.00|0
516815|HARTA-C15|0.020|0.000|0.000|0.000|0.00|0
516816|HARTA-C16|0.010|0.000|0.000|0.000|0.00|0
516817|HARTA-C17|0.005|0.000|0.000|0.000|0.00|0
516818|HARTA-C18|0.005|0.000|0.000|0.000|0.00|0
516819|HARTA-C19|0.055|0.000|0.000|0.000|0.00|0
516820|HARTA-C20|0.050|0.000|0.000|0.000|0.00|0
516821|HARTA-C21|0.055|0.055|0.055|0.000|0.00|1,000
516822|HARTA-C22|0.050|0.050|0.045|-0.005|-10.00|2,256
5187|HBGLOB|0.115|0.115|0.115|0.000|0.00|1,308
7105|HCK|1.250|0.000|0.000|0.000|0.00|0
7105WA|HCK-WA|0.295|0.000|0.000|0.000|0.00|0
3255|HEIM|22.780|22.760|22.840|+0.060|+0.26|470
5121|HEKTAR|1.130|1.120|1.140|+0.010|+0.88|2,184
4324|HENGYUAN|5.790|5.790|5.670|-0.120|-2.07|4,032
4324C1|HENGYUAN-C1|0.005|0.000|0.000|0.000|0.00|0
4324C2|HENGYUAN-C2|0.005|0.000|0.000|0.000|0.00|0
4324C4|HENGYUAN-C4|0.030|0.000|0.000|0.000|0.00|0
4324C5|HENGYUAN-C5|0.035|0.000|0.000|0.000|0.00|0
4324C6|HENGYUAN-C6|0.055|0.000|0.000|0.000|0.00|0
4324C7|HENGYUAN-C7|0.180|0.170|0.165|-0.015|-8.33|740
4324C8|HENGYUAN-C8|0.105|0.105|0.100|-0.005|-4.76|4,272
4324C9|HENGYUAN-C9|0.150|0.000|0.000|0.000|0.00|0
4324CZ|HENGYUAN-CZ|0.010|0.000|0.000|0.000|0.00|0
5095|HEVEA|0.635|0.650|0.630|-0.005|-0.79|4,985
5095WB|HEVEA-WB|0.450|0.000|0.000|0.000|0.00|0
3298|HEXZA|0.700|0.700|0.700|0.000|0.00|313
0175|HHGROUP|0.125|0.120|0.120|-0.005|-4.00|1,000
0160|HHHCORP|0.090|0.090|0.090|0.000|0.00|380
5072|HIAPTEK|0.290|0.290|0.290|0.000|0.00|11,575
5072LA|HIAPTEK-LA|0.300|0.000|0.000|0.000|0.00|0
5072WB|HIAPTEK-WB|0.080|0.080|0.080|0.000|0.00|1,250
5199|HIBISCS|1.050|1.050|1.080|+0.030|+2.86|256,906
5199CM|HIBISCS-CM|0.085|0.090|0.090|+0.005|+5.88|7,994
5199CN|HIBISCS-CN|0.075|0.075|0.075|0.000|0.00|8,500
5199CO|HIBISCS-CO|0.080|0.000|0.000|0.000|0.00|0
5199CP|HIBISCS-CP|0.065|0.055|0.055|-0.010|-15.38|400
5199CQ|HIBISCS-CQ|0.120|0.125|0.125|+0.005|+4.17|18,435
5199CR|HIBISCS-CR|0.110|0.115|0.110|0.000|0.00|74,266
5199CS|HIBISCS-CS|0.110|0.000|0.000|0.000|0.00|0
5199CT|HIBISCS-CT|0.130|0.000|0.000|0.000|0.00|0
5199CU|HIBISCS-CU|0.090|0.090|0.090|0.000|0.00|20,487
5199CV|HIBISCS-CV|0.085|0.085|0.085|0.000|0.00|400
5199CW|HIBISCS-CW|0.080|0.090|0.090|+0.010|+12.50|4,492
5199WC|HIBISCS-WC|0.475|0.485|0.485|+0.010|+2.11|74,523
7033|HIGHTEC|1.200|0.000|0.000|0.000|0.00|0
8443|HIL|0.580|0.580|0.600|+0.020|+3.45|30,843
8443WB|HIL-WB|0.230|0.000|0.000|0.000|0.00|0
0505CF|HKEX-CF|0.425|0.000|0.000|0.000|0.00|0
5819|HLBANK|20.300|20.300|20.300|0.000|0.00|13,687
5819CN|HLBANK-CN|0.035|0.030|0.030|-0.005|-14.29|70
5819CO|HLBANK-CO|0.120|0.000|0.000|0.000|0.00|0
5274|HLCAP|9.600|0.000|0.000|0.000|0.00|0
1082|HLFG|18.920|18.960|18.960|+0.040|+0.21|1,436
3301|HLIND|9.920|9.950|9.900|-0.020|-0.20|500
0188|HLT|0.130|0.000|0.000|0.000|0.00|0
0188WA|HLT-WA|0.050|0.000|0.000|0.000|0.00|0
5169|HOHUP|0.385|0.385|0.385|0.000|0.00|2,893
5165|HOKHENG|0.650|0.650|0.640|-0.010|-1.54|600
5160|HOMERIZ|0.610|0.615|0.615|+0.005|+0.82|420
5160WA|HOMERIZ-WA|0.060|0.000|0.000|0.000|0.00|0
7010|HOOVER|0.600|0.000|0.000|0.000|0.00|0
06513U|HSI-C3U|0.015|0.000|0.000|0.000|0.00|0
06513V|HSI-C3V|0.005|0.000|0.000|0.000|0.00|0
06513W|HSI-C3W|0.190|0.000|0.000|0.000|0.00|0
06513X|HSI-C3X|0.745|0.000|0.000|0.000|0.00|0
06513Y|HSI-C3Y|0.100|0.100|0.045|-0.055|-55.00|142
06513Z|HSI-C3Z|0.110|0.115|0.105|-0.005|-4.55|75,272
06515A|HSI-C5A|0.280|0.295|0.270|-0.010|-3.57|558,062
06515B|HSI-C5B|0.560|0.595|0.560|0.000|0.00|17,036
06515C|HSI-C5C|0.140|0.150|0.140|0.000|0.00|37,097
06515D|HSI-C5D|0.245|0.265|0.245|0.000|0.00|285,980
06515E|HSI-C5E|0.505|0.545|0.500|-0.005|-0.99|123,062
06515F|HSI-C5F|0.860|0.860|0.840|-0.020|-2.33|50
06515G|HSI-C5G|0.425|0.445|0.425|0.000|0.00|92,532
06515H|HSI-C5H|0.830|0.690|0.665|-0.165|-19.88|798
06515I|HSI-C5I|1.040|1.080|1.070|+0.030|+2.88|251
06515J|HSI-C5J|0.555|0.580|0.555|0.000|0.00|145,724
06515K|HSI-C5K|0.990|0.000|0.000|0.000|0.00|0
06515L|HSI-C5L|1.410|0.000|0.000|0.000|0.00|0
06515M|HSI-C5M|1.720|0.000|0.000|0.000|0.00|0
06515N|HSI-C5N|0.220|0.230|0.220|0.000|0.00|4,000
06515O|HSI-C5O|0.360|0.370|0.360|0.000|0.00|120
06515P|HSI-C5P|0.555|0.000|0.000|0.000|0.00|0
06515Q|HSI-C5Q|0.830|0.000|0.000|0.000|0.00|0
06514V|HSI-H4V|0.005|0.000|0.000|0.000|0.00|0
06514W|HSI-H4W|0.005|0.000|0.000|0.000|0.00|0
06514X|HSI-H4X|0.005|0.000|0.000|0.000|0.00|0
06514Y|HSI-H4Y|0.005|0.000|0.000|0.000|0.00|0
06514Z|HSI-H4Z|0.005|0.005|0.005|0.000|0.00|600
06516A|HSI-H6A|0.020|0.015|0.015|-0.005|-25.00|14,489
06516B|HSI-H6B|0.040|0.030|0.030|-0.010|-25.00|300
06516C|HSI-H6C|0.090|0.075|0.090|0.000|0.00|36,778
06516D|HSI-H6D|0.050|0.000|0.000|0.000|0.00|0
06516E|HSI-H6E|0.130|0.120|0.135|+0.005|+3.85|230
06516F|HSI-H6F|0.260|0.250|0.255|-0.005|-1.92|189,800
06516G|HSI-H6G|0.480|0.445|0.470|-0.010|-2.08|118,241
06516H|HSI-H6H|0.070|0.000|0.000|0.000|0.00|0
06516I|HSI-H6I|0.130|0.000|0.000|0.000|0.00|0
06516J|HSI-H6J|0.280|0.280|0.275|-0.005|-1.79|15,766
06516K|HSI-H6K|0.070|0.065|0.065|-0.005|-7.14|100
06516L|HSI-H6L|0.125|0.010|0.120|-0.005|-4.00|1,616
06516M|HSI-H6M|0.190|0.175|0.185|-0.005|-2.63|1,640
06516N|HSI-H6N|0.315|0.290|0.320|+0.005|+1.59|580
06516O|HSI-H6O|0.225|0.000|0.000|0.000|0.00|0
06516P|HSI-H6P|0.320|0.000|0.000|0.000|0.00|0
06516Q|HSI-H6Q|0.455|0.000|0.000|0.000|0.00|0
06516R|HSI-H6R|0.630|0.000|0.000|0.000|0.00|0
6238|HSL|1.450|1.450|1.430|-0.020|-1.38|50
5138|HSPLANT|1.700|1.700|1.700|0.000|0.00|30
0185|HSSEB|1.170|1.190|1.180|+0.010|+0.85|1,823
0185WA|HSSEB-WA|0.220|0.215|0.210|-0.010|-4.55|597
5028|HTPADU|0.730|0.730|0.750|+0.020|+2.74|6,180
2739|HUAAN|0.255|0.255|0.250|-0.005|-1.96|222,536
5062|HUAYANG|0.390|0.380|0.385|-0.005|-1.28|3,630
7013|HUBLINE|0.055|0.055|0.060|+0.005|+9.09|470
7013WA|HUBLINE-WA|0.005|0.000|0.000|0.000|0.00|0
7013WB|HUBLINE-WB|0.010|0.005|0.005|-0.005|-50.00|1,715
7013WC|HUBLINE-WC|0.020|0.015|0.020|0.000|0.00|32
5000|HUMEIND|0.710|0.720|0.715|+0.005|+0.70|2,115
5024|HUPSENG|0.995|0.995|0.995|0.000|0.00|298
8478|HWATAI|0.305|0.000|0.000|0.000|0.00|0
9601|HWGB|0.100|0.095|0.095|-0.005|-5.00|2,475
9601WD|HWGB-WD|0.030|0.000|0.000|0.000|0.00|0
4251|IBHD|0.430|0.430|0.430|0.000|0.00|510
4251LB|IBHD-LB|0.320|0.000|0.000|0.000|0.00|0
4251WA|IBHD-WA|0.015|0.000|0.000|0.000|0.00|0
5084|IBRACO|0.690|0.690|0.670|-0.020|-2.90|981
5108|ICAP|2.400|2.390|2.400|0.000|0.00|254
0502CF|ICBC-CF|0.100|0.000|0.000|0.000|0.00|0
5255|ICON|0.090|0.090|0.085|-0.005|-5.56|24,816
9687|IDEAL|1.120|1.140|1.140|+0.020|+1.79|170
9687WB|IDEAL-WB|0.360|0.365|0.375|+0.015|+4.17|819
0174|IDMENSN|0.025|0.000|0.000|0.000|0.00|0
0174WA|IDMENSN-WA|0.005|0.000|0.000|0.000|0.00|0
0023|IFCAMSC|0.415|0.415|0.420|+0.005|+1.20|84,024
5606|IGBB|2.520|2.540|2.540|+0.020|+0.79|2,005
5606PA|IGBB-PA|1.110|0.000|0.000|0.000|0.00|0
5606PB|IGBB-PB|3.200|0.000|0.000|0.000|0.00|0
5227|IGBREIT|1.820|1.810|1.860|+0.040|+2.20|21,202
5225|IHH|5.790|5.720|5.800|+0.010|+0.17|53,617
522510|IHH-C10|0.120|0.125|0.120|0.000|0.00|1,518
5225C7|IHH-C7|0.035|0.000|0.000|0.000|0.00|0
5225C8|IHH-C8|0.105|0.000|0.000|0.000|0.00|0
5225C9|IHH-C9|0.095|0.000|0.000|0.000|0.00|0
0401GA|IHS046000824|97.500|0.000|0.000|0.000|0.00|0
3336|IJM|2.130|2.130|2.210|+0.080|+3.76|47,319
333620|IJM-C20|0.075|0.085|0.085|+0.010|+13.33|700
333621|IJM-C21|0.110|0.105|0.125|+0.015|+13.64|12
333624|IJM-C24|0.165|0.170|0.185|+0.020|+12.12|300
333625|IJM-C25|0.190|0.195|0.210|+0.020|+10.53|5,194
2216|IJMPLNT|1.590|1.590|1.570|-0.020|-1.26|841
5268|IKHMAS|0.155|0.160|0.160|+0.005|+3.23|86,402
5614|ILB|0.395|0.000|0.000|0.000|0.00|0
7222|IMASPRO|2.090|2.040|1.970|-0.120|-5.74|4,526
0166|INARI|1.560|1.570|1.610|+0.050|+3.21|52,239
016621|INARI-C21|0.005|0.000|0.000|0.000|0.00|0
016622|INARI-C22|0.005|0.000|0.000|0.000|0.00|0
016623|INARI-C23|0.005|0.000|0.000|0.000|0.00|0
016624|INARI-C24|0.005|0.000|0.000|0.000|0.00|0
016625|INARI-C25|0.005|0.000|0.000|0.000|0.00|0
016626|INARI-C26|0.035|0.000|0.000|0.000|0.00|0
016627|INARI-C27|0.040|0.000|0.000|0.000|0.00|0
016628|INARI-C28|0.035|0.035|0.035|0.000|0.00|2,927
016629|INARI-C29|0.065|0.070|0.070|+0.005|+7.69|4,000
016630|INARI-C30|0.060|0.000|0.000|0.000|0.00|0
016631|INARI-C31|0.125|0.125|0.130|+0.005|+4.00|6,500
016632|INARI-C32|0.125|0.125|0.130|+0.005|+4.00|42,000
016633|INARI-C33|0.270|0.000|0.000|0.000|0.00|0
016634|INARI-C34|0.080|0.085|0.085|+0.005|+6.25|11,992
016635|INARI-C35|0.070|0.065|0.070|0.000|0.00|16,000
016636|INARI-C36|0.085|0.085|0.085|0.000|0.00|200
016637|INARI-C37|0.105|0.110|0.105|0.000|0.00|4
016638|INARI-C38|0.100|0.100|0.100|0.000|0.00|9,000
0166WB|INARI-WB|1.020|1.010|1.060|+0.040|+3.92|1,141
2607|INCKEN|0.620|0.625|0.630|+0.010|+1.61|230
0094|INIX|0.055|0.055|0.050|-0.005|-9.09|2,326
0094WA|INIX-WA|0.025|0.020|0.025|0.000|0.00|4,668
0147|INNITY|0.575|0.000|0.000|0.000|0.00|0
6262|INNO|0.795|0.000|0.000|0.000|0.00|0
3379|INSAS|0.765|0.755|0.755|-0.010|-1.31|1,236
3379PA|INSAS-PA|0.985|0.985|0.985|0.000|0.00|50
3379WB|INSAS-WB|0.070|0.065|0.065|-0.005|-7.14|21
0192|INTA|0.280|0.280|0.275|-0.005|-1.79|1,506
1961|IOICORP|4.490|4.460|4.490|0.000|0.00|4,810
196119|IOICORP-C19|0.040|0.000|0.000|0.000|0.00|0
196120|IOICORP-C20|0.085|0.000|0.000|0.000|0.00|0
5249|IOIPG|1.360|1.360|1.310|-0.050|-3.68|58,883
5249CV|IOIPG-CV|0.130|0.000|0.000|0.000|0.00|0
5673|IPMUDA|0.500|0.000|0.000|0.000|0.00|0
5107|IQGROUP|1.110|0.000|0.000|0.000|0.00|0
8834|IREKA|0.560|0.000|0.000|0.000|0.00|0
8834WB|IREKA-WB|0.005|0.005|0.005|0.000|0.00|378
7183|IRETEX|0.150|0.155|0.160|+0.010|+6.67|2,454
7183LA|IRETEX-LA|0.020|0.015|0.020|0.000|0.00|896
7183WA|IRETEX-WA|0.005|0.000|0.000|0.000|0.00|0
0010|IRIS|0.145|0.150|0.150|+0.005|+3.45|297,529
9393|ITRONIC|0.100|0.105|0.105|+0.005|+5.00|1,000
5175|IVORY|0.205|0.200|0.200|-0.005|-2.44|3,000
1589|IWCITY|0.695|0.700|0.695|0.000|0.00|65,494
7223|JADI|0.035|0.035|0.035|0.000|0.00|999
0024|JAG|0.050|0.050|0.050|0.000|0.00|68,715
0024WA|JAG-WA|0.005|0.000|0.000|0.000|0.00|0
0024WB|JAG-WB|0.010|0.010|0.005|-0.005|-50.00|5,351
4723|JAKS|0.760|0.760|0.765|+0.005|+0.66|30,450
4723WB|JAKS-WB|0.495|0.500|0.510|+0.015|+3.03|1,852
8648|JASKITA|0.115|0.115|0.120|+0.005|+4.35|829
7152|JAYCORP|0.955|0.965|0.955|0.000|0.00|866
0058|JCBNEXT|1.540|0.000|0.000|0.000|0.00|0
5161|JCY|0.195|0.195|0.200|+0.005|+2.56|14,364
8931|JERASIA|0.390|0.380|0.375|-0.015|-3.85|10
9083|JETSON|0.185|0.170|0.170|-0.015|-8.11|49
0146|JFTECH|0.915|0.915|0.905|-0.010|-1.09|965
0127|JHM|1.260|1.270|1.290|+0.030|+2.38|54,851
8923|JIANKUN|0.310|0.310|0.325|+0.015|+4.84|55
8923WA|JIANKUN-WA|0.075|0.000|0.000|0.000|0.00|0
6769|JKGLAND|0.075|0.075|0.075|0.000|0.00|2,500
03003|JMEDU|0.535|0.000|0.000|0.000|0.00|0
7043|JMR|0.950|1.000|1.030|+0.080|+8.42|1,390
3441|JOHAN|0.080|0.085|0.085|+0.005|+6.25|828
7167|JOHOTIN|1.350|1.350|1.390|+0.040|+2.96|6,953
4383|JTIASA|0.525|0.525|0.535|+0.010|+1.90|634
0111|K1|0.230|0.230|0.225|-0.005|-2.17|27,998
0111WC|K1-WC|0.100|0.100|0.100|0.000|0.00|1,215
0193|KAB|0.205|0.205|0.200|-0.005|-2.44|1,150
8672|KAMDAR|0.290|0.000|0.000|0.000|0.00|0
0170|KANGER|0.045|0.040|0.045|0.000|0.00|30
0170WA|KANGER-WA|0.020|0.000|0.000|0.000|0.00|0
5247|KAREX|0.430|0.435|0.430|0.000|0.00|24,224
0054|KARYON|0.135|0.135|0.130|-0.005|-3.70|650
7216|KAWAN|1.670|1.680|1.720|+0.050|+2.99|79
3115|KBUNAI|0.085|0.085|0.085|0.000|0.00|5,230
3115WC|KBUNAI-WC|0.020|0.015|0.015|-0.005|-25.00|1,250
7199|KEINHIN|0.625|0.000|0.000|0.000|0.00|0
7323|KEN|0.680|0.640|0.680|0.000|0.00|300
6483|KENANGA|0.505|0.520|0.520|+0.015|+2.97|311
7161|KERJAYA|1.240|1.240|1.240|0.000|0.00|3,313
7161CJ|KERJAYA-CJ|0.020|0.000|0.000|0.000|0.00|0
7161CK|KERJAYA-CK|0.065|0.000|0.000|0.000|0.00|0
7161WB|KERJAYA-WB|0.190|0.185|0.180|-0.010|-5.26|8,935
9334|KESM|8.590|8.590|8.600|+0.010|+0.12|35
0143|KEYASIC|0.105|0.110|0.105|0.000|0.00|47,142
6491|KFIMA|1.650|1.660|1.650|0.000|0.00|215
8303|KFM|0.170|0.000|0.000|0.000|0.00|0
0151|KGB|1.250|1.250|1.250|0.000|0.00|2,208
0151WA|KGB-WA|0.740|0.740|0.740|0.000|0.00|625
0036|KGROUP|0.040|0.040|0.040|0.000|0.00|1,162
0036WB|KGROUP-WB|0.005|0.005|0.005|0.000|0.00|19,000
6203|KHEESAN|0.635|0.620|0.610|-0.025|-3.94|1,260
7062|KHIND|1.700|1.730|1.730|+0.030|+1.76|8
6211|KIALIM|0.220|0.000|0.000|0.000|0.00|0
3522|KIANJOO|3.100|3.100|3.100|0.000|0.00|8,050
5371|KIMHIN|1.190|1.140|1.140|-0.050|-4.20|146
5171|KIMLUN|1.210|1.210|1.210|0.000|0.00|1,526
5171WA|KIMLUN-WA|0.340|0.000|0.000|0.000|0.00|0
5060|KINSTEL|0.005|0.000|0.000|0.000|0.00|0
5280|KIPREIT|0.870|0.870|0.870|0.000|0.00|430
9466|KKB|1.210|1.210|1.230|+0.020|+1.65|3,130
5235SS|KLCC|7.750|7.820|7.770|+0.020|+0.26|6,905
2445|KLK|24.360|24.220|24.580|+0.220|+0.90|473
2445C2|KLK-C2|0.125|0.000|0.000|0.000|0.00|0
2453|KLUANG|3.300|0.000|0.000|0.000|0.00|0
5027|KMLOONG|1.250|1.250|1.260|+0.010|+0.80|1,783
5027WB|KMLOONG-WB|0.255|0.255|0.255|0.000|0.00|307
7164|KNM|0.120|0.120|0.120|0.000|0.00|62,184
7164WB|KNM-WB|0.015|0.015|0.015|0.000|0.00|1,500
5035|KNUSFOR|0.430|0.000|0.000|0.000|0.00|0
6971|KOBAY|1.450|0.000|0.000|0.000|0.00|0
7017|KOMARK|0.275|0.280|0.280|+0.005|+1.82|77,342
7017WB|KOMARK-WB|0.040|0.045|0.040|0.000|0.00|69,915
7153|KOSSAN|3.480|3.500|3.460|-0.020|-0.57|8,274
7153C1|KOSSAN-C1|0.150|0.000|0.000|0.000|0.00|0
7153CY|KOSSAN-CY|0.005|0.000|0.000|0.000|0.00|0
7153CZ|KOSSAN-CZ|0.150|0.000|0.000|0.000|0.00|0
0002|KOTRA|1.700|1.700|1.700|0.000|0.00|30
5878|KPJ|1.010|1.010|0.995|-0.015|-1.49|41,317
5878CR|KPJ-CR|0.020|0.000|0.000|0.000|0.00|0
5878CS|KPJ-CS|0.030|0.000|0.000|0.000|0.00|0
7130|KPOWER|0.305|0.325|0.325|+0.020|+6.56|50
5843|KPS|1.390|1.400|1.400|+0.010|+0.72|1,205
9121|KPSCB|0.515|0.515|0.515|0.000|0.00|100
1996|KRETAM|0.405|0.400|0.400|-0.005|-1.23|126
0176|KRONO|0.580|0.585|0.585|+0.005|+0.86|16,899
3476|KSENG|4.700|4.740|4.740|+0.040|+0.85|185
5038|KSL|0.910|0.910|0.910|0.000|0.00|321
5192|KSSC|0.505|0.500|0.510|+0.005|+0.99|11,387
5172|KSTAR|0.080|0.075|0.075|-0.005|-6.25|2
5172WA|KSTAR-WA|0.005|0.005|0.005|0.000|0.00|1,400
4847|KTB|0.065|0.070|0.070|+0.005|+7.69|1,969
0180|KTC|0.180|0.180|0.180|0.000|0.00|100
6874|KUB|0.390|0.390|0.385|-0.005|-1.28|14,125
2186|KUCHAI|1.570|1.580|1.570|0.000|0.00|118
6572|KWANTAS|0.800|0.000|0.000|0.000|0.00|0
8362|KYM|0.320|0.000|0.000|0.000|0.00|0
3174|L&G|0.155|0.155|0.150|-0.005|-3.23|7,599
3794|LAFMSIA|2.200|2.230|2.280|+0.080|+3.64|6,153
3794CE|LAFMSIA-CE|0.150|0.060|0.060|-0.090|-60.00|1,000
0018|LAMBO|0.150|0.155|0.155|+0.005|+3.33|60,260
1643|LANDMRK|0.465|0.465|0.465|0.000|0.00|1,001
7006|LATITUD|3.940|0.000|0.000|0.000|0.00|0
9385|LAYHONG|0.425|0.425|0.425|0.000|0.00|10,826
9385WA|LAYHONG-WA|0.190|0.190|0.190|0.000|0.00|9,903
9326|LBALUM|0.485|0.000|0.000|0.000|0.00|0
8494|LBICAP|0.870|0.880|0.920|+0.050|+5.75|1,451
5789|LBS|0.635|0.640|0.645|+0.010|+1.57|2,858
5789PA|LBS-PA|0.850|0.000|0.000|0.000|0.00|0
5789WB|LBS-WB|0.235|0.000|0.000|0.000|0.00|0
5284|LCTITAN|4.220|4.230|4.200|-0.020|-0.47|17,026
9628|LEBTECH|0.830|0.000|0.000|0.000|0.00|0
8079|LEESK|0.900|0.880|0.900|0.000|0.00|158
5232|LEONFB|0.490|0.495|0.500|+0.010|+2.04|277
8745|LEWEKO|0.140|0.000|0.000|0.000|0.00|0
8745WB|LEWEKO-WB|0.055|0.000|0.000|0.000|0.00|0
7170|LFECORP|0.110|0.000|0.000|0.000|0.00|0
3573|LIENHOE|0.285|0.000|0.000|0.000|0.00|0
7089|LIIHEN|2.680|2.690|2.660|-0.020|-0.75|836
8486|LIONFIB|0.425|0.000|0.000|0.000|0.00|0
4235|LIONIND|0.515|0.515|0.525|+0.010|+1.94|23,818
6645|LITRAK|4.350|4.300|4.300|-0.050|-1.15|5,638
0182|LKL|0.110|0.110|0.115|+0.005|+4.55|5,090
7126|LONBISC|0.380|0.375|0.400|+0.020|+5.26|50,829
7126WA|LONBISC-WA|0.030|0.030|0.040|+0.010|+33.33|4,612
8621|LPI|16.000|16.020|16.000|0.000|0.00|1,924
9881|LSTEEL|0.290|0.000|0.000|0.000|0.00|0
7085|LTKM|1.200|1.150|1.180|-0.020|-1.67|214
5068|LUSTER|0.080|0.080|0.080|0.000|0.00|93,845
5068WA|LUSTER-WA|0.035|0.030|0.025|-0.010|-28.57|7,409
5068WB|LUSTER-WB|0.035|0.030|0.035|0.000|0.00|18,870
5143|LUXCHEM|0.530|0.530|0.525|-0.005|-0.94|470
0075|LYC|0.325|0.315|0.325|0.000|0.00|820
9199|LYSAGHT|2.670|0.000|0.000|0.000|0.00|0
5078|M&G|0.090|0.090|0.090|0.000|0.00|300
0017|M3TECH|0.050|0.045|0.045|-0.005|-10.00|5,126
0017WA|M3TECH-WA|0.005|0.005|0.005|0.000|0.00|200
1198|MAA|1.020|1.030|1.020|0.000|0.00|15,762
7617|MAGNA|0.930|0.000|0.000|0.000|0.00|0
7617WB|MAGNA-WB|0.190|0.000|0.000|0.000|0.00|0
7087|MAGNI|4.740|4.730|4.700|-0.040|-0.84|986
3859|MAGNUM|2.370|2.370|2.360|-0.010|-0.42|3,905
8583|MAHSING|0.920|0.920|0.915|-0.005|-0.54|2,706
858317|MAHSING-C17|0.040|0.000|0.000|0.000|0.00|0
858318|MAHSING-C18|0.030|0.000|0.000|0.000|0.00|0
858319|MAHSING-C19|0.020|0.000|0.000|0.000|0.00|0
8583WC|MAHSING-WC|0.015|0.000|0.000|0.000|0.00|0
5264|MALAKOF|0.910|0.910|0.910|0.000|0.00|7,780
526412|MALAKOFC12|0.005|0.000|0.000|0.000|0.00|0
526413|MALAKOFC13|0.005|0.000|0.000|0.000|0.00|0
526415|MALAKOFC15|0.020|0.025|0.020|0.000|0.00|2,100
526416|MALAKOFC16|0.005|0.005|0.005|0.000|0.00|2,910
526417|MALAKOFC17|0.090|0.000|0.000|0.000|0.00|0
526418|MALAKOFC18|0.055|0.055|0.055|0.000|0.00|8,000
526419|MALAKOFC19|0.115|0.000|0.000|0.000|0.00|0
526420|MALAKOFC20|0.085|0.000|0.000|0.000|0.00|0
526421|MALAKOFC21|0.080|0.000|0.000|0.000|0.00|0
526422|MALAKOFC22|0.045|0.000|0.000|0.000|0.00|0
4936|MALPAC|0.850|0.000|0.000|0.000|0.00|0
6181|MALTON|0.490|0.490|0.495|+0.005|+1.02|9,996
1058|MANULFE|2.470|0.000|0.000|0.000|0.00|0
3514|MARCO|0.125|0.125|0.125|0.000|0.00|315
5098|MASTEEL|0.460|0.460|0.465|+0.005|+1.09|7,825
7029|MASTER|0.835|0.835|0.830|-0.005|-0.60|7,403
0189|MATANG|0.070|0.070|0.070|0.000|0.00|800
5236|MATRIX|1.900|1.930|1.890|-0.010|-0.53|2,527
5236WA|MATRIX-WA|0.140|0.125|0.130|-0.010|-7.14|2,595
6012|MAXIS|5.380|5.380|5.410|+0.030|+0.56|8,101
601210|MAXIS-C10|0.060|0.065|0.055|-0.005|-8.33|1,508
6012C8|MAXIS-C8|0.065|0.000|0.000|0.000|0.00|0
6012C9|MAXIS-C9|0.050|0.000|0.000|0.000|0.00|0
5189|MAXWELL|0.010|0.000|0.000|0.000|0.00|0
5189WA|MAXWELL-WA|0.005|0.000|0.000|0.000|0.00|0
1155|MAYBANK|9.230|9.230|9.250|+0.020|+0.22|135,495
115543|MAYBANKC43|0.045|0.040|0.040|-0.005|-11.11|50
115544|MAYBANKC44|0.005|0.000|0.000|0.000|0.00|0
115546|MAYBANKC46|0.005|0.000|0.000|0.000|0.00|0
115547|MAYBANKC47|0.035|0.000|0.000|0.000|0.00|0
115548|MAYBANKC48|0.030|0.000|0.000|0.000|0.00|0
115549|MAYBANKC49|0.095|0.000|0.000|0.000|0.00|0
115550|MAYBANKC50|0.075|0.000|0.000|0.000|0.00|0
115551|MAYBANKC51|0.075|0.000|0.000|0.000|0.00|0
115552|MAYBANKC52|0.035|0.040|0.035|0.000|0.00|850
115553|MAYBANKC53|0.150|0.000|0.000|0.000|0.00|0
5077|MAYBULK|0.545|0.545|0.540|-0.005|-0.92|3,639
5886|MBG|0.800|0.000|0.000|0.000|0.00|0
5152|MBL|1.240|1.210|1.270|+0.030|+2.42|3,620
5152WA|MBL-WA|0.440|0.390|0.440|0.000|0.00|632
5983|MBMR|2.700|2.690|2.700|0.000|0.00|6,369
1171|MBSB|0.935|0.940|0.930|-0.005|-0.53|27,374
117115|MBSB-C15|0.010|0.000|0.000|0.000|0.00|0
117116|MBSB-C16|0.060|0.000|0.000|0.000|0.00|0
117117|MBSB-C17|0.035|0.030|0.030|-0.005|-14.29|8,187
117118|MBSB-C18|0.055|0.000|0.000|0.000|0.00|0
117119|MBSB-C19|0.045|0.000|0.000|0.000|0.00|0
117120|MBSB-C20|0.015|0.000|0.000|0.000|0.00|0
117121|MBSB-C21|0.030|0.000|0.000|0.000|0.00|0
7189|MBWORLD|1.630|1.630|1.620|-0.010|-0.61|282
7004|MCEHLDG|0.630|0.640|0.640|+0.010|+1.59|100
0167|MCLEAN|0.085|0.085|0.085|0.000|0.00|100
0167WB|MCLEAN-WB|0.025|0.000|0.000|0.000|0.00|0
5182|MCT|0.550|0.550|0.550|0.000|0.00|177
4502|MEDIA|0.515|0.525|0.495|-0.020|-3.88|11,079
5090|MEDIAC|0.225|0.225|0.225|0.000|0.00|169
0081|MEGASUN|0.120|0.120|0.120|0.000|0.00|500
0081WA|MEGASUN-WA|0.020|0.020|0.020|0.000|0.00|1,598
5129|MELATI|0.455|0.000|0.000|0.000|0.00|0
3778|MELEWAR|0.130|0.000|0.000|0.000|0.00|0
3778WB|MELEWAR-WB|0.045|0.000|0.000|0.000|0.00|0
1694|MENANG|0.390|0.375|0.395|+0.005|+1.28|100
1694WB|MENANG-WB|0.005|0.005|0.010|+0.005|+100.00|236
0577C2|MENGNIU-C2|0.180|0.000|0.000|0.000|0.00|0
5223|MENTIGA|0.605|0.560|0.530|-0.075|-12.40|150
8192|MERCURY|0.850|0.810|0.810|-0.040|-4.71|20
5006|MERGE|1.410|1.440|1.430|+0.020|+1.42|1,091
5040|MERIDIAN|0.285|0.290|0.290|+0.005|+1.75|5,650
5040WA|MERIDIAN-WA|0.075|0.000|0.000|0.000|0.00|0
5040WB|MERIDIAN-WB|0.025|0.020|0.020|-0.005|-20.00|61
5040WC|MERIDIAN-WC|0.020|0.020|0.020|0.000|0.00|14
7234|MESB|0.320|0.315|0.315|-0.005|-1.56|100
7234WA|MESB-WA|0.100|0.100|0.100|0.000|0.00|640
0826EA|METFAPA|1.040|0.000|0.000|0.000|0.00|0
0825EA|METFSID|0.807|0.000|0.000|0.000|0.00|0
0827EA|METFUS50|1.075|1.080|1.080|+0.005|+0.47|61
6149|METROD|1.700|0.000|0.000|0.000|0.00|0
3069|MFCB|3.780|3.780|3.790|+0.010|+0.26|439
3069WA|MFCB-WA|1.680|1.650|1.660|-0.020|-1.19|280
03015|MFGROUP|0.220|0.000|0.000|0.000|0.00|0
3662|MFLOUR|0.740|0.740|0.750|+0.010|+1.35|38,201
3662LA|MFLOUR-LA|1.520|1.490|1.490|-0.030|-1.97|90
3662WC|MFLOUR-WC|0.375|0.385|0.385|+0.010|+2.67|17,689
7595|MGB|0.750|0.750|0.750|0.000|0.00|40
7595WA|MGB-WA|0.250|0.000|0.000|0.000|0.00|0
0155|MGRC|0.270|0.000|0.000|0.000|0.00|0
5186|MHB|0.800|0.805|0.790|-0.010|-1.25|4,716
518613|MHB-C13|0.020|0.000|0.000|0.000|0.00|0
5026|MHC|0.605|0.590|0.590|-0.015|-2.48|230
03005|MHCARE|0.460|0.000|0.000|0.000|0.00|0
5286|MI|2.080|2.090|2.110|+0.030|+1.44|3,604
5286CA|MI-CA|0.090|0.000|0.000|0.000|0.00|0
5286CB|MI-CB|0.035|0.000|0.000|0.000|0.00|0
5286CC|MI-CC|0.055|0.000|0.000|0.000|0.00|0
5286CD|MI-CD|0.135|0.000|0.000|0.000|0.00|0
5286CE|MI-CE|0.150|0.000|0.000|0.000|0.00|0
5286CF|MI-CF|0.065|0.000|0.000|0.000|0.00|0
0126|MICROLN|0.410|0.000|0.000|0.000|0.00|0
5001|MIECO|0.270|0.270|0.270|0.000|0.00|21,044
0112|MIKROMB|0.260|0.260|0.260|0.000|0.00|5,959
7935|MILUX|0.680|0.700|0.700|+0.020|+2.94|318
5166|MINDA|0.045|0.050|0.045|0.000|0.00|320
7219|MINETEC|0.055|0.060|0.060|+0.005|+9.09|2,400
7219WA|MINETEC-WA|0.005|0.000|0.000|0.000|0.00|0
5576|MINHO|0.300|0.300|0.295|-0.005|-1.67|629
5576WC|MINHO-WC|0.070|0.000|0.000|0.000|0.00|0
3816|MISC|6.720|6.740|6.670|-0.050|-0.74|8,921
381619|MISC-C19|0.145|0.160|0.140|-0.005|-3.45|342
381620|MISC-C20|0.090|0.000|0.000|0.000|0.00|0
381621|MISC-C21|0.160|0.000|0.000|0.000|0.00|0
381622|MISC-C22|0.150|0.100|0.100|-0.050|-33.33|2,000
9571|MITRA|0.370|0.370|0.380|+0.010|+2.70|38,416
9571WD|MITRA-WD|0.045|0.040|0.050|+0.005|+11.11|1,957
9571WE|MITRA-WE|0.090|0.105|0.105|+0.015|+16.67|2
8141|MJPERAK|0.210|0.210|0.210|0.000|0.00|2,367
6114|MKH|1.280|1.300|1.280|0.000|0.00|417
8893|MKLAND|0.190|0.190|0.190|0.000|0.00|1,154
0085|MLAB|0.040|0.040|0.040|0.000|0.00|630
0085WA|MLAB-WA|0.010|0.000|0.000|0.000|0.00|0
0085WB|MLAB-WB|0.005|0.005|0.005|0.000|0.00|500
0034|MMAG|0.220|0.220|0.220|0.000|0.00|1,000
0034PA|MMAG-PA|0.085|0.000|0.000|0.000|0.00|0
0034WB|MMAG-WB|0.060|0.060|0.060|0.000|0.00|796
2194|MMCCORP|1.010|1.010|1.020|+0.010|+0.99|37,513
219412|MMCCORPC12|0.055|0.055|0.055|0.000|0.00|4,600
0113|MMSV|0.910|0.930|0.930|+0.020|+2.20|100
0103|MNC|0.035|0.000|0.000|0.000|0.00|0
0103WA|MNC-WA|0.005|0.000|0.000|0.000|0.00|0
6459|MNRB|1.010|1.010|1.010|0.000|0.00|4,923
0156|MPAY|0.120|0.120|0.120|0.000|0.00|6,498
6548|MPCORP|0.045|0.000|0.000|0.000|0.00|0
5237|MPHBCAP|1.060|1.050|1.050|-0.010|-0.94|325
3867|MPI|9.810|9.800|9.800|-0.010|-0.10|1,207
5123|MQREIT|1.100|1.100|1.100|0.000|0.00|4,132
0070|MQTECH|0.030|0.025|0.030|0.000|0.00|37,473
0070WA|MQTECH-WA|0.010|0.000|0.000|0.000|0.00|0
1651|MRCB|0.815|0.815|0.840|+0.025|+3.07|109,693
165134|MRCB-C34|0.005|0.005|0.005|0.000|0.00|2,000
165136|MRCB-C36|0.050|0.000|0.000|0.000|0.00|0
165137|MRCB-C37|0.080|0.080|0.085|+0.005|+6.25|1,020
165138|MRCB-C38|0.065|0.065|0.065|0.000|0.00|6,000
165139|MRCB-C39|0.125|0.130|0.140|+0.015|+12.00|25,536
165140|MRCB-C40|0.170|0.000|0.000|0.000|0.00|0
165141|MRCB-C41|0.140|0.000|0.000|0.000|0.00|0
165142|MRCB-C42|0.055|0.000|0.000|0.000|0.00|0
165143|MRCB-C43|0.090|0.090|0.095|+0.005|+5.56|34,500
165144|MRCB-C44|0.150|0.000|0.000|0.000|0.00|0
1651WB|MRCB-WB|0.225|0.225|0.235|+0.010|+4.44|9,023
5916|MSC|0.895|0.895|0.910|+0.015|+1.68|1,008
5202|MSM|1.880|1.830|1.800|-0.080|-4.26|272
5011|MSNIAGA|1.560|1.600|1.550|-0.010|-0.64|80
5150|MSPORTS|0.010|0.000|0.000|0.000|0.00|0
5924|MTDACPI|0.160|0.160|0.160|0.000|0.00|240
0092|MTOUCHE|0.060|0.060|0.060|0.000|0.00|51,701
0092WB|MTOUCHE-WB|0.010|0.000|0.000|0.000|0.00|0
0092WC|MTOUCHE-WC|0.015|0.000|0.000|0.000|0.00|0
0043|MTRONIC|0.080|0.080|0.070|-0.010|-12.50|118,714
0043OR|MTRONIC-OR|0.005|0.005|0.005|0.000|0.00|787,916
3883|MUDA|1.840|1.840|1.860|+0.020|+1.09|1,381
5085|MUDAJYA|0.350|0.350|0.355|+0.005|+1.43|5,889
9539|MUH|0.530|0.000|0.000|0.000|0.00|0
5703|MUHIBAH|2.960|2.930|2.950|-0.010|-0.34|2,433
5703CJ|MUHIBAH-CJ|0.150|0.000|0.000|0.000|0.00|0
3891|MUIIND|0.165|0.170|0.170|+0.005|+3.03|2,680
3913|MUIPROP|0.175|0.170|0.175|0.000|0.00|1,606
3905|MULPHA|2.420|2.430|2.410|-0.010|-0.41|1,046
5087|MYCRON|0.270|0.270|0.270|0.000|0.00|10
5087WA|MYCRON-WA|0.080|0.000|0.000|0.000|0.00|0
0138|MYEG|1.330|1.330|1.400|+0.070|+5.26|813,663
013844|MYEG-C44|0.175|0.175|0.200|+0.025|+14.29|23,200
013846|MYEG-C46|0.010|0.000|0.000|0.000|0.00|0
013847|MYEG-C47|0.005|0.000|0.000|0.000|0.00|0
013848|MYEG-C48|0.005|0.005|0.005|0.000|0.00|550
013849|MYEG-C49|0.010|0.000|0.000|0.000|0.00|0
013850|MYEG-C50|0.030|0.000|0.000|0.000|0.00|0
013851|MYEG-C51|0.010|0.000|0.000|0.000|0.00|0
013852|MYEG-C52|0.005|0.000|0.000|0.000|0.00|0
013853|MYEG-C53|0.025|0.030|0.030|+0.005|+20.00|635
013854|MYEG-C54|0.010|0.000|0.000|0.000|0.00|0
013855|MYEG-C55|0.115|0.115|0.135|+0.020|+17.39|68,172
013856|MYEG-C56|0.400|0.370|0.410|+0.010|+2.50|2,420
013857|MYEG-C57|0.210|0.200|0.220|+0.010|+4.76|10,834
013858|MYEG-C58|0.125|0.125|0.140|+0.015|+12.00|48,380
013859|MYEG-C59|0.190|0.195|0.210|+0.020|+10.53|55,372
013860|MYEG-C60|0.235|0.240|0.255|+0.020|+8.51|4
013861|MYEG-C61|0.130|0.130|0.165|+0.035|+26.92|72,226
013862|MYEG-C62|0.180|0.175|0.195|+0.015|+8.33|11,700
013863|MYEG-C63|0.145|0.145|0.160|+0.015|+10.34|13,650
013864|MYEG-C64|0.110|0.115|0.125|+0.015|+13.64|42,980
0821EA|MYETFDJ|1.090|1.080|1.040|-0.050|-4.59|1,600
0824EA|MYETFID|1.095|0.000|0.000|0.000|0.00|0
03010|MYKRIS|0.300|0.000|0.000|0.000|0.00|0
5275|MYNEWS|1.370|1.370|1.380|+0.010|+0.73|7,218
0041|MYSCM|0.240|0.240|0.240|0.000|0.00|915
0108|N2N|0.815|0.820|0.810|-0.005|-0.61|11,833
0108WB|N2N-WB|0.240|0.240|0.240|0.000|0.00|311
0206|NADIBHD|0.260|0.260|0.260|0.000|0.00|2,450
5073|NAIM|1.030|1.060|1.170|+0.140|+13.59|337,127
9806|NATWIDE|0.300|0.300|0.300|0.000|0.00|1,000
4707|NESTLE|144.700|144.700|145.500|+0.800|+0.55|219
4707CE|NESTLE-CE|0.025|0.000|0.000|0.000|0.00|0
0020|NETX|0.015|0.015|0.010|-0.005|-33.33|11,904
0020WB|NETX-WB|0.005|0.000|0.000|0.000|0.00|0
0096|NEXGRAM|0.020|0.020|0.015|-0.005|-25.00|5,600
0096WA|NEXGRAM-WA|0.005|0.005|0.005|0.000|0.00|3,000
0096WB|NEXGRAM-WB|0.005|0.000|0.000|0.000|0.00|0
0096WC|NEXGRAM-WC|0.005|0.005|0.005|0.000|0.00|500
7241|NGGB|0.475|0.480|0.480|+0.005|+1.05|2,217
7241WA|NGGB-WA|0.175|0.180|0.180|+0.005|+2.86|3,500
7060|NHFATT|2.700|2.700|2.680|-0.020|-0.74|55
7139|NICE|0.030|0.030|0.035|+0.005|+16.67|66,946
7139WB|NICE-WB|0.010|0.010|0.010|0.000|0.00|109,600
7215|NIHSIN|0.280|0.280|0.275|-0.005|-1.79|6,970
0083|NOTION|0.570|0.570|0.570|0.000|0.00|6,553
0083WC|NOTION-WC|0.255|0.000|0.000|0.000|0.00|0
0201|NOVA|0.470|0.460|0.460|-0.010|-2.13|30
0026|NOVAMSC|0.115|0.120|0.115|0.000|0.00|4,301
5047|NPC|1.800|0.000|0.000|0.000|0.00|0
03006|NPS|0.310|0.000|0.000|0.000|0.00|0
2038|NSOP|3.270|3.270|3.270|0.000|0.00|15
5066|NTPM|0.495|0.500|0.490|-0.005|-1.01|2,168
5025|NWP|0.075|0.075|0.075|0.000|0.00|1,192
4944|NYLEX|0.685|0.655|0.655|-0.030|-4.38|300
5533|OCB|0.450|0.000|0.000|0.000|0.00|0
0172|OCK|0.580|0.595|0.610|+0.030|+5.17|112,228
0172WA|OCK-WA|0.105|0.105|0.100|-0.005|-4.76|108,592
0049|OCNCASH|0.430|0.435|0.445|+0.015|+3.49|1,797
7071|OCR|0.255|0.265|0.285|+0.030|+11.76|94,534
7071PA|OCR-PA|0.025|0.025|0.030|+0.005|+20.00|75,679
7071WC|OCR-WC|0.030|0.030|0.035|+0.005|+16.67|5,297
7071WD|OCR-WD|0.060|0.065|0.070|+0.010|+16.67|60,267
7107|OFI|0.790|0.790|0.780|-0.010|-1.27|2,098
5827|OIB|2.020|0.000|0.000|0.000|0.00|0
7140|OKA|0.680|0.675|0.670|-0.010|-1.47|1,403
3018|OLYMPIA|0.110|0.110|0.110|0.000|0.00|1,580
9008|OMESTI|0.385|0.390|0.395|+0.010|+2.60|21,650
0035|OPCOM|0.625|0.635|0.630|+0.005|+0.80|4,048
0040|OPENSYS|0.340|0.340|0.340|0.000|0.00|4,506
4006|ORIENT|6.460|6.500|6.500|+0.040|+0.62|1,947
0079|ORION|0.210|0.215|0.215|+0.005|+2.38|150,992
0079WA|ORION-WA|0.135|0.135|0.130|-0.005|-3.70|81,737
5065|ORNA|1.010|1.010|1.010|0.000|0.00|85
5053|OSK|0.945|0.945|0.940|-0.005|-0.53|1,417
5053WC|OSK-WC|0.035|0.035|0.040|+0.005|+14.29|386
0053|OSKVI|0.470|0.450|0.450|-0.020|-4.26|161
0153|OVERSEA|0.115|0.115|0.115|0.000|0.00|190
5260|OWG|0.600|0.605|0.600|0.000|0.00|1,929
5260WA|OWG-WA|0.175|0.175|0.180|+0.005|+2.86|4,480
6009|P&O|0.995|1.000|1.000|+0.005|+0.50|78
7225|PA|0.055|0.055|0.055|0.000|0.00|10,212
7225WB|PA-WB|0.035|0.035|0.035|0.000|0.00|1,480
7052|PADINI|3.580|3.580|3.580|0.000|0.00|942
7052CV|PADINI-CV|0.005|0.000|0.000|0.000|0.00|0
7052CW|PADINI-CW|0.005|0.000|0.000|0.000|0.00|0
7052CX|PADINI-CX|0.105|0.100|0.100|-0.005|-4.76|9,000
7052CY|PADINI-CY|0.070|0.000|0.000|0.000|0.00|0
7052CZ|PADINI-CZ|0.125|0.000|0.000|0.000|0.00|0
3719|PANAMY|37.680|0.000|0.000|0.000|0.00|0
8419|PANSAR|0.800|0.795|0.800|0.000|0.00|140
8419WA|PANSAR-WA|0.310|0.290|0.305|-0.005|-1.61|32
5125|PANTECH|0.520|0.520|0.515|-0.005|-0.96|4,217
5125WA|PANTECH-WA|0.120|0.120|0.120|0.000|0.00|75
5125WB|PANTECH-WB|0.130|0.120|0.125|-0.005|-3.85|518
5022|PAOS|0.390|0.000|0.000|0.000|0.00|0
5022WA|PAOS-WA|0.065|0.065|0.065|0.000|0.00|500
9407|PARAGON|0.305|0.000|0.000|0.000|0.00|0
1724|PARAMON|2.020|2.050|2.040|+0.020|+0.99|967
5657|PARKSON|0.255|0.255|0.255|0.000|0.00|13,335
0022|PARLO|0.075|0.075|0.075|0.000|0.00|4,160
6912|PASDEC|0.385|0.390|0.390|+0.005|+1.30|1,330
6912WA|PASDEC-WA|0.075|0.070|0.070|-0.005|-6.67|400
0177|PASUKGB|0.055|0.000|0.000|0.000|0.00|0
5212|PAVREIT|1.800|1.800|1.830|+0.030|+1.67|91,830
5041|PBA|1.180|1.180|1.170|-0.010|-0.85|161
1295|PBBANK|23.760|23.620|23.740|-0.020|-0.08|24,415
129526|PBBANK-C26|0.005|0.000|0.000|0.000|0.00|0
129527|PBBANK-C27|0.025|0.000|0.000|0.000|0.00|0
129528|PBBANK-C28|0.105|0.000|0.000|0.000|0.00|0
129529|PBBANK-C29|0.115|0.000|0.000|0.000|0.00|0
129530|PBBANK-C30|0.095|0.000|0.000|0.000|0.00|0
129531|PBBANK-C31|0.115|0.115|0.115|0.000|0.00|26,281
6068|PCCS|0.365|0.365|0.370|+0.005|+1.37|31,084
6068WA|PCCS-WA|0.100|0.100|0.105|+0.005|+5.00|3,176
5183|PCHEM|9.030|9.030|9.050|+0.020|+0.22|60,552
518322|PCHEM-C22|0.030|0.000|0.000|0.000|0.00|0
518323|PCHEM-C23|0.015|0.000|0.000|0.000|0.00|0
518324|PCHEM-C24|0.015|0.000|0.000|0.000|0.00|0
518325|PCHEM-C25|0.040|0.045|0.045|+0.005|+12.50|2
518326|PCHEM-C26|0.080|0.085|0.085|+0.005|+6.25|2
518327|PCHEM-C27|0.130|0.000|0.000|0.000|0.00|0
518328|PCHEM-C28|0.115|0.000|0.000|0.000|0.00|0
518329|PCHEM-C29|0.135|0.140|0.135|0.000|0.00|2,732
518330|PCHEM-C30|0.175|0.175|0.175|0.000|0.00|3,050
518331|PCHEM-C31|0.080|0.000|0.000|0.000|0.00|0
6254|PDZ|0.040|0.035|0.030|-0.010|-25.00|16,855
6254WB|PDZ-WB|0.010|0.000|0.000|0.000|0.00|0
5622|PEB|0.900|0.000|0.000|0.000|0.00|0
5271|PECCA|1.060|1.060|1.060|0.000|0.00|2,945
5231|PELIKAN|0.350|0.350|0.350|0.000|0.00|1,582
5133|PENERGY|0.920|0.930|1.010|+0.090|+9.78|30,464
9997|PENSONI|0.410|0.400|0.400|-0.010|-2.44|14
9997WB|PENSONI-WB|0.110|0.105|0.115|+0.005|+4.55|190
7160|PENTA|3.490|3.490|3.450|-0.040|-1.15|4,519
7108|PERDANA|0.410|0.410|0.405|-0.005|-1.22|288,725
0047|PERISAI|0.005|0.000|0.000|0.000|0.00|0
7080|PERMAJU|0.475|0.475|0.480|+0.005|+1.05|112,739
5436|PERSTIM|4.900|4.900|4.900|0.000|0.00|50
8311|PESONA|0.225|0.225|0.230|+0.005|+2.22|9,631
8311WC|PESONA-WC|0.040|0.040|0.045|+0.005|+12.50|320
5219|PESTECH|1.100|1.110|1.090|-0.010|-0.91|2,028
5681|PETDAG|24.760|24.760|24.760|0.000|0.00|2,398
5681CW|PETDAG-CW|0.005|0.000|0.000|0.000|0.00|0
5681CX|PETDAG-CX|0.055|0.000|0.000|0.000|0.00|0
6033|PETGAS|17.700|17.700|17.600|-0.100|-0.56|4,617
6033CR|PETGAS-CR|0.010|0.000|0.000|0.000|0.00|0
6033CS|PETGAS-CS|0.010|0.010|0.010|0.000|0.00|3,001
3042|PETRONM|6.560|6.550|6.560|0.000|0.00|151
3042CS|PETRONM-CS|0.035|0.000|0.000|0.000|0.00|0
3611|PGLOBE|1.100|1.020|1.040|-0.060|-5.45|27
3611WA|PGLOBE-WA|0.075|0.000|0.000|0.000|0.00|0
7081|PHARMA|2.370|2.350|2.340|-0.030|-1.27|1,153
4464|PHB|0.025|0.020|0.025|0.000|0.00|7,151
7201|PICORP|0.130|0.135|0.130|0.000|0.00|6,871
7095|PIE|1.580|1.570|1.570|-0.010|-0.63|5,967
0006|PINEAPP|0.320|0.000|0.000|0.000|0.00|0
1902|PINEPAC|0.335|0.335|0.340|+0.005|+1.49|1,826
0527C2|PINGAN-C2|0.100|0.000|0.000|0.000|0.00|0
0527C3|PINGAN-C3|0.400|0.405|0.395|-0.005|-1.25|1,456
7163|PJBUMI|0.315|0.000|0.000|0.000|0.00|0
7163WA|PJBUMI-WA|0.050|0.000|0.000|0.000|0.00|0
0171|PLABS|0.310|0.295|0.300|-0.010|-3.23|1,933
7055|PLB|1.140|0.000|0.000|0.000|0.00|0
5075|PLENITU|1.450|1.470|1.470|+0.020|+1.38|30
9695|PLS|0.980|0.960|0.970|-0.010|-1.02|9,820
7172|PMBTECH|3.360|3.380|3.310|-0.050|-1.49|369
7172LA|PMBTECH-LA|3.620|0.000|0.000|0.000|0.00|0
7172WA|PMBTECH-WA|1.590|0.000|0.000|0.000|0.00|0
4081|PMCORP|0.140|0.140|0.145|+0.005|+3.57|7,310
8869|PMETAL|4.500|4.500|4.500|0.000|0.00|19,067
886915|PMETAL-C15|0.055|0.060|0.065|+0.010|+18.18|154
886917|PMETAL-C17|0.010|0.000|0.000|0.000|0.00|0
886918|PMETAL-C18|0.120|0.000|0.000|0.000|0.00|0
886919|PMETAL-C19|0.070|0.000|0.000|0.000|0.00|0
886920|PMETAL-C20|0.050|0.000|0.000|0.000|0.00|0
886921|PMETAL-C21|0.035|0.000|0.000|0.000|0.00|0
886922|PMETAL-C22|0.035|0.000|0.000|0.000|0.00|0
886923|PMETAL-C23|0.180|0.000|0.000|0.000|0.00|0
886924|PMETAL-C24|0.095|0.000|0.000|0.000|0.00|0
886925|PMETAL-C25|0.190|0.165|0.165|-0.025|-13.16|6,100
886926|PMETAL-C26|0.135|0.135|0.130|-0.005|-3.70|8,114
886927|PMETAL-C27|0.135|0.000|0.000|0.000|0.00|0
8869WC|PMETAL-WC|4.060|4.020|4.070|+0.010|+0.25|653
1287|PMHLDG|0.045|0.040|0.045|0.000|0.00|7,100
6637|PNEPCB|0.530|0.485|0.485|-0.045|-8.49|20
5080|POHKONG|0.490|0.490|0.490|0.000|0.00|1,240
7088|POHUAT|1.550|1.550|1.530|-0.020|-1.29|843
7088WB|POHUAT-WB|0.530|0.530|0.530|0.000|0.00|1,041
8117|POLY|0.420|0.430|0.430|+0.010|+2.38|30
03007|POLYMER|0.170|0.000|0.000|0.000|0.00|0
4634|POS|1.840|1.840|1.830|-0.010|-0.54|4,180
463421|POS-C21|0.005|0.000|0.000|0.000|0.00|0
463422|POS-C22|0.005|0.000|0.000|0.000|0.00|0
463423|POS-C23|0.005|0.000|0.000|0.000|0.00|0
463424|POS-C24|0.005|0.000|0.000|0.000|0.00|0
463425|POS-C25|0.005|0.000|0.000|0.000|0.00|0
463426|POS-C26|0.005|0.000|0.000|0.000|0.00|0
463427|POS-C27|0.010|0.005|0.005|-0.005|-50.00|230
463428|POS-C28|0.005|0.000|0.000|0.000|0.00|0
463429|POS-C29|0.035|0.000|0.000|0.000|0.00|0
463430|POS-C30|0.040|0.000|0.000|0.000|0.00|0
463431|POS-C31|0.070|0.000|0.000|0.000|0.00|0
463432|POS-C32|0.045|0.000|0.000|0.000|0.00|0
463433|POS-C33|0.100|0.000|0.000|0.000|0.00|0
463434|POS-C34|0.090|0.000|0.000|0.000|0.00|0
4065|PPB|17.920|17.740|17.920|0.000|0.00|3,863
4065CJ|PPB-CJ|0.115|0.000|0.000|0.000|0.00|0
7190|PPG|0.395|0.000|0.000|0.000|0.00|0
8273|PPHB|0.605|0.605|0.605|0.000|0.00|1,495
5204|PRESBHD|0.510|0.520|0.500|-0.010|-1.96|106,550
9873|PRESTAR|0.640|0.640|0.640|0.000|0.00|3,002
7168|PRG|0.740|0.745|0.740|0.000|0.00|520
7168WA|PRG-WA|0.345|0.345|0.345|0.000|0.00|412
0123|PRIVA|0.065|0.065|0.065|0.000|0.00|300
8346|PRKCORP|0.435|0.000|0.000|0.000|0.00|0
8966|PRLEXUS|0.590|0.590|0.585|-0.005|-0.85|1,448
8966WA|PRLEXUS-WA|0.090|0.080|0.080|-0.010|-11.11|2
5070|PRTASCO|0.255|0.260|0.265|+0.010|+3.92|6,333
5070WA|PRTASCO-WA|0.060|0.060|0.060|0.000|0.00|2,000
7145|PSIPTEK|0.125|0.125|0.125|0.000|0.00|9,583
7145WA|PSIPTEK-WA|0.030|0.025|0.025|-0.005|-16.67|3,194
9598|PTARAS|2.160|2.170|2.170|+0.010|+0.46|40
0038|PTB|0.150|0.150|0.145|-0.005|-3.33|827
0186|PTRANS|0.230|0.230|0.230|0.000|0.00|20,051
0186WA|PTRANS-WA|0.055|0.060|0.060|+0.005|+9.09|2,200
0007|PUC|0.095|0.095|0.095|0.000|0.00|26,516
0007WA|PUC-WA|0.060|0.065|0.060|0.000|0.00|1,268
6807|PUNCAK|0.370|0.370|0.365|-0.005|-1.35|395
7134|PWF|0.795|0.775|0.795|0.000|0.00|209
7134WA|PWF-WA|0.250|0.000|0.000|0.000|0.00|0
7123|PWORTH|0.050|0.050|0.050|0.000|0.00|38,566
7237|PWROOT|1.280|1.300|1.300|+0.020|+1.56|1,205
7237WA|PWROOT-WA|0.255|0.260|0.255|0.000|0.00|620
0196|QES|0.245|0.250|0.240|-0.005|-2.04|49,019
7084|QL|7.000|6.990|6.990|-0.010|-0.14|7,486
7084CL|QL-CL|0.050|0.000|0.000|0.000|0.00|0
7084CM|QL-CM|0.055|0.000|0.000|0.000|0.00|0
7084CN|QL-CN|0.085|0.000|0.000|0.000|0.00|0
7084CO|QL-CO|0.130|0.000|0.000|0.000|0.00|0
7544|QUALITY|0.815|0.000|0.000|0.000|0.00|0
7498|RALCO|0.235|0.000|0.000|0.000|0.00|0
7498WB|RALCO-WB|0.005|0.005|0.005|0.000|0.00|1,303
5272|RANHILL|1.340|1.360|1.350|+0.010|+0.75|1,081
7765|RAPID|5.580|5.600|5.490|-0.090|-1.61|18,923
9296|RCECAP|1.640|1.620|1.620|-0.020|-1.22|1,825
5256|REACH|0.305|0.310|0.305|0.000|0.00|31,325
5256WA|REACH-WA|0.060|0.060|0.055|-0.005|-8.33|3,720
03002|REDIDEA|0.280|0.000|0.000|0.000|0.00|0
0032|REDTONE|0.295|0.300|0.280|-0.015|-5.08|33,776
0032LA|REDTONE-LA|0.110|0.110|0.110|0.000|0.00|347
7232|RESINTC|0.295|0.300|0.310|+0.015|+5.08|51
0173|REV|0.205|0.200|0.200|-0.005|-2.44|1,100
0200|REVENUE|1.230|1.230|1.220|-0.010|-0.81|2,041
0200WA|REVENUE-WA|0.405|0.405|0.405|0.000|0.00|5,071
9946|REX|0.420|0.000|0.000|0.000|0.00|0
0106|REXIT|0.605|0.635|0.695|+0.090|+14.88|10,404
0037|RGB|0.205|0.210|0.210|+0.005|+2.44|21,251
9954|RGTBHD|0.175|0.180|0.180|+0.005|+2.86|4,270
9954WB|RGTBHD-WB|0.110|0.110|0.110|0.000|0.00|1,100
0202|RGTECH|0.230|0.230|0.230|0.000|0.00|352
1066|RHBBANK|5.720|5.750|5.700|-0.020|-0.35|71,788
106610|RHBBANKC10|0.090|0.000|0.000|0.000|0.00|0
106611|RHBBANKC11|0.040|0.045|0.040|0.000|0.00|988
106612|RHBBANKC12|0.090|0.100|0.090|0.000|0.00|7,100
106613|RHBBANKC13|0.080|0.080|0.080|0.000|0.00|4
5278|RHONEMA|0.770|0.770|0.770|0.000|0.00|40
9741|ROHAS|0.640|0.640|0.665|+0.025|+3.91|2,338
5113|RSAWIT|0.190|0.195|0.190|0.000|0.00|1,100
5270|RSENA|0.505|0.000|0.000|0.000|0.00|0
7803|RUBEREX|0.445|0.450|0.445|0.000|0.00|950
2542|RVIEW|3.000|3.000|3.000|0.000|0.00|10
5134|SAB|3.810|0.000|0.000|0.000|0.00|0
8567|SALCON|0.275|0.280|0.275|0.000|0.00|15,986
8567WB|SALCON-WB|0.085|0.085|0.085|0.000|0.00|11,559
0183|SALUTE|0.365|0.365|0.365|0.000|0.00|100
9822|SAM|7.640|7.600|7.630|-0.010|-0.13|11
5147|SAMCHEM|0.605|0.600|0.600|-0.005|-0.83|994
9113|SANBUMI|0.330|0.330|0.320|-0.010|-3.03|52,207
0541C9|SANDS-C9|0.115|0.000|0.000|0.000|0.00|0
0133|SANICHI|0.055|0.055|0.055|0.000|0.00|700
0133WC|SANICHI-WC|0.005|0.000|0.000|0.000|0.00|0
0133WD|SANICHI-WD|0.005|0.000|0.000|0.000|0.00|0
0133WE|SANICHI-WE|0.015|0.000|0.000|0.000|0.00|0
7811|SAPIND|0.755|0.750|0.795|+0.040|+5.30|100
5218|SAPNRG|0.345|0.345|0.335|-0.010|-2.90|1,751,755
5218PA|SAPNRG-PA|0.390|0.400|0.400|+0.010|+2.56|2
5218WA|SAPNRG-WA|0.145|0.140|0.130|-0.015|-10.34|633,489
521868|SAPNRGC68|0.005|0.000|0.000|0.000|0.00|0
521869|SAPNRGC69|0.005|0.000|0.000|0.000|0.00|0
521870|SAPNRGC70|0.060|0.000|0.000|0.000|0.00|0
521871|SAPNRGC71|0.005|0.000|0.000|0.000|0.00|0
521872|SAPNRGC72|0.010|0.015|0.015|+0.005|+50.00|125
521873|SAPNRGC73|0.030|0.030|0.025|-0.005|-16.67|24,201
521874|SAPNRGC74|0.035|0.035|0.035|0.000|0.00|4,300
521875|SAPNRGC75|0.090|0.090|0.085|-0.005|-5.56|6,400
521876|SAPNRGC76|0.080|0.085|0.075|-0.005|-6.25|103,503
4596|SAPRES|0.620|0.620|0.635|+0.015|+2.42|220
5252|SASBADI|0.235|0.235|0.235|0.000|0.00|17,282
5157|SAUDEE|0.320|0.315|0.315|-0.005|-1.56|693
5157WA|SAUDEE-WA|0.120|0.000|0.000|0.000|0.00|0
2569|SBAGAN|2.920|0.000|0.000|0.000|0.00|0
5207|SBCCORP|0.500|0.000|0.000|0.000|0.00|0
5170|SCABLE|0.365|0.375|0.380|+0.015|+4.11|19,923
0109|SCBUILD|0.025|0.025|0.025|0.000|0.00|3,075
0109WB|SCBUILD-WB|0.005|0.000|0.000|0.000|0.00|0
0158|SCC|0.510|0.520|0.520|+0.010|+1.96|48
7247|SCGM|1.120|1.120|1.140|+0.020|+1.79|2,075
7247WA|SCGM-WA|0.080|0.000|0.000|0.000|0.00|0
0161|SCH|0.130|0.130|0.130|0.000|0.00|500
0161WA|SCH-WA|0.040|0.040|0.040|0.000|0.00|500
9237|SCIB|0.585|0.590|0.590|+0.005|+0.85|2,754
0099|SCICOM|1.130|1.100|1.090|-0.040|-3.54|1,185
4731|SCIENTX|8.500|8.500|8.500|0.000|0.00|9,332
4731CF|SCIENTX-CF|0.060|0.065|0.060|0.000|0.00|133
7239|SCNWOLF|0.175|0.000|0.000|0.000|0.00|0
7158|SCOMI|0.045|0.050|0.055|+0.010|+22.22|124,621
7158WB|SCOMI-WB|0.010|0.015|0.015|+0.005|+50.00|34,084
7045|SCOMIES|0.075|0.085|0.085|+0.010|+13.33|249,125
0001|SCOMNET|0.750|0.755|0.760|+0.010|+1.33|8,536
0028|SCOPE|0.215|0.215|0.220|+0.005|+2.33|22,150
0028WA|SCOPE-WA|0.080|0.080|0.080|0.000|0.00|2,050
2224|SDRED|0.665|0.675|0.670|+0.005|+0.75|2,895
7073|SEACERA|0.340|0.345|0.340|0.000|0.00|320,371
7073WB|SEACERA-WB|0.005|0.005|0.005|0.000|0.00|6,100
7073WC|SEACERA-WC|0.040|0.040|0.040|0.000|0.00|24,426
4286|SEAL|0.345|0.345|0.340|-0.005|-1.45|247
5145|SEALINK|0.200|0.200|0.205|+0.005|+2.50|42,358
5163|SEB|0.380|0.000|0.000|0.000|0.00|0
0178|SEDANIA|0.115|0.000|0.000|0.000|0.00|0
7053|SEEHUP|0.910|0.910|0.910|0.000|0.00|25
03009|SEERS|0.100|0.000|0.000|0.000|0.00|0
9792|SEG|0.630|0.630|0.625|-0.005|-0.79|2,730
5250|SEM|1.460|1.460|1.480|+0.020|+1.37|1,002
5205|SENDAI|0.495|0.500|0.490|-0.005|-1.01|54,149
5279|SERBADK|3.820|3.850|3.830|+0.010|+0.26|2,886
5279CN|SERBADK-CN|0.005|0.000|0.000|0.000|0.00|0
5279CP|SERBADK-CP|0.060|0.000|0.000|0.000|0.00|0
5279CQ|SERBADK-CQ|0.170|0.000|0.000|0.000|0.00|0
5279CR|SERBADK-CR|0.150|0.000|0.000|0.000|0.00|0
5279CS|SERBADK-CS|0.090|0.000|0.000|0.000|0.00|0
7180|SERNKOU|0.535|0.535|0.510|-0.025|-4.67|520
7180WA|SERNKOU-WA|0.240|0.000|0.000|0.000|0.00|0
0055|SERSOL|0.100|0.095|0.105|+0.005|+5.00|498
0055WA|SERSOL-WA|0.045|0.040|0.045|0.000|0.00|2,597
5517|SHANG|5.730|5.700|5.570|-0.160|-2.79|147
4316|SHCHAN|0.370|0.000|0.000|0.000|0.00|0
7412|SHH|0.495|0.000|0.000|0.000|0.00|0
6017|SHL|2.310|2.380|2.360|+0.050|+2.16|200
5181|SIGGAS|0.920|0.950|0.950|+0.030|+3.26|24,534
7246|SIGN|0.450|0.450|0.450|0.000|0.00|1,357
7246WA|SIGN-WA|0.075|0.075|0.080|+0.005|+6.67|600
4197|SIME|2.200|2.200|2.250|+0.050|+2.27|104,908
419725|SIME-C25|0.005|0.000|0.000|0.000|0.00|0
419727|SIME-C27|0.005|0.000|0.000|0.000|0.00|0
419728|SIME-C28|0.015|0.000|0.000|0.000|0.00|0
419729|SIME-C29|0.040|0.000|0.000|0.000|0.00|0
419730|SIME-C30|0.035|0.035|0.035|0.000|0.00|9,800
419731|SIME-C31|0.035|0.000|0.000|0.000|0.00|0
419732|SIME-C32|0.085|0.090|0.095|+0.010|+11.76|50,836
419733|SIME-C33|0.050|0.000|0.000|0.000|0.00|0
5285|SIMEPLT|5.060|5.050|5.080|+0.020|+0.40|5,923
5285CH|SIMEPLT-CH|0.030|0.000|0.000|0.000|0.00|0
5285CI|SIMEPLT-CI|0.035|0.000|0.000|0.000|0.00|0
5285CJ|SIMEPLT-CJ|0.090|0.090|0.090|0.000|0.00|5,000
5285CK|SIMEPLT-CK|0.115|0.115|0.115|0.000|0.00|2,000
5288|SIMEPROP|1.100|1.100|1.090|-0.010|-0.91|13,381
5288CG|SIMEPROP-CG|0.020|0.000|0.000|0.000|0.00|0
5288CH|SIMEPROP-CH|0.050|0.000|0.000|0.000|0.00|0
5288CJ|SIMEPROP-CJ|0.020|0.000|0.000|0.000|0.00|0
5288CK|SIMEPROP-CK|0.045|0.000|0.000|0.000|0.00|0
5288CL|SIMEPROP-CL|0.060|0.000|0.000|0.000|0.00|0
8532|SINOTOP|0.295|0.000|0.000|0.000|0.00|0
9431|SJC|0.540|0.000|0.000|0.000|0.00|0
7115|SKBSHUT|0.580|0.000|0.000|0.000|0.00|0
7155|SKPRES|1.330|1.330|1.330|0.000|0.00|9,852
7155CN|SKPRES-CN|0.040|0.000|0.000|0.000|0.00|0
7155CO|SKPRES-CO|0.045|0.000|0.000|0.000|0.00|0
7155CP|SKPRES-CP|0.050|0.000|0.000|0.000|0.00|0
7155CQ|SKPRES-CQ|0.110|0.110|0.110|0.000|0.00|2,000
03008|SLIC|0.420|0.000|0.000|0.000|0.00|0
7248|SLP|1.220|1.220|1.220|0.000|0.00|20
9776|SMCAP|0.195|0.200|0.190|-0.005|-2.56|92,594
9776WC|SMCAP-WC|0.100|0.095|0.095|-0.005|-5.00|2,400
0203|SMETRIC|0.530|0.525|0.550|+0.020|+3.77|6,733
4375|SMI|0.170|0.175|0.175|+0.005|+2.94|17,089
7132|SMISCOR|0.445|0.400|0.410|-0.035|-7.87|900
0117|SMRT|0.120|0.000|0.000|0.000|0.00|0
0169|SMTRACK|0.085|0.080|0.080|-0.005|-5.88|1,363
7943|SNC|0.235|0.000|0.000|0.000|0.00|0
5213|SNTORIA|0.395|0.370|0.370|-0.025|-6.33|522
5213WA|SNTORIA-WA|0.005|0.000|0.000|0.000|0.00|0
5213WB|SNTORIA-WB|0.050|0.000|0.000|0.000|0.00|0
5242|SOLID|0.280|0.310|0.310|+0.030|+10.71|11
5242WA|SOLID-WA|0.075|0.000|0.000|0.000|0.00|0
0093|SOLUTN|0.085|0.085|0.085|0.000|0.00|45
0093WA|SOLUTN-WA|0.030|0.030|0.030|0.000|0.00|74
5126|SOP|2.470|0.000|0.000|0.000|0.00|0
0656CG|SP500-CG|0.765|0.790|0.790|+0.025|+3.27|885
0656CH|SP500-CH|1.440|0.000|0.000|0.000|0.00|0
0656CI|SP500-CI|0.835|0.895|0.895|+0.060|+7.19|56
0656HG|SP500-HG|0.190|0.180|0.195|+0.005|+2.63|1,290
0656HH|SP500-HH|0.300|0.285|0.285|-0.015|-5.00|1,950
0656HI|SP500-HI|0.855|0.820|0.820|-0.035|-4.09|12
1783|SPB|6.230|6.230|6.230|0.000|0.00|1,231
7103|SPRITZER|2.190|0.000|0.000|0.000|0.00|0
8664|SPSETIA|2.270|2.270|2.230|-0.040|-1.76|6,933
866410|SPSETIA-C10|0.010|0.000|0.000|0.000|0.00|0
866411|SPSETIA-C11|0.065|0.000|0.000|0.000|0.00|0
866412|SPSETIA-C12|0.105|0.000|0.000|0.000|0.00|0
866413|SPSETIA-C13|0.055|0.055|0.055|0.000|0.00|1,700
866414|SPSETIA-C14|0.110|0.115|0.110|0.000|0.00|336
866415|SPSETIA-C15|0.150|0.000|0.000|0.000|0.00|0
866416|SPSETIA-C16|0.070|0.070|0.070|0.000|0.00|1,998
8664C9|SPSETIA-C9|0.005|0.000|0.000|0.000|0.00|0
8664PA|SPSETIA-PA|0.900|0.000|0.000|0.000|0.00|0
8664PB|SPSETIA-PB|0.770|0.795|0.770|0.000|0.00|131
0129|SRIDGE|0.210|0.210|0.215|+0.005|+2.38|13,340
0129WA|SRIDGE-WA|0.050|0.050|0.050|0.000|0.00|4,939
5665|SSTEEL|0.805|0.810|0.830|+0.025|+3.11|119
5665LB|SSTEEL-LB|0.760|0.000|0.000|0.000|0.00|0
6084|STAR|0.790|0.790|0.795|+0.005|+0.63|3,291
0140|STERPRO|0.180|0.160|0.160|-0.020|-11.11|720
0140WA|STERPRO-WA|0.040|0.000|0.000|0.000|0.00|0
7143|STONE|0.105|0.000|0.000|0.000|0.00|0
7143WA|STONE-WA|0.015|0.000|0.000|0.000|0.00|0
0080|STRAITS|0.275|0.280|0.275|0.000|0.00|185,312
0080WA|STRAITS-WA|0.175|0.175|0.175|0.000|0.00|129,765
6904|SUBUR|0.505|0.000|0.000|0.000|0.00|0
7207|SUCCESS|0.670|0.660|0.670|0.000|0.00|490
9865|SUIWAH|2.700|2.680|2.700|0.000|0.00|20
1201|SUMATEC|0.010|0.005|0.005|-0.005|-50.00|24,250
1201WA|SUMATEC-WA|0.005|0.005|0.005|0.000|0.00|608
5263|SUNCON|1.830|1.840|1.850|+0.020|+1.09|10,896
5263CU|SUNCON-CU|0.055|0.000|0.000|0.000|0.00|0
5263CV|SUNCON-CV|0.040|0.000|0.000|0.000|0.00|0
5263CW|SUNCON-CW|0.150|0.090|0.090|-0.060|-40.00|1,200
5176|SUNREIT|1.800|1.800|1.800|0.000|0.00|34,771
3743|SUNSURIA|0.620|0.000|0.000|0.000|0.00|0
3743WA|SUNSURIA-WA|0.045|0.000|0.000|0.000|0.00|0
5211|SUNWAY|1.680|1.670|1.680|0.000|0.00|34,520
5211WB|SUNWAY-WB|0.275|0.270|0.280|+0.005|+1.82|48,744
0148|SUNZEN|0.160|0.155|0.155|-0.005|-3.13|2,017
0148WA|SUNZEN-WA|0.045|0.045|0.050|+0.005|+11.11|996
0148WB|SUNZEN-WB|0.055|0.000|0.000|0.000|0.00|0
7235|SUPERLN|1.150|1.150|1.120|-0.030|-2.61|6,467
7106|SUPERMX|1.420|1.420|1.420|0.000|0.00|35,899
710648|SUPERMX-C48|0.005|0.000|0.000|0.000|0.00|0
710650|SUPERMX-C50|0.005|0.000|0.000|0.000|0.00|0
710652|SUPERMX-C52|0.005|0.000|0.000|0.000|0.00|0
710653|SUPERMX-C53|0.005|0.000|0.000|0.000|0.00|0
710654|SUPERMX-C54|0.040|0.000|0.000|0.000|0.00|0
710655|SUPERMX-C55|0.020|0.000|0.000|0.000|0.00|0
710656|SUPERMX-C56|0.070|0.070|0.070|0.000|0.00|5,500
710657|SUPERMX-C57|0.065|0.060|0.055|-0.010|-15.38|1,010
710658|SUPERMX-C58|0.050|0.000|0.000|0.000|0.00|0
710659|SUPERMX-C59|0.050|0.050|0.050|0.000|0.00|100
710660|SUPERMX-C60|0.030|0.000|0.000|0.000|0.00|0
710661|SUPERMX-C61|0.045|0.000|0.000|0.000|0.00|0
710662|SUPERMX-C62|0.050|0.050|0.050|0.000|0.00|15,000
710663|SUPERMX-C63|0.050|0.045|0.045|-0.005|-10.00|2,000
710664|SUPERMX-C64|0.070|0.065|0.065|-0.005|-7.14|200
710665|SUPERMX-C65|0.080|0.000|0.000|0.000|0.00|0
710666|SUPERMX-C66|0.065|0.065|0.065|0.000|0.00|1,000
03018|SUPREME|0.680|0.000|0.000|0.000|0.00|0
6521|SURIA|1.390|1.370|1.400|+0.010|+0.72|27
5135|SWKPLNT|1.550|0.000|0.000|0.000|0.00|0
7186|SWSCAP|0.660|0.635|0.660|0.000|0.00|232
7186WB|SWSCAP-WB|0.080|0.000|0.000|0.000|0.00|0
9717|SYCAL|0.235|0.225|0.235|0.000|0.00|70
7082|SYF|0.230|0.225|0.220|-0.010|-4.35|418
7082WB|SYF-WB|0.010|0.000|0.000|0.000|0.00|0
1538|SYMLIFE|0.405|0.405|0.400|-0.005|-1.23|786
1538WB|SYMLIFE-WB|0.030|0.030|0.030|0.000|0.00|5,601
5173|SYSCORP|0.305|0.305|0.320|+0.015|+4.92|685
0050|SYSTECH|0.230|0.235|0.235|+0.005|+2.17|2,814
7228|T7GLOBAL|0.505|0.505|0.495|-0.010|-1.98|22,449
4898|TA|0.620|0.620|0.620|0.000|0.00|1,005
5012|TAANN|2.200|2.250|2.300|+0.100|+4.55|730
5012CM|TAANN-CM|0.080|0.000|0.000|0.000|0.00|0
4022|TADMAX|0.205|0.210|0.205|0.000|0.00|10,651
7211|TAFI|0.290|0.000|0.000|0.000|0.00|0
5158|TAGB|0.245|0.245|0.250|+0.005|+2.04|842
6139|TAKAFUL|4.550|4.740|4.770|+0.220|+4.84|12,971
6139CC|TAKAFUL-CC|0.070|0.075|0.095|+0.025|+35.71|5,458
6139CD|TAKAFUL-CD|0.160|0.000|0.000|0.000|0.00|0
2259|TALAMT|0.040|0.045|0.040|0.000|0.00|43,251
8524|TALIWRK|0.900|0.905|0.910|+0.010|+1.11|2,335
8524CE|TALIWRK-CE|0.140|0.000|0.000|0.000|0.00|0
5191|TAMBUN|0.785|0.795|0.790|+0.005|+0.64|437
2429|TANCO|0.050|0.000|0.000|0.000|0.00|0
2429WB|TANCO-WB|0.025|0.000|0.000|0.000|0.00|0
5149|TAS|0.290|0.290|0.285|-0.005|-1.72|2,704
5140|TASCO|1.550|1.550|1.550|0.000|0.00|803
4448|TASEK|4.700|0.000|0.000|0.000|0.00|0
4448P|TASEK-PA|10.100|0.000|0.000|0.000|0.00|0
7097|TAWIN|0.495|0.505|0.505|+0.010|+2.02|679
4405|TCHONG|1.520|1.510|1.520|0.000|0.00|70
0132|TDEX|0.065|0.070|0.070|+0.005|+7.69|5,320
2054|TDM|0.170|0.170|0.170|0.000|0.00|6,340
0084|TECFAST|0.325|0.325|0.320|-0.005|-1.54|926
7439|TECGUAN|1.010|0.000|0.000|0.000|0.00|0
5289|TECHBND|0.750|0.755|0.760|+0.010|+1.33|1,296
7200|TEKSENG|0.240|0.240|0.235|-0.005|-2.08|2,215
7200WA|TEKSENG-WA|0.030|0.030|0.030|0.000|0.00|1,883
5347|TENAGA|12.760|12.780|12.760|0.000|0.00|53,678
534747|TENAGA-C47|0.050|0.000|0.000|0.000|0.00|0
534749|TENAGA-C49|0.005|0.000|0.000|0.000|0.00|0
534750|TENAGA-C50|0.035|0.030|0.035|0.000|0.00|12,350
534751|TENAGA-C51|0.040|0.035|0.035|-0.005|-12.50|5,598
534752|TENAGA-C52|0.040|0.000|0.000|0.000|0.00|0
534753|TENAGA-C53|0.050|0.045|0.050|0.000|0.00|11,200
534754|TENAGA-C54|0.090|0.090|0.090|0.000|0.00|57,502
0546C7|TENCENT-C7|0.165|0.000|0.000|0.000|0.00|0
7252|TEOSENG|1.240|1.240|1.230|-0.010|-0.81|1,359
7252WA|TEOSENG-WA|0.250|0.250|0.240|-0.010|-4.00|649
8702|TEXCHEM|0.685|0.000|0.000|0.000|0.00|0
0089|TEXCYCL|0.535|0.535|0.530|-0.005|-0.93|320
0145|TFP|0.095|0.100|0.100|+0.005|+5.26|10
9369|TGL|1.000|1.000|1.000|0.000|0.00|40
7034|TGUAN|2.540|2.530|2.530|-0.010|-0.39|916
7034LA|TGUAN-LA|2.570|0.000|0.000|0.000|0.00|0
7034WA|TGUAN-WA|1.020|1.020|1.020|0.000|0.00|60
9075|THETA|0.400|0.410|0.410|+0.010|+2.50|4
7206|THHEAVY|0.060|0.060|0.055|-0.005|-8.33|9,200
7206PB|THHEAVY-PB|0.075|0.000|0.000|0.000|0.00|0
5112|THPLANT|0.505|0.500|0.530|+0.025|+4.95|83
7889|THRIVEN|0.225|0.230|0.225|0.000|0.00|15,715
7889WB|THRIVEN-WB|0.060|0.060|0.060|0.000|0.00|6,320
7374|TIENWAH|1.350|0.000|0.000|0.000|0.00|0
7079|TIGER|0.075|0.070|0.075|0.000|0.00|4,921
7079WC|TIGER-WC|0.025|0.020|0.020|-0.005|-20.00|1,000
5031|TIMECOM|8.680|8.680|8.510|-0.170|-1.96|6,353
7854|TIMWELL|0.615|0.000|0.000|0.000|0.00|0
5239|TITIJYA|0.310|0.310|0.305|-0.005|-1.61|21,022
5239PA|TITIJYA-PA|0.035|0.030|0.035|0.000|0.00|125
4863|TM|3.120|3.100|3.170|+0.050|+1.60|24,234
486327|TM-C27|0.005|0.000|0.000|0.000|0.00|0
486328|TM-C28|0.005|0.000|0.000|0.000|0.00|0
486330|TM-C30|0.045|0.000|0.000|0.000|0.00|0
486331|TM-C31|0.050|0.000|0.000|0.000|0.00|0
486332|TM-C32|0.015|0.000|0.000|0.000|0.00|0
486333|TM-C33|0.065|0.000|0.000|0.000|0.00|0
486334|TM-C34|0.080|0.090|0.095|+0.015|+18.75|4
486335|TM-C35|0.105|0.115|0.115|+0.010|+9.52|300
486336|TM-C36|0.235|0.000|0.000|0.000|0.00|0
486337|TM-C37|0.350|0.000|0.000|0.000|0.00|0
486338|TM-C38|0.175|0.185|0.185|+0.010|+5.71|2,000
486339|TM-C39|0.230|0.235|0.240|+0.010|+4.35|600
486340|TM-C40|0.165|0.000|0.000|0.000|0.00|0
486341|TM-C41|0.085|0.085|0.090|+0.005|+5.88|6,000
0101|TMCLIFE|0.725|0.730|0.720|-0.005|-0.69|3,740
0101WB|TMCLIFE-WB|0.015|0.010|0.010|-0.005|-33.33|5,376
8397|TNLOGIS|0.600|0.600|0.605|+0.005|+0.83|760
7218|TOCEAN|0.635|0.000|0.000|0.000|0.00|0
7230|TOMEI|0.510|0.510|0.500|-0.010|-1.96|320
7285|TOMYPAK|0.495|0.490|0.495|0.000|0.00|2,295
7285WA|TOMYPAK-WA|0.130|0.135|0.135|+0.005|+3.85|42
5010|TONGHER|3.550|3.550|3.550|0.000|0.00|109
7113|TOPGLOV|4.480|4.480|4.500|+0.020|+0.45|37,411
711333|TOPGLOV-C33|0.005|0.000|0.000|0.000|0.00|0
711340|TOPGLOV-C40|0.005|0.000|0.000|0.000|0.00|0
711341|TOPGLOV-C41|0.005|0.000|0.000|0.000|0.00|0
711342|TOPGLOV-C42|0.020|0.015|0.015|-0.005|-25.00|1,000
711343|TOPGLOV-C43|0.025|0.025|0.025|0.000|0.00|600
711344|TOPGLOV-C44|0.025|0.000|0.000|0.000|0.00|0
711345|TOPGLOV-C45|0.085|0.000|0.000|0.000|0.00|0
711346|TOPGLOV-C46|0.070|0.070|0.070|0.000|0.00|15,894
711347|TOPGLOV-C47|0.090|0.000|0.000|0.000|0.00|0
711348|TOPGLOV-C48|0.065|0.070|0.060|-0.005|-7.69|700
711349|TOPGLOV-C49|0.125|0.000|0.000|0.000|0.00|0
711350|TOPGLOV-C50|0.095|0.000|0.000|0.000|0.00|0
03013|TOPVISN|0.400|0.000|0.000|0.000|0.00|0
7173|TOYOINK|0.620|0.645|0.645|+0.025|+4.03|5
7173WB|TOYOINK-WB|0.085|0.085|0.085|0.000|0.00|100
7176|TPC|0.410|0.395|0.400|-0.010|-2.44|955
7176WA|TPC-WA|0.200|0.190|0.220|+0.020|+10.00|71
5054|TRC|0.645|0.640|0.640|-0.005|-0.78|8,327
0199|TRIMODE|0.415|0.000|0.000|0.000|0.00|0
0118|TRIVE|0.020|0.015|0.015|-0.005|-25.00|2,284
0118WB|TRIVE-WB|0.005|0.000|0.000|0.000|0.00|0
5401|TROP|0.870|0.875|0.875|+0.005|+0.57|170
5401WA|TROP-WA|0.025|0.020|0.025|0.000|0.00|372
9059|TSH|1.080|0.000|0.000|0.000|0.00|0
5042|TSRCAP|0.400|0.400|0.400|0.000|0.00|50
5042WB|TSRCAP-WB|0.045|0.000|0.000|0.000|0.00|0
5230|TUNEPRO|0.670|0.675|0.680|+0.010|+1.49|5,028
5167|TURBO|0.765|0.770|0.760|-0.005|-0.65|460
4359|TURIYA|0.180|0.000|0.000|0.000|0.00|0
5111|TWRREIT|0.900|0.000|0.000|0.000|0.00|0
7100|UCHITEC|2.640|2.660|2.640|0.000|0.00|822
7100CE|UCHITEC-CE|0.025|0.000|0.000|0.000|0.00|0
7100CF|UCHITEC-CF|0.095|0.095|0.095|0.000|0.00|2,998
0005|UCREST|0.255|0.255|0.260|+0.005|+1.96|62,621
5148|UEMS|0.840|0.835|0.825|-0.015|-1.79|13,371
514864|UEMS-C64|0.040|0.000|0.000|0.000|0.00|0
514865|UEMS-C65|0.085|0.075|0.070|-0.015|-17.65|6,437
514866|UEMS-C66|0.060|0.060|0.055|-0.005|-8.33|1,520
7133|ULICORP|0.390|0.390|0.390|0.000|0.00|5,360
2593|UMCCA|5.400|0.000|0.000|0.000|0.00|0
7137|UMS|2.150|2.370|2.050|-0.100|-4.65|47
7227|UMSNGB|0.990|0.000|0.000|0.000|0.00|0
4588|UMW|5.790|5.700|5.690|-0.100|-1.73|3,002
458811|UMW-C11|0.035|0.000|0.000|0.000|0.00|0
458812|UMW-C12|0.210|0.000|0.000|0.000|0.00|0
458813|UMW-C13|0.190|0.195|0.190|0.000|0.00|8
458814|UMW-C14|0.185|0.000|0.000|0.000|0.00|0
458815|UMW-C15|0.200|0.200|0.195|-0.005|-2.50|600
458816|UMW-C16|0.105|0.000|0.000|0.000|0.00|0
458817|UMW-C17|0.105|0.105|0.105|0.000|0.00|1,224
4588C9|UMW-C9|0.025|0.000|0.000|0.000|0.00|0
7091|UNIMECH|1.070|1.080|1.070|0.000|0.00|1,065
5005|UNISEM|2.650|2.660|2.610|-0.040|-1.51|298
500511|UNISEM-C11|0.220|0.000|0.000|0.000|0.00|0
500512|UNISEM-C12|0.015|0.000|0.000|0.000|0.00|0
500514|UNISEM-C14|0.045|0.000|0.000|0.000|0.00|0
500515|UNISEM-C15|0.060|0.000|0.000|0.000|0.00|0
03017|UNIWALL|0.320|0.000|0.000|0.000|0.00|0
5200|UOADEV|2.190|2.180|2.180|-0.010|-0.46|3,576
5110|UOAREIT|1.380|1.370|1.380|0.000|0.00|199
7757|UPA|2.200|0.000|0.000|0.000|0.00|0
2089|UTDPLT|27.360|27.200|27.220|-0.140|-0.51|14
5754|UTUSAN|0.180|0.155|0.150|-0.030|-16.67|231
7250|UZMA|0.960|0.960|0.930|-0.030|-3.13|30,682
0060|VC|0.170|0.170|0.170|0.000|0.00|3,012
5243|VELESTO|0.295|0.295|0.285|-0.010|-3.39|222,094
524324|VELESTO-C24|0.215|0.000|0.000|0.000|0.00|0
524325|VELESTO-C25|0.025|0.000|0.000|0.000|0.00|0
524326|VELESTO-C26|0.120|0.000|0.000|0.000|0.00|0
524327|VELESTO-C27|0.100|0.000|0.000|0.000|0.00|0
5243WA|VELESTO-WA|0.110|0.110|0.115|+0.005|+4.55|26,585
4995|VERSATL|0.380|0.365|0.365|-0.015|-3.95|3
7240|VERTICE|0.880|0.870|0.870|-0.010|-1.14|150
7240WA|VERTICE-WA|0.505|0.470|0.470|-0.035|-6.93|50
0120|VIS|0.490|0.490|0.480|-0.010|-2.04|14,707
0120WB|VIS-WB|0.175|0.175|0.185|+0.010|+5.71|765
0097|VITROX|7.150|7.100|7.130|-0.020|-0.28|162
0097CL|VITROX-CL|0.005|0.000|0.000|0.000|0.00|0
0097CM|VITROX-CM|0.060|0.000|0.000|0.000|0.00|0
0069|VIVOCOM|0.015|0.015|0.020|+0.005|+33.33|3,149
0069WC|VIVOCOM-WC|0.005|0.000|0.000|0.000|0.00|0
0069WD|VIVOCOM-WD|0.005|0.000|0.000|0.000|0.00|0
0069WE|VIVOCOM-WE|0.005|0.005|0.005|0.000|0.00|66
7070|VIZIONE|0.965|0.970|0.965|0.000|0.00|2,209
7070LA|VIZIONE-LA|0.070|0.000|0.000|0.000|0.00|0
7070WC|VIZIONE-WC|0.390|0.390|0.380|-0.010|-2.56|28
6963|VS|1.010|1.010|1.040|+0.030|+2.97|188,248
696310|VS-C10|0.095|0.095|0.100|+0.005|+5.26|21,654
696311|VS-C11|0.205|0.000|0.000|0.000|0.00|0
696312|VS-C12|0.080|0.080|0.085|+0.005|+6.25|3,400
696313|VS-C13|0.100|0.100|0.105|+0.005|+5.00|45,802
696314|VS-C14|0.070|0.070|0.070|0.000|0.00|380
6963C5|VS-C5|0.005|0.000|0.000|0.000|0.00|0
6963C6|VS-C6|0.005|0.000|0.000|0.000|0.00|0
6963C7|VS-C7|0.005|0.000|0.000|0.000|0.00|0
6963C8|VS-C8|0.165|0.000|0.000|0.000|0.00|0
6963C9|VS-C9|0.135|0.135|0.140|+0.005|+3.70|10,261
0066|VSOLAR|0.220|0.220|0.225|+0.005|+2.27|133,731
5162|VSTECS|1.000|1.000|1.000|0.000|0.00|120
7203|WANGZNG|1.110|0.000|0.000|0.000|0.00|0
5016|WARISAN|2.100|2.100|2.100|0.000|0.00|4
5142|WASEONG|0.765|0.755|0.770|+0.005|+0.65|2,202
7226|WATTA|0.790|0.780|0.785|-0.005|-0.63|1,140
3565|WCEHB|0.530|0.530|0.535|+0.005|+0.94|963
9679|WCT|0.820|0.820|0.820|0.000|0.00|6,722
967914|WCT-C14|0.010|0.000|0.000|0.000|0.00|0
967915|WCT-C15|0.015|0.000|0.000|0.000|0.00|0
967916|WCT-C16|0.035|0.000|0.000|0.000|0.00|0
9679WE|WCT-WE|0.075|0.070|0.070|-0.005|-6.67|4,322
0197|WEGMANS|0.320|0.320|0.325|+0.005|+1.56|2,869
0197WA|WEGMANS-WA|0.135|0.140|0.140|+0.005|+3.70|1,750
7231|WELLCAL|1.260|1.260|1.260|0.000|0.00|50
0162|WIDAD|0.310|0.310|0.305|-0.005|-1.61|57,825
0162WA|WIDAD-WA|0.090|0.095|0.090|0.000|0.00|44,349
7692|WIDETEC|0.560|0.560|0.560|0.000|0.00|200
0008|WILLOW|0.440|0.445|0.445|+0.005|+1.14|170
0141|WINTONI|0.035|0.000|0.000|0.000|0.00|0
6378|WMG|0.125|0.125|0.125|0.000|0.00|79
7050|WONG|0.560|0.560|0.580|+0.020|+3.57|117
7025|WOODLAN|0.730|0.000|0.000|0.000|0.00|0
5246|WPRTS|3.780|3.770|3.700|-0.080|-2.12|11,028
5246CX|WPRTS-CX|0.050|0.000|0.000|0.000|0.00|0
5246CY|WPRTS-CY|0.135|0.125|0.120|-0.015|-11.11|292
5009|WTHORSE|1.170|1.140|1.060|-0.110|-9.40|1,294
4243|WTK|0.610|0.615|0.605|-0.005|-0.82|11,996
7245|WZSATU|0.275|0.275|0.290|+0.015|+5.45|11,617
7245WA|WZSATU-WA|0.115|0.115|0.125|+0.010|+8.70|2,541
5156|XDL|0.100|0.095|0.095|-0.005|-5.00|192,645
5156WD|XDL-WD|0.015|0.015|0.010|-0.005|-33.33|4,200
7121|XIANLNG|0.410|0.410|0.425|+0.015|+3.66|3,290
0581C1|XIAOMI-C1|0.020|0.010|0.010|-0.010|-50.00|28
0581C2|XIAOMI-C2|0.135|0.135|0.135|0.000|0.00|2,000
0095|XINGHE|0.035|0.035|0.030|-0.005|-14.29|3,360
5267|XINHWA|0.795|0.805|0.805|+0.010|+1.26|1,880
5155|XINQUAN|0.055|0.000|0.000|0.000|0.00|0
5155WA|XINQUAN-WA|0.005|0.000|0.000|0.000|0.00|0
5155WB|XINQUAN-WB|0.015|0.000|0.000|0.000|0.00|0
0165|XOX|0.050|0.050|0.050|0.000|0.00|28,465
7003|Y&G|0.910|0.000|0.000|0.000|0.00|0
7003WA|Y&G-WA|0.100|0.000|0.000|0.000|0.00|0
0025|YBS|0.140|0.135|0.135|-0.005|-3.57|23,101
5584|YEELEE|1.920|1.890|1.920|0.000|0.00|32
7122|YFG|0.005|0.000|0.000|0.000|0.00|0
0086|YGL|0.125|0.120|0.115|-0.010|-8.00|1,600
5048|YILAI|0.625|0.625|0.625|0.000|0.00|168
7293|YINSON|4.620|4.620|4.610|-0.010|-0.22|22,487
7293CT|YINSON-CT|0.035|0.000|0.000|0.000|0.00|0
7293CV|YINSON-CV|0.055|0.000|0.000|0.000|0.00|0
7293CW|YINSON-CW|0.120|0.000|0.000|0.000|0.00|0
7293CX|YINSON-CX|0.150|0.000|0.000|0.000|0.00|0
7020|YKGI|0.110|0.115|0.115|+0.005|+4.55|707
7020WB|YKGI-WB|0.015|0.015|0.015|0.000|0.00|300
7014|YLI|0.270|0.270|0.270|0.000|0.00|2
3158|YNHPROP|1.190|1.170|1.120|-0.070|-5.88|65,001
5159|YOCB|1.180|1.170|1.170|-0.010|-0.85|1,255
7066|YONGTAI|0.350|0.355|0.350|0.000|0.00|11,699
7066PA|YONGTAI-PA|0.215|0.215|0.215|0.000|0.00|1,040
7066WA|YONGTAI-WA|0.095|0.095|0.095|0.000|0.00|1,500
7178|YSPSAH|2.850|2.880|2.880|+0.030|+1.05|50
4677|YTL|1.080|1.080|1.090|+0.010|+0.93|10,396
467722|YTL-C22|0.050|0.000|0.000|0.000|0.00|0
467723|YTL-C23|0.060|0.000|0.000|0.000|0.00|0
467724|YTL-C24|0.070|0.000|0.000|0.000|0.00|0
2577|YTLLAND|0.390|0.390|0.390|0.000|0.00|304
2577LA|YTLLAND-LA|0.365|0.360|0.365|0.000|0.00|1,140
6742|YTLPOWR|0.835|0.835|0.845|+0.010|+1.20|5,961
6742C5|YTLPOWR-C5|0.005|0.000|0.000|0.000|0.00|0
6742C6|YTLPOWR-C6|0.045|0.000|0.000|0.000|0.00|0
6742C7|YTLPOWR-C7|0.150|0.000|0.000|0.000|0.00|0
5109|YTLREIT|1.290|1.290|1.290|0.000|0.00|4,793
7028|ZECON|0.265|0.265|0.265|0.000|0.00|14,353
2283|ZELAN|0.085|0.085|0.085|0.000|0.00|46,456
5131|ZHULIAN|1.380|1.380|1.360|-0.020|-1.45|86
0012|3A|0.950|0.950|0.980|+0.030|+3.16|8,884
