070322|A50CHIN-C22|0.195|0.210|0.215|+0.020|+10.26|500
070324|A50CHIN-C24|0.840|0.855|0.815|-0.025|-2.98|400
070326|A50CHIN-C26|0.495|0.495|0.495|0.000|0.00|300
070328|A50CHIN-C28|0.250|0.265|0.250|0.000|0.00|4,802
070330|A50CHIN-C30|0.345|0.365|0.340|-0.005|-1.45|21,049
070332|A50CHIN-C32|0.720|0.000|0.000|0.000|0.00|0
070334|A50CHIN-C34|1.010|0.000|0.000|0.000|0.00|0
070336|A50CHIN-C36|0.550|0.585|0.565|+0.015|+2.73|5,724
070338|A50CHIN-C38|0.240|0.260|0.235|-0.005|-2.08|240,463
070321|A50CHIN-H21|0.050|0.000|0.000|0.000|0.00|0
070323|A50CHIN-H23|0.005|0.000|0.000|0.000|0.00|0
070325|A50CHIN-H25|0.035|0.000|0.000|0.000|0.00|0
070327|A50CHIN-H27|0.065|0.065|0.070|+0.005|+7.69|9,809
070329|A50CHIN-H29|0.370|0.360|0.375|+0.005|+1.35|255,400
7054|AASIA|0.160|0.000|0.000|0.000|0.00|0
5238|AAX|0.255|0.255|0.250|-0.005|-1.96|35,197
523820|AAX-C20|0.005|0.000|0.000|0.000|0.00|0
523821|AAX-C21|0.005|0.000|0.000|0.000|0.00|0
5238WA|AAX-WA|0.055|0.050|0.050|-0.005|-9.09|8,408
0800EA|ABFMY1|1.173|0.000|0.000|0.000|0.00|0
7086|ABLEGRP|0.075|0.070|0.070|-0.005|-6.67|190
2488|ABMB|4.220|4.230|4.200|-0.020|-0.47|1,707
2488CY|ABMB-CY|0.100|0.000|0.000|0.000|0.00|0
7131|ACME|0.250|0.000|0.000|0.000|0.00|0
7120|ACOSTEC|0.425|0.425|0.430|+0.005|+1.18|7,741
5281|ADVCON|0.415|0.415|0.420|+0.005|+1.20|10,503
7191|ADVENTA|0.355|0.350|0.350|-0.005|-1.41|30
9148|ADVPKG|1.810|0.000|0.000|0.000|0.00|0
7146|AEM|0.110|0.000|0.000|0.000|0.00|0
7146WA|AEM-WA|0.005|0.005|0.005|0.000|0.00|2
0181|AEMULUS|0.255|0.260|0.255|0.000|0.00|5,143
6599|AEON|1.540|1.540|1.540|0.000|0.00|9,097
6599CO|AEON-CO|0.040|0.035|0.035|-0.005|-12.50|922
6599CP|AEON-CP|0.050|0.000|0.000|0.000|0.00|0
6599CQ|AEON-CQ|0.030|0.000|0.000|0.000|0.00|0
5139|AEONCR|17.180|17.180|17.100|-0.080|-0.47|1,351
5139LA|AEONCR-LA|1.520|1.530|1.560|+0.040|+2.63|100
5185|AFFIN|2.270|2.250|2.240|-0.030|-1.32|816
5198|AFUJIYA|0.525|0.505|0.505|-0.020|-3.81|70
7315|AHB|0.140|0.140|0.135|-0.005|-3.57|4,157
7315WB|AHB-WB|0.010|0.010|0.010|0.000|0.00|12,430
7090|AHEALTH|9.110|9.110|9.200|+0.090|+0.99|85
4952|AHP|0.780|0.780|0.760|-0.020|-2.56|180
0122|AIM|0.240|0.250|0.250|+0.010|+4.17|135
5099|AIRASIA|2.790|2.800|2.770|-0.020|-0.72|40,498
509959|AIRASIAC59|0.020|0.000|0.000|0.000|0.00|0
509967|AIRASIAC67|0.105|0.105|0.095|-0.010|-9.52|2,830
509968|AIRASIAC68|0.005|0.000|0.000|0.000|0.00|0
509969|AIRASIAC69|0.010|0.005|0.005|-0.005|-50.00|5,000
509970|AIRASIAC70|0.010|0.000|0.000|0.000|0.00|0
509971|AIRASIAC71|0.080|0.080|0.080|0.000|0.00|400
509972|AIRASIAC72|0.210|0.190|0.190|-0.020|-9.52|200
509973|AIRASIAC73|0.215|0.220|0.205|-0.010|-4.65|1,200
509974|AIRASIAC74|0.340|0.000|0.000|0.000|0.00|0
509975|AIRASIAC75|0.145|0.000|0.000|0.000|0.00|0
509976|AIRASIAC76|0.070|0.000|0.000|0.000|0.00|0
509977|AIRASIAC77|0.075|0.080|0.075|0.000|0.00|24,500
509978|AIRASIAC78|0.105|0.105|0.105|0.000|0.00|5,000
509979|AIRASIAC79|0.055|0.050|0.050|-0.005|-9.09|5,521
509980|AIRASIAC80|0.050|0.050|0.050|0.000|0.00|8,000
5014|AIRPORT|7.700|7.660|7.650|-0.050|-0.65|28,728
5014C2|AIRPORT-C2|0.005|0.000|0.000|0.000|0.00|0
5014C4|AIRPORT-C4|0.035|0.035|0.035|0.000|0.00|100
5014C5|AIRPORT-C5|0.055|0.000|0.000|0.000|0.00|0
5014C6|AIRPORT-C6|0.120|0.000|0.000|0.000|0.00|0
5014C7|AIRPORT-C7|0.080|0.075|0.080|0.000|0.00|5,900
2682|AISB|0.255|0.000|0.000|0.000|0.00|0
2658|AJI|18.180|18.180|18.140|-0.040|-0.22|124
7609|AJIYA|0.540|0.540|0.540|0.000|0.00|404
7609WA|AJIYA-WA|0.095|0.095|0.095|0.000|0.00|380
5115|ALAM|0.115|0.115|0.120|+0.005|+4.35|46,956
5116|ALAQAR|1.350|1.350|1.340|-0.010|-0.74|457
2674|ALCOM|0.540|0.540|0.550|+0.010|+1.85|1,487
1163|ALLIANZ|14.400|14.520|14.480|+0.080|+0.56|1,143
1163PA|ALLIANZ-PA|14.300|0.000|0.000|0.000|0.00|0
5269|ALSREIT|0.845|0.850|0.850|+0.005|+0.59|241
1015|AMBANK|4.610|4.620|4.470|-0.140|-3.04|26,056
101510|AMBANK-C10|0.180|0.155|0.150|-0.030|-16.67|1,400
101511|AMBANK-C11|0.165|0.000|0.000|0.000|0.00|0
101512|AMBANK-C12|0.140|0.000|0.000|0.000|0.00|0
101513|AMBANK-C13|0.100|0.095|0.095|-0.005|-5.00|100
0159|AMEDIA|0.155|0.150|0.150|-0.005|-3.23|757
5120|AMFIRST|0.535|0.535|0.530|-0.005|-0.93|939
03011|AMLEX|0.180|0.000|0.000|0.000|0.00|0
1007|AMPROP|0.515|0.520|0.515|0.000|0.00|368
1007PA|AMPROP-PA|0.250|0.250|0.250|0.000|0.00|133
1007PB|AMPROP-PB|0.580|0.000|0.000|0.000|0.00|0
7031|AMTEL|0.665|0.680|0.665|0.000|0.00|20
5959|AMVERTON|1.240|1.240|1.230|-0.010|-0.81|392
6351|AMWAY|5.960|5.980|5.920|-0.040|-0.67|1,591
7083|ANALABS|1.130|1.180|1.180|+0.050|+4.42|1
4758|ANCOM|0.465|0.470|0.480|+0.015|+3.23|1,789
0048|ANCOMLB|0.085|0.080|0.085|0.000|0.00|2,884
6556|ANNJOO|1.560|1.560|1.520|-0.040|-2.56|6,416
6556PA|ANNJOO-PA|0.490|0.000|0.000|0.000|0.00|0
9342|ANZO|0.035|0.035|0.040|+0.005|+14.29|27,002
9342WA|ANZO-WA|0.005|0.000|0.000|0.000|0.00|0
9342WB|ANZO-WB|0.025|0.000|0.000|0.000|0.00|0
9342WC|ANZO-WC|0.005|0.000|0.000|0.000|0.00|0
5568|APB|0.700|0.700|0.700|0.000|0.00|1
5088|APEX|1.080|0.000|0.000|0.000|0.00|0
5194|APFT|0.020|0.020|0.020|0.000|0.00|191,216
5015|APM|3.010|3.000|3.000|-0.010|-0.33|7
6432|APOLLO|3.920|3.900|3.900|-0.020|-0.51|20
0119|APPASIA|0.095|0.085|0.090|-0.005|-5.26|5,856
0119WA|APPASIA-WA|0.040|0.035|0.035|-0.005|-12.50|150
7214|ARANK|0.540|0.545|0.550|+0.010|+1.85|4,773
7007|ARK|0.360|0.000|0.000|0.000|0.00|0
7007WB|ARK-WB|0.090|0.000|0.000|0.000|0.00|0
5210|ARMADA|0.185|0.190|0.185|0.000|0.00|303,875
521040|ARMADA-C40|0.005|0.000|0.000|0.000|0.00|0
521043|ARMADA-C43|0.005|0.000|0.000|0.000|0.00|0
521045|ARMADA-C45|0.005|0.000|0.000|0.000|0.00|0
521046|ARMADA-C46|0.005|0.000|0.000|0.000|0.00|0
521047|ARMADA-C47|0.005|0.000|0.000|0.000|0.00|0
521048|ARMADA-C48|0.005|0.000|0.000|0.000|0.00|0
521049|ARMADA-C49|0.005|0.000|0.000|0.000|0.00|0
521050|ARMADA-C50|0.015|0.000|0.000|0.000|0.00|0
5127|ARREIT|0.835|0.840|0.835|0.000|0.00|997
1481|ASB|0.140|0.140|0.140|0.000|0.00|38,474
0068|ASDION|0.270|0.270|0.270|0.000|0.00|18,085
0068WB|ASDION-WB|0.005|0.000|0.000|0.000|0.00|0
7722|ASIABRN|0.500|0.000|0.000|0.000|0.00|0
7129|ASIAFLE|2.510|2.550|2.560|+0.050|+1.99|915
4057|ASIAPAC|0.125|0.125|0.120|-0.005|-4.00|5,780
4057LC|ASIAPAC-LC|0.580|0.000|0.000|0.000|0.00|0
4057WB|ASIAPAC-WB|0.045|0.000|0.000|0.000|0.00|0
0105|ASIAPLY|0.080|0.080|0.080|0.000|0.00|2,316
0105PA|ASIAPLY-PA|0.035|0.035|0.035|0.000|0.00|1,000
0105WA|ASIAPLY-WA|0.015|0.015|0.015|0.000|0.00|45
0105WB|ASIAPLY-WB|0.025|0.025|0.025|0.000|0.00|317
7162|ASTINO|0.700|0.700|0.700|0.000|0.00|1
6399|ASTRO|1.580|1.570|1.570|-0.010|-0.63|20,688
639910|ASTRO-C10|0.115|0.000|0.000|0.000|0.00|0
639911|ASTRO-C11|0.110|0.000|0.000|0.000|0.00|0
639912|ASTRO-C12|0.080|0.080|0.080|0.000|0.00|300
639913|ASTRO-C13|0.075|0.075|0.075|0.000|0.00|2,000
639914|ASTRO-C14|0.065|0.000|0.000|0.000|0.00|0
0072|AT|0.050|0.045|0.045|-0.005|-10.00|333
0072WB|AT-WB|0.005|0.000|0.000|0.000|0.00|0
8176|ATAIMS|1.740|1.720|1.780|+0.040|+2.30|9,130
7048|ATLAN|4.500|4.500|4.480|-0.020|-0.44|97
5130|ATRIUM|1.100|1.120|1.110|+0.010|+0.91|1,405
7099|ATTA|0.615|0.615|0.620|+0.005|+0.81|141
7099LA|ATTA-LA|0.080|0.000|0.000|0.000|0.00|0
7099PA|ATTA-PA|0.130|0.130|0.130|0.000|0.00|385
7099WB|ATTA-WB|0.135|0.000|0.000|0.000|0.00|0
7099WC|ATTA-WC|0.090|0.000|0.000|0.000|0.00|0
7181|ATURMJU|0.350|0.350|0.340|-0.010|-2.86|23,406
7181PA|ATURMJU-PA|0.170|0.180|0.175|+0.005|+2.94|8,367
8885|AVI|0.210|0.205|0.200|-0.010|-4.76|4,935
7579|AWC|0.760|0.750|0.760|0.000|0.00|7,136
7579WA|AWC-WA|0.250|0.250|0.250|0.000|0.00|867
6888|AXIATA|4.210|4.240|4.210|0.000|0.00|59,670
688828|AXIATA-C28|0.020|0.000|0.000|0.000|0.00|0
688830|AXIATA-C30|0.040|0.000|0.000|0.000|0.00|0
688831|AXIATA-C31|0.040|0.000|0.000|0.000|0.00|0
688832|AXIATA-C32|0.110|0.000|0.000|0.000|0.00|0
688833|AXIATA-C33|0.175|0.180|0.180|+0.005|+2.86|3,652
688834|AXIATA-C34|0.180|0.190|0.180|0.000|0.00|408
688835|AXIATA-C35|0.155|0.150|0.145|-0.010|-6.45|3,000
688836|AXIATA-C36|0.200|0.000|0.000|0.000|0.00|0
688837|AXIATA-C37|0.095|0.090|0.090|-0.005|-5.26|12
5106|AXREIT|1.750|1.750|1.750|0.000|0.00|1,866
2305|AYER|4.400|4.600|4.600|+0.200|+4.55|1
5021|AYS|0.345|0.340|0.340|-0.005|-1.45|2,242
7078|AZRB|0.510|0.510|0.490|-0.020|-3.92|20,449
7078WA|AZRB-WA|0.245|0.250|0.240|-0.005|-2.04|2,120
0098|BAHVEST|0.685|0.680|0.660|-0.025|-3.65|102,964
0098WA|BAHVEST-WA|0.430|0.410|0.415|-0.015|-3.49|70,561
7251|BARAKAH|0.105|0.110|0.110|+0.005|+4.76|133,812
4162|BAT|34.600|34.760|34.720|+0.120|+0.35|621
4162CM|BAT-CM|0.065|0.000|0.000|0.000|0.00|0
4162CN|BAT-CN|0.130|0.000|0.000|0.000|0.00|0
4162CO|BAT-CO|0.075|0.000|0.000|0.000|0.00|0
5248|BAUTO|2.330|2.330|2.320|-0.010|-0.43|77,216
5248C1|BAUTO-C1|0.085|0.080|0.080|-0.005|-5.88|800
5248CY|BAUTO-CY|0.140|0.140|0.140|0.000|0.00|2,000
5248CZ|BAUTO-CZ|0.215|0.205|0.205|-0.010|-4.65|5,684
6602|BCB|0.305|0.305|0.295|-0.010|-3.28|382
0187|BCMALL|0.195|0.200|0.195|0.000|0.00|12,528
6173|BDB|0.490|0.485|0.455|-0.035|-7.14|17,258
5190|BENALEC|0.195|0.195|0.195|0.000|0.00|2,513
9814|BERTAM|0.275|0.000|0.000|0.000|0.00|0
8133|BHIC|1.200|1.210|1.200|0.000|0.00|54
7005|BIG|0.425|0.430|0.410|-0.015|-3.53|3,264
5258|BIMB|4.220|4.250|4.200|-0.020|-0.47|2,451
5258WA|BIMB-WA|0.250|0.250|0.250|0.000|0.00|2,733
0195|BINACOM|0.400|0.395|0.390|-0.010|-2.50|3,527
6998|BINTAI|0.135|0.135|0.135|0.000|0.00|250
6998WA|BINTAI-WA|0.045|0.000|0.000|0.000|0.00|0
0179|BIOHLDG|0.210|0.215|0.205|-0.005|-2.38|7,161
0179WA|BIOHLDG-WA|0.085|0.000|0.000|0.000|0.00|0
7243|BIOOSMO|0.055|0.055|0.055|0.000|0.00|22,300
5032|BIPORT|4.770|4.770|4.790|+0.020|+0.42|90
3239|BJASSET|0.300|0.300|0.300|0.000|0.00|3,127
3239WB|BJASSET-WB|0.060|0.065|0.060|0.000|0.00|1,590
3395|BJCORP|0.270|0.270|0.265|-0.005|-1.85|492,851
339510|BJCORP-C10|0.005|0.005|0.005|0.000|0.00|500
339511|BJCORP-C11|0.020|0.020|0.020|0.000|0.00|510
3395LD|BJCORP-LD|0.345|0.345|0.345|0.000|0.00|904
3395LE|BJCORP-LE|0.385|0.000|0.000|0.000|0.00|0
3395WB|BJCORP-WB|0.045|0.045|0.040|-0.005|-11.11|3,010
3395WC|BJCORP-WC|0.075|0.070|0.075|0.000|0.00|28,602
5196|BJFOOD|1.640|1.650|1.640|0.000|0.00|7,265
4219|BJLAND|0.270|0.265|0.270|0.000|0.00|37,745
6025|BJMEDIA|0.150|0.165|0.150|0.000|0.00|917
1562|BJTOTO|2.320|2.330|2.320|0.000|0.00|6,813
1562CW|BJTOTO-CW|0.060|0.000|0.000|0.000|0.00|0
1562CX|BJTOTO-CX|0.090|0.000|0.000|0.000|0.00|0
1899|BKAWAN|17.100|17.100|16.980|-0.120|-0.70|81
5069|BLDPLNT|6.960|6.720|6.720|-0.240|-3.45|49
0508C5|BOC-C5|0.130|0.000|0.000|0.000|0.00|0
0168|BOILERM|0.530|0.530|0.530|0.000|0.00|200
9288|BONIA|0.260|0.255|0.260|0.000|0.00|2,626
7036|BORNOIL|0.040|0.045|0.040|0.000|0.00|53,448
7036WC|BORNOIL-WC|0.020|0.015|0.020|0.000|0.00|760
7036WD|BORNOIL-WD|0.025|0.020|0.015|-0.010|-40.00|11,230
6297|BOXPAK|1.080|0.000|0.000|0.000|0.00|0
6297WA|BOXPAK-WA|0.175|0.000|0.000|0.000|0.00|0
5254|BPLANT|0.810|0.820|0.805|-0.005|-0.62|2,132
5100|BPPLAS|1.100|1.100|1.100|0.000|0.00|418
5932|BPURI|0.185|0.185|0.185|0.000|0.00|16,533
9474|BRAHIMS|0.155|0.155|0.155|0.000|0.00|12,411
8761|BREM|0.780|0.770|0.770|-0.010|-1.28|58
9938|BRIGHT|0.195|0.195|0.195|0.000|0.00|350
7221|BSLCORP|0.410|0.405|0.405|-0.005|-1.22|351
2771|BSTEAD|1.350|1.360|1.340|-0.010|-0.74|1,069
0011|BTECH|0.310|0.310|0.305|-0.005|-1.61|15,450
7188|BTM|0.115|0.105|0.105|-0.010|-8.70|2
7188WA|BTM-WA|0.010|0.010|0.010|0.000|0.00|389
7188WB|BTM-WB|0.040|0.000|0.000|0.000|0.00|0
1818|BURSA|6.900|6.910|6.890|-0.010|-0.14|3,293
181820|BURSA-C20|0.005|0.000|0.000|0.000|0.00|0
181821|BURSA-C21|0.075|0.000|0.000|0.000|0.00|0
181822|BURSA-C22|0.050|0.000|0.000|0.000|0.00|0
181823|BURSA-C23|0.045|0.045|0.045|0.000|0.00|180
7174|CAB|0.610|0.600|0.600|-0.010|-1.64|5,079
7174WA|CAB-WA|0.450|0.000|0.000|0.000|0.00|0
0191|CABNET|0.295|0.295|0.285|-0.010|-3.39|1,699
0191WA|CABNET-WA|0.055|0.000|0.000|0.000|0.00|0
7154|CAELY|0.940|0.000|0.000|0.000|0.00|0
7154WA|CAELY-WA|0.550|0.000|0.000|0.000|0.00|0
7128|CAMRES|0.260|0.000|0.000|0.000|0.00|0
5105|CANONE|3.000|3.030|2.990|-0.010|-0.33|1,532
5229|CAP|0.010|0.000|0.000|0.000|0.00|0
0163|CAREPLS|0.165|0.165|0.160|-0.005|-3.03|11,473
5257|CARIMIN|0.870|0.890|0.875|+0.005|+0.57|121,171
5245|CARING|1.950|1.940|1.950|0.000|0.00|250
2836|CARLSBG|25.640|25.760|25.600|-0.040|-0.16|2,375
7076|CBIP|1.080|1.080|1.070|-0.010|-0.93|1,587
7076WA|CBIP-WA|0.015|0.010|0.010|-0.005|-33.33|2,300
2925|CCB|1.590|1.550|1.560|-0.030|-1.89|522
7035|CCK|0.595|0.595|0.610|+0.015|+2.52|82,446
7035WA|CCK-WA|0.130|0.130|0.130|0.000|0.00|75,132
2879|CCM|1.910|0.000|0.000|0.000|0.00|0
5195|CENSOF|0.145|0.145|0.150|+0.005|+3.45|969
5195WB|CENSOF-WB|0.005|0.000|0.000|0.000|0.00|0
8982|CEPAT|0.585|0.590|0.590|+0.005|+0.85|400
8435|CEPCO|0.660|0.645|0.645|-0.015|-2.27|8
8044|CFM|1.260|0.000|0.000|0.000|0.00|0
0579C1|CGARDEN-C1|0.105|0.000|0.000|0.000|0.00|0
7209|CHEETAH|0.310|0.000|0.000|0.000|0.00|0
7187|CHGP|0.365|0.000|0.000|0.000|0.00|0
7187WA|CHGP-WA|0.175|0.000|0.000|0.000|0.00|0
5738|CHHB|1.520|1.540|1.540|+0.020|+1.32|862
5738WB|CHHB-WB|0.400|0.390|0.400|0.000|0.00|407
0829EA|CHINAETF-MYR|5.850|5.800|5.830|-0.020|-0.34|25
0829EB|CHINAETF-USD|1.275|0.000|0.000|0.000|0.00|0
5273|CHINHIN|0.800|0.790|0.800|0.000|0.00|904
1929|CHINTEK|6.600|6.600|6.600|0.000|0.00|40
5007|CHINWEL|1.830|1.800|1.790|-0.040|-2.19|294
0501CG|CHMOBIL-CG|0.185|0.000|0.000|0.000|0.00|0
5797|CHOOBEE|1.610|0.000|0.000|0.000|0.00|0
7016|CHUAN|0.410|0.000|0.000|0.000|0.00|0
8052|CICB|0.590|0.000|0.000|0.000|0.00|0
2828|CIHLDG|1.450|0.000|0.000|0.000|0.00|0
1023|CIMB|5.390|5.400|5.330|-0.060|-1.11|168,201
102340|CIMB-C40|0.025|0.000|0.000|0.000|0.00|0
102341|CIMB-C41|0.075|0.000|0.000|0.000|0.00|0
102342|CIMB-C42|0.050|0.000|0.000|0.000|0.00|0
102343|CIMB-C43|0.025|0.000|0.000|0.000|0.00|0
102344|CIMB-C44|0.035|0.000|0.000|0.000|0.00|0
102345|CIMB-C45|0.060|0.060|0.060|0.000|0.00|14,982
102346|CIMB-C46|0.080|0.000|0.000|0.000|0.00|0
102347|CIMB-C47|0.070|0.075|0.070|0.000|0.00|500
0822EA|CIMBA40|1.855|0.000|0.000|0.000|0.00|0
0823EA|CIMBC50|1.625|1.630|1.630|+0.005|+0.31|2
7117|CJCEN|0.440|0.440|0.435|-0.005|-1.14|1,492
0514C3|CKHUTCH-C3|0.075|0.000|0.000|0.000|0.00|0
03001|CLOUD|0.300|0.000|0.000|0.000|0.00|0
7018|CME|0.040|0.000|0.000|0.000|0.00|0
7018LA|CME-LA|0.025|0.000|0.000|0.000|0.00|0
7018WA|CME-WA|0.025|0.000|0.000|0.000|0.00|0
5180|CMMT|1.120|1.130|1.110|-0.010|-0.89|645
2852|CMSB|3.300|3.300|3.350|+0.050|+1.52|9,836
285214|CMSB-C14|0.085|0.000|0.000|0.000|0.00|0
285215|CMSB-C15|0.125|0.125|0.120|-0.005|-4.00|1,520
7986|CNASIA|0.450|0.000|0.000|0.000|0.00|0
5104|CNI|0.070|0.070|0.070|0.000|0.00|590
5188|CNOUHUA|0.055|0.050|0.050|-0.005|-9.09|3,570
5071|COASTAL|1.110|1.110|1.120|+0.010|+0.90|805
7205|COCOLND|1.990|1.990|1.990|0.000|0.00|12
7195|COMCORP|0.125|0.120|0.105|-0.020|-16.00|556
2127|COMFORT|0.820|0.815|0.810|-0.010|-1.22|3,976
5136|COMPLET|0.880|0.880|0.880|0.000|0.00|247
5037|COMPUGT|0.025|0.025|0.025|0.000|0.00|107,899
0102|CONNECT|0.105|0.105|0.105|0.000|0.00|500
0102PA|CONNECT-PA|0.030|0.000|0.000|0.000|0.00|0
0102WA|CONNECT-WA|0.030|0.000|0.000|0.000|0.00|0
0102WB|CONNECT-WB|0.040|0.000|0.000|0.000|0.00|0
8591|CRESBLD|1.150|1.180|1.170|+0.020|+1.74|54,595
6718|CRESNDO|1.330|1.310|1.320|-0.010|-0.75|1,430
03016|CRG|0.045|0.045|0.045|0.000|0.00|11,470
7202|CSCENIC|1.120|1.130|1.110|-0.010|-0.89|550
5094|CSCSTEL|1.070|1.070|1.070|0.000|0.00|736
5214|CSL|0.010|0.000|0.000|0.000|0.00|0
0051|CUSCAPI|0.210|0.210|0.215|+0.005|+2.38|58,184
5049|CVIEW|1.520|0.000|0.000|0.000|0.00|0
9423|CWG|0.415|0.000|0.000|0.000|0.00|0
7157|CYL|0.465|0.000|0.000|0.000|0.00|0
5082|CYMAO|0.345|0.000|0.000|0.000|0.00|0
5184|CYPARK|1.700|1.710|1.700|0.000|0.00|3,084
7204|D&O|0.715|0.715|0.695|-0.020|-2.80|26,324
8125|DAIBOCI|1.580|1.590|1.600|+0.020|+1.27|2,810
8125WB|DAIBOCI-WB|0.135|0.150|0.130|-0.005|-3.70|2,972
5355|DAIMAN|2.990|0.000|0.000|0.000|0.00|0
5276|DANCO|0.610|0.610|0.605|-0.005|-0.82|10,520
5276WA|DANCO-WA|0.355|0.350|0.355|0.000|0.00|20,694
8338|DATAPRP|0.225|0.230|0.220|-0.005|-2.22|8,870
0091|DAYA|0.010|0.010|0.010|0.000|0.00|9,101
5141|DAYANG|1.410|1.430|1.390|-0.020|-1.42|292,796
7179|DBE|0.030|0.030|0.030|0.000|0.00|2,264
7179WB|DBE-WB|0.010|0.000|0.000|0.000|0.00|0
3484|DBHD|0.550|0.550|0.505|-0.045|-8.18|16,829
3484WA|DBHD-WA|0.130|0.130|0.120|-0.010|-7.69|5,971
7119|DEGEM|1.050|0.000|0.000|0.000|0.00|0
5132|DELEUM|1.090|1.090|1.100|+0.010|+0.92|1,326
7212|DESTINI|0.325|0.330|0.320|-0.005|-1.54|147,077
0152|DGB|0.125|0.000|0.000|0.000|0.00|0
0152WB|DGB-WB|0.030|0.030|0.030|0.000|0.00|80
0131|DGSB|0.080|0.080|0.080|0.000|0.00|1,900
7277|DIALOG|3.180|3.200|3.180|0.000|0.00|56,799
727733|DIALOG-C33|0.005|0.000|0.000|0.000|0.00|0
727735|DIALOG-C35|0.005|0.000|0.000|0.000|0.00|0
727736|DIALOG-C36|0.040|0.000|0.000|0.000|0.00|0
727737|DIALOG-C37|0.040|0.040|0.040|0.000|0.00|506
727738|DIALOG-C38|0.025|0.000|0.000|0.000|0.00|0
727739|DIALOG-C39|0.050|0.000|0.000|0.000|0.00|0
727740|DIALOG-C40|0.100|0.105|0.100|0.000|0.00|3,220
727741|DIALOG-C41|0.090|0.095|0.090|0.000|0.00|8,745
727742|DIALOG-C42|0.135|0.000|0.000|0.000|0.00|0
727743|DIALOG-C43|0.100|0.000|0.000|0.000|0.00|0
727744|DIALOG-C44|0.075|0.065|0.060|-0.015|-20.00|1,054
6947|DIGI|4.660|4.670|4.610|-0.050|-1.07|33,808
694724|DIGI-C24|0.045|0.045|0.035|-0.010|-22.22|12
694725|DIGI-C25|0.105|0.000|0.000|0.000|0.00|0
694726|DIGI-C26|0.115|0.000|0.000|0.000|0.00|0
694727|DIGI-C27|0.110|0.000|0.000|0.000|0.00|0
694728|DIGI-C28|0.050|0.000|0.000|0.000|0.00|0
0029|DIGISTA|0.045|0.045|0.045|0.000|0.00|1,350
0029WB|DIGISTA-WB|0.015|0.000|0.000|0.000|0.00|0
0400GA|DIN040000223|99.500|0.000|0.000|0.000|0.00|0
0400GC|DIN042300721|100.500|0.000|0.000|0.000|0.00|0
0400GB|DIN045801028|100.700|0.000|0.000|0.000|0.00|0
7528|DKLS|1.750|0.000|0.000|0.000|0.00|0
5908|DKSH|2.470|2.450|2.400|-0.070|-2.83|1,465
3026|DLADY|64.000|63.900|64.000|0.000|0.00|109
4456|DNEX|0.285|0.290|0.285|0.000|0.00|40,829
4456WD|DNEX-WD|0.070|0.075|0.075|+0.005|+7.14|20,655
7114|DNONCE|0.470|0.470|0.455|-0.015|-3.19|524
7114WA|DNONCE-WA|0.200|0.195|0.195|-0.005|-2.50|400
5835|DOLMITE|0.100|0.110|0.110|+0.010|+10.00|820
5265|DOLPHIN|0.140|0.140|0.140|0.000|0.00|3,310
5265WA|DOLPHIN-WA|0.030|0.030|0.030|0.000|0.00|2,630
7169|DOMINAN|1.260|1.240|1.260|0.000|0.00|442
7169WA|DOMINAN-WA|0.090|0.070|0.075|-0.015|-16.67|1,596
7148|DPHARMA|1.160|1.160|1.200|+0.040|+3.45|25,361
0205|DPIH|0.205|0.205|0.200|-0.005|-2.44|7,545
7198|DPS|0.075|0.070|0.075|0.000|0.00|351
7198WB|DPS-WB|0.030|0.030|0.030|0.000|0.00|2,000
1619|DRBHCOM|1.860|1.860|1.870|+0.010|+0.54|25,766
161960|DRBHCOMC60|0.020|0.020|0.020|0.000|0.00|8,970
161962|DRBHCOMC62|0.005|0.000|0.000|0.000|0.00|0
161963|DRBHCOMC63|0.005|0.000|0.000|0.000|0.00|0
161964|DRBHCOMC64|0.005|0.000|0.000|0.000|0.00|0
161966|DRBHCOMC66|0.005|0.005|0.005|0.000|0.00|195
161967|DRBHCOMC67|0.015|0.000|0.000|0.000|0.00|0
161968|DRBHCOMC68|0.085|0.085|0.085|0.000|0.00|18,014
161969|DRBHCOMC69|0.125|0.000|0.000|0.000|0.00|0
161970|DRBHCOMC70|0.145|0.150|0.155|+0.010|+6.90|7,115
161971|DRBHCOMC71|0.130|0.000|0.000|0.000|0.00|0
161972|DRBHCOMC72|0.125|0.120|0.120|-0.005|-4.00|1,000
161973|DRBHCOMC73|0.095|0.000|0.000|0.000|0.00|0
161974|DRBHCOMC74|0.085|0.080|0.085|0.000|0.00|5,200
161975|DRBHCOMC75|0.080|0.080|0.075|-0.005|-6.25|1,506
5216|DSONIC|0.515|0.520|0.505|-0.010|-1.94|47,700
5216WA|DSONIC-WA|0.090|0.085|0.090|0.000|0.00|5,378
7233|DUFU|1.590|1.590|1.560|-0.030|-1.89|9,416
3948|DUTALND|0.500|0.500|0.490|-0.010|-2.00|6,218
7165|DWL|0.785|0.000|0.000|0.000|0.00|0
7165PA|DWL-PA|0.200|0.205|0.205|+0.005|+2.50|903
7165WA|DWL-WA|0.225|0.000|0.000|0.000|0.00|0
5178|DYNACIA|0.095|0.095|0.100|+0.005|+5.26|977,401
5178PA|DYNACIA-PA|0.050|0.050|0.050|0.000|0.00|16,705
5178WA|DYNACIA-WA|0.040|0.040|0.040|0.000|0.00|2,299
3417|E&O|0.915|0.920|0.915|0.000|0.00|15,925
341713|E&O-C13|0.110|0.105|0.105|-0.005|-4.55|4,000
341714|E&O-C14|0.150|0.000|0.000|0.000|0.00|0
3417WB|E&O-WB|0.005|0.000|0.000|0.000|0.00|0
0154|EAH|0.020|0.020|0.020|0.000|0.00|9,285
0154WC|EAH-WC|0.005|0.000|0.000|0.000|0.00|0
0154WD|EAH-WD|0.010|0.005|0.005|-0.005|-50.00|8,504
0154WE|EAH-WE|0.010|0.005|0.010|0.000|0.00|3,647
2097|EASTLND|0.105|0.100|0.100|-0.005|-4.76|1,700
5259|EATECH|0.460|0.465|0.455|-0.005|-1.09|4,313
2143|ECM|0.270|0.270|0.270|0.000|0.00|323
3557|ECOFIRS|0.300|0.295|0.300|0.000|0.00|4,379
3557WC|ECOFIRS-WC|0.020|0.015|0.020|0.000|0.00|4,750
0059|ECOHLDS|0.300|0.295|0.300|0.000|0.00|336
5253|ECONBHD|0.475|0.480|0.470|-0.005|-1.05|154,526
5253WA|ECONBHD-WA|0.110|0.115|0.115|+0.005|+4.55|15,429
8206|ECOWLD|0.930|0.940|0.940|+0.010|+1.08|3,885
8206CQ|ECOWLD-CQ|0.005|0.000|0.000|0.000|0.00|0
8206CS|ECOWLD-CS|0.035|0.000|0.000|0.000|0.00|0
8206CT|ECOWLD-CT|0.150|0.000|0.000|0.000|0.00|0
8206WA|ECOWLD-WA|0.180|0.175|0.180|0.000|0.00|445
5036|EDARAN|0.535|0.535|0.535|0.000|0.00|8,147
7471|EDEN|0.135|0.135|0.135|0.000|0.00|51,891
7471WB|EDEN-WB|0.055|0.050|0.050|-0.005|-9.09|630
1368|EDGENTA|2.820|2.820|2.820|0.000|0.00|470
0107|EDUSPEC|0.030|0.030|0.030|0.000|0.00|17,055
0064|EFFICEN|0.200|0.180|0.200|0.000|0.00|1,621
0065|EFORCE|0.480|0.480|0.475|-0.005|-1.04|16,735
0065WA|EFORCE-WA|0.135|0.130|0.135|0.000|0.00|12,431
8907|EG|0.490|0.490|0.465|-0.025|-5.10|17,402
8907PA|EG-PA|0.490|0.500|0.500|+0.010|+2.04|137
8907WC|EG-WC|0.145|0.150|0.140|-0.005|-3.45|6,532
5081|EIG|0.590|0.000|0.000|0.000|0.00|0
5208|EITA|1.290|1.310|1.320|+0.030|+2.33|200
7182|EKA|0.060|0.060|0.060|0.000|0.00|800
8877|EKOVEST|0.540|0.540|0.520|-0.020|-3.70|112,192
8877CQ|EKOVEST-CQ|0.005|0.000|0.000|0.000|0.00|0
8877CS|EKOVEST-CS|0.035|0.000|0.000|0.000|0.00|0
8877CT|EKOVEST-CT|0.040|0.045|0.035|-0.005|-12.50|4,000
8877WB|EKOVEST-WB|0.080|0.075|0.075|-0.005|-6.25|38,789
9016|EKSONS|0.810|0.000|0.000|0.000|0.00|0
5228|ELKDESA|1.390|1.400|1.380|-0.010|-0.72|918
5228LA|ELKDESA-LA|1.170|0.000|0.000|0.000|0.00|0
0090|ELSOFT|1.000|1.000|1.010|+0.010|+1.00|7,345
7217|EMETALL|0.410|0.420|0.430|+0.020|+4.88|3,856
9091|EMICO|0.180|0.185|0.175|-0.005|-2.78|760
6076|ENCORP|0.380|0.000|0.000|0.000|0.00|0
7149|ENGKAH|1.010|0.000|0.000|0.000|0.00|0
5056|ENGTEX|0.830|0.830|0.840|+0.010|+1.20|1,153
8613|ENRA|1.450|1.460|1.450|0.000|0.00|30
7773|EPMB|0.370|0.000|0.000|0.000|0.00|0
0190|ESAFE|0.205|0.210|0.205|0.000|0.00|1,030
0100|ESCERAM|0.155|0.160|0.150|-0.005|-3.23|8,150
03021|ETH|0.185|0.185|0.185|0.000|0.00|147
6815|EUPE|0.660|0.625|0.660|0.000|0.00|250
7208|EURO|0.145|0.140|0.140|-0.005|-3.45|950
7094|EUROSP|0.405|0.405|0.405|0.000|0.00|150
5101|EVERGRN|0.380|0.375|0.375|-0.005|-1.32|4,734
7249|EWEIN|0.600|0.605|0.600|0.000|0.00|4,568
5283|EWINT|0.775|0.775|0.770|-0.005|-0.65|4,894
5283WA|EWINT-WA|0.145|0.145|0.145|0.000|0.00|3,370
3689|F&N|34.940|34.940|34.900|-0.040|-0.11|2,597
2984|FACBIND|1.290|1.210|1.250|-0.040|-3.10|140
7047|FAJAR|0.420|0.425|0.420|0.000|0.00|8,207
7047WB|FAJAR-WB|0.035|0.035|0.035|0.000|0.00|2,380
5029|FAREAST|2.760|0.000|0.000|0.000|0.00|0
6041|FARLIM|0.365|0.370|0.370|+0.005|+1.37|15
7229|FAVCO|2.710|2.710|2.760|+0.050|+1.85|1,464
06505D|FBMKLCI-C5D|0.085|0.000|0.000|0.000|0.00|0
06505I|FBMKLCI-C5I|0.005|0.000|0.000|0.000|0.00|0
06505J|FBMKLCI-C5J|0.020|0.000|0.000|0.000|0.00|0
06505K|FBMKLCI-C5K|0.005|0.000|0.000|0.000|0.00|0
06505L|FBMKLCI-C5L|0.070|0.000|0.000|0.000|0.00|0
06505M|FBMKLCI-C5M|0.100|0.000|0.000|0.000|0.00|0
06505N|FBMKLCI-C5N|0.055|0.040|0.035|-0.020|-36.36|2,050
06505O|FBMKLCI-C5O|0.040|0.040|0.035|-0.005|-12.50|3,170
06505P|FBMKLCI-C5P|0.195|0.180|0.155|-0.040|-20.51|2,037
06505Q|FBMKLCI-C5Q|0.280|0.265|0.250|-0.030|-10.71|2,000
06505R|FBMKLCI-C5R|0.055|0.050|0.045|-0.010|-18.18|10,051
06505S|FBMKLCI-C5S|0.160|0.140|0.135|-0.025|-15.63|4,100
06505T|FBMKLCI-C5T|0.230|0.220|0.210|-0.020|-8.70|12,900
06505U|FBMKLCI-C5U|0.150|0.000|0.000|0.000|0.00|0
06505V|FBMKLCI-C5V|0.055|0.050|0.050|-0.005|-9.09|10,300
06505W|FBMKLCI-C5W|0.035|0.030|0.030|-0.005|-14.29|10,350
0820EA|FBMKLCI-EA|1.780|0.000|0.000|0.000|0.00|0
06506F|FBMKLCI-H6F|0.015|0.000|0.000|0.000|0.00|0
06506K|FBMKLCI-H6K|0.205|0.000|0.000|0.000|0.00|0
06506L|FBMKLCI-H6L|0.120|0.130|0.140|+0.020|+16.67|2,493
06506M|FBMKLCI-H6M|0.165|0.185|0.205|+0.040|+24.24|5,605
06506N|FBMKLCI-H6N|0.225|0.000|0.000|0.000|0.00|0
06506O|FBMKLCI-H6O|0.330|0.330|0.355|+0.025|+7.58|8,000
06506P|FBMKLCI-H6P|0.045|0.045|0.055|+0.010|+22.22|46,300
06506Q|FBMKLCI-H6Q|0.090|0.090|0.115|+0.025|+27.78|6,454
06506R|FBMKLCI-H6R|0.240|0.000|0.000|0.000|0.00|0
06506S|FBMKLCI-H6S|0.325|0.000|0.000|0.000|0.00|0
06506T|FBMKLCI-H6T|0.090|0.085|0.105|+0.015|+16.67|4,090
06506U|FBMKLCI-H6U|0.255|0.000|0.000|0.000|0.00|0
06506V|FBMKLCI-H6V|0.255|0.265|0.265|+0.010|+3.92|12,000
06506W|FBMKLCI-H6W|0.155|0.155|0.155|0.000|0.00|434
06506X|FBMKLCI-H6X|0.110|0.105|0.125|+0.015|+13.64|626
06506Y|FBMKLCI-H6Y|0.150|0.000|0.000|0.000|0.00|0
2755|FCW|0.715|0.000|0.000|0.000|0.00|0
5222|FGV|1.230|1.240|1.220|-0.010|-0.81|287,354
522255|FGV-C55|0.005|0.005|0.005|0.000|0.00|12,944
522256|FGV-C56|0.005|0.000|0.000|0.000|0.00|0
522257|FGV-C57|0.005|0.000|0.000|0.000|0.00|0
522258|FGV-C58|0.010|0.010|0.010|0.000|0.00|3,000
522259|FGV-C59|0.035|0.000|0.000|0.000|0.00|0
522260|FGV-C60|0.005|0.005|0.005|0.000|0.00|750
522261|FGV-C61|0.025|0.030|0.025|0.000|0.00|1,250
522262|FGV-C62|0.105|0.100|0.095|-0.010|-9.52|46,214
522263|FGV-C63|0.190|0.190|0.190|0.000|0.00|31,966
522264|FGV-C64|0.250|0.000|0.000|0.000|0.00|0
522265|FGV-C65|0.205|0.205|0.205|0.000|0.00|3,200
522266|FGV-C66|0.310|0.335|0.320|+0.010|+3.23|40
522267|FGV-C67|0.470|0.500|0.470|0.000|0.00|10,426
522268|FGV-C68|0.150|0.000|0.000|0.000|0.00|0
522269|FGV-C69|0.130|0.140|0.140|+0.010|+7.69|3,000
522270|FGV-C70|0.130|0.130|0.125|-0.005|-3.85|3,000
522271|FGV-C71|0.055|0.055|0.050|-0.005|-9.09|20,390
522272|FGV-C72|0.045|0.050|0.045|0.000|0.00|24,209
522273|FGV-C73|0.100|0.100|0.095|-0.005|-5.00|156,344
6939|FIAMMA|0.490|0.490|0.490|0.000|0.00|1
0149|FIBON|0.430|0.410|0.410|-0.020|-4.65|1,448
8605|FIHB|0.500|0.530|0.485|-0.015|-3.00|4,526
8605PA|FIHB-PA|0.095|0.090|0.085|-0.010|-10.53|991
8605PB|FIHB-PB|0.080|0.000|0.000|0.000|0.00|0
3107|FIMACOR|1.950|0.000|0.000|0.000|0.00|0
0150|FINTEC|0.055|0.055|0.055|0.000|0.00|5,632
0150PA|FINTEC-PA|0.025|0.025|0.025|0.000|0.00|874
0150WA|FINTEC-WA|0.015|0.000|0.000|0.000|0.00|0
0150WB|FINTEC-WB|0.020|0.000|0.000|0.000|0.00|0
9318|FITTERS|0.490|0.485|0.480|-0.010|-2.04|86,795
9318WB|FITTERS-WB|0.020|0.020|0.020|0.000|0.00|16,641
5197|FLBHD|1.660|1.660|1.650|-0.010|-0.60|4,624
0116|FOCUS|0.140|0.140|0.135|-0.005|-3.57|1,377
0116WC|FOCUS-WC|0.080|0.000|0.000|0.000|0.00|0
0157|FOCUSP|0.375|0.370|0.365|-0.010|-2.67|4,869
5277|FPGROUP|0.300|0.300|0.300|0.000|0.00|37,098
9172|FPI|1.830|1.830|1.810|-0.020|-1.09|4,723
7210|FREIGHT|0.600|0.605|0.600|0.000|0.00|9,525
0128|FRONTKN|0.930|0.930|0.950|+0.020|+2.15|41,834
9377|FSBM|0.095|0.000|0.000|0.000|0.00|0
9377WA|FSBM-WA|0.025|0.000|0.000|0.000|0.00|0
7184|G3|0.790|0.710|0.710|-0.080|-10.13|110
7184WA|G3-WA|0.700|0.000|0.000|0.000|0.00|0
9261|GADANG|0.665|0.670|0.655|-0.010|-1.50|21,228
9261WB|GADANG-WB|0.205|0.205|0.205|0.000|0.00|13,174
5398|GAMUDA|2.870|2.870|2.930|+0.060|+2.09|26,177
539851|GAMUDA-C51|0.005|0.000|0.000|0.000|0.00|0
539853|GAMUDA-C53|0.005|0.000|0.000|0.000|0.00|0
539856|GAMUDA-C56|0.030|0.000|0.000|0.000|0.00|0
539857|GAMUDA-C57|0.045|0.000|0.000|0.000|0.00|0
539858|GAMUDA-C58|0.065|0.065|0.065|0.000|0.00|400
539859|GAMUDA-C59|0.170|0.170|0.175|+0.005|+2.94|564
539860|GAMUDA-C60|0.105|0.000|0.000|0.000|0.00|0
539861|GAMUDA-C61|0.070|0.070|0.075|+0.005|+7.14|9,000
539862|GAMUDA-C62|0.090|0.100|0.100|+0.010|+11.11|400
539863|GAMUDA-C63|0.095|0.095|0.100|+0.005|+5.26|31,282
5398WE|GAMUDA-WE|0.220|0.225|0.225|+0.005|+2.27|6,052
5209|GASMSIA|2.880|2.880|2.890|+0.010|+0.35|15,703
5226|GBGAQRS|1.240|1.260|1.250|+0.010|+0.81|7,994
5226WB|GBGAQRS-WB|0.300|0.300|0.300|0.000|0.00|21,518
5102|GCB|3.700|3.720|3.730|+0.030|+0.81|1,166
5102CA|GCB-CA|0.280|0.280|0.280|0.000|0.00|100
5102CB|GCB-CB|0.185|0.000|0.000|0.000|0.00|0
5102CC|GCB-CC|0.140|0.140|0.140|0.000|0.00|999
5102CD|GCB-CD|0.110|0.000|0.000|0.000|0.00|0
5592|GCE|0.470|0.470|0.465|-0.005|-1.06|200
0198|GDB|0.275|0.280|0.275|0.000|0.00|4,733
0078|GDEX|0.365|0.370|0.355|-0.010|-2.74|118,406
0078WB|GDEX-WB|0.065|0.070|0.060|-0.005|-7.69|65,353
0580C1|GEELY-C1|0.050|0.000|0.000|0.000|0.00|0
0104|GENETEC|1.650|1.650|1.650|0.000|0.00|174
4715|GENM|3.400|3.410|3.360|-0.040|-1.18|48,609
471538|GENM-C38|0.005|0.000|0.000|0.000|0.00|0
471540|GENM-C40|0.150|0.000|0.000|0.000|0.00|0
471541|GENM-C41|0.005|0.000|0.000|0.000|0.00|0
471542|GENM-C42|0.040|0.000|0.000|0.000|0.00|0
471543|GENM-C43|0.040|0.000|0.000|0.000|0.00|0
471544|GENM-C44|0.075|0.000|0.000|0.000|0.00|0
471545|GENM-C45|0.160|0.000|0.000|0.000|0.00|0
471546|GENM-C46|0.115|0.105|0.105|-0.010|-8.70|10,200
471547|GENM-C47|0.145|0.135|0.135|-0.010|-6.90|3,200
471548|GENM-C48|0.130|0.000|0.000|0.000|0.00|0
471549|GENM-C49|0.195|0.200|0.195|0.000|0.00|4,600
471550|GENM-C50|0.195|0.000|0.000|0.000|0.00|0
471551|GENM-C51|0.135|0.125|0.125|-0.010|-7.41|7,998
471552|GENM-C52|0.215|0.000|0.000|0.000|0.00|0
471553|GENM-C53|0.125|0.125|0.120|-0.005|-4.00|400
471554|GENM-C54|0.095|0.000|0.000|0.000|0.00|0
471555|GENM-C55|0.075|0.065|0.065|-0.010|-13.33|49,700
2291|GENP|10.480|10.600|10.380|-0.100|-0.95|3,511
2291WA|GENP-WA|2.740|2.560|2.570|-0.170|-6.20|89
3182|GENTING|6.930|6.930|6.910|-0.020|-0.29|52,442
318251|GENTINGC51|0.005|0.000|0.000|0.000|0.00|0
318255|GENTINGC55|0.050|0.000|0.000|0.000|0.00|0
318256|GENTINGC56|0.030|0.000|0.000|0.000|0.00|0
318257|GENTINGC57|0.085|0.080|0.080|-0.005|-5.88|28,558
318258|GENTINGC58|0.065|0.060|0.055|-0.010|-15.38|2,373
318259|GENTINGC59|0.090|0.090|0.090|0.000|0.00|5,000
318260|GENTINGC60|0.115|0.115|0.115|0.000|0.00|1,000
318261|GENTINGC61|0.110|0.000|0.000|0.000|0.00|0
318262|GENTINGC62|0.140|0.000|0.000|0.000|0.00|0
318263|GENTINGC63|0.125|0.125|0.125|0.000|0.00|33,972
318264|GENTINGC64|0.090|0.000|0.000|0.000|0.00|0
7197|GESHEN|0.615|0.615|0.615|0.000|0.00|267
5079|GETS|0.120|0.120|0.120|0.000|0.00|140
0039|GFM|0.520|0.520|0.495|-0.025|-4.81|38,588
0039WC|GFM-WC|0.215|0.215|0.205|-0.010|-4.65|35,432
0021|GHLSYS|1.620|1.590|1.640|+0.020|+1.23|2,234
0021CA|GHLSYS-CA|0.110|0.000|0.000|0.000|0.00|0
3204|GKENT|1.110|1.120|1.120|+0.010|+0.90|42,170
7382|GLBHD|0.370|0.000|0.000|0.000|0.00|0
5020|GLOMAC|0.365|0.365|0.365|0.000|0.00|2,595
5220|GLOTEC|0.475|0.470|0.465|-0.010|-2.11|865
5220WA|GLOTEC-WA|0.070|0.070|0.070|0.000|0.00|453
9962|GMUTUAL|0.275|0.000|0.000|0.000|0.00|0
0045|GNB|0.055|0.050|0.050|-0.005|-9.09|1,600
1147|GOB|0.180|0.180|0.185|+0.005|+2.78|705
1147WA|GOB-WA|0.005|0.000|0.000|0.000|0.00|0
0074|GOCEAN|0.105|0.115|0.115|+0.010|+9.52|53
0074WA|GOCEAN-WA|0.005|0.000|0.000|0.000|0.00|0
0828EA|GOLDETF|1.745|1.765|1.765|+0.020|+1.15|60
7192|GOODWAY|0.210|0.210|0.215|+0.005|+2.38|4,291
2135|GOPENG|0.690|0.000|0.000|0.000|0.00|0
7096|GPA|0.105|0.100|0.105|0.000|0.00|1,000
7096WA|GPA-WA|0.030|0.030|0.030|0.000|0.00|4,842
0082|GPACKET|0.325|0.320|0.320|-0.005|-1.54|7,605
0082WB|GPACKET-WB|0.075|0.080|0.075|0.000|0.00|2,800
5649|GPHAROS|0.245|0.245|0.230|-0.015|-6.12|2,100
0056|GRANFLO|0.205|0.205|0.205|0.000|0.00|1,100
0136|GREENYB|0.145|0.145|0.140|-0.005|-3.45|2,029
7077|GSB|0.190|0.190|0.190|0.000|0.00|7,400
7022|GTRONIC|1.740|1.740|1.690|-0.050|-2.87|18,146
7022CR|GTRONIC-CR|0.005|0.000|0.000|0.000|0.00|0
7022CS|GTRONIC-CS|0.005|0.000|0.000|0.000|0.00|0
7022CT|GTRONIC-CT|0.005|0.000|0.000|0.000|0.00|0
7022CU|GTRONIC-CU|0.030|0.000|0.000|0.000|0.00|0
7022CV|GTRONIC-CV|0.075|0.070|0.065|-0.010|-13.33|210
7022CW|GTRONIC-CW|0.040|0.000|0.000|0.000|0.00|0
3247|GUH|0.500|0.480|0.480|-0.020|-4.00|251
7676|GUNUNG|0.295|0.295|0.295|0.000|0.00|400
7676WB|GUNUNG-WB|0.045|0.040|0.050|+0.005|+11.11|1,126
1503|GUOCO|0.750|0.735|0.780|+0.030|+4.00|346
7668|HAIO|2.730|2.740|2.720|-0.010|-0.37|384
7668CG|HAIO-CG|0.075|0.000|0.000|0.000|0.00|0
5151|HALEX|0.835|0.850|0.920|+0.085|+10.18|750
7253|HANDAL|0.390|0.390|0.375|-0.015|-3.85|2,578
3034|HAPSENG|9.880|9.900|9.850|-0.030|-0.30|2,987
3034CX|HAPSENG-CX|0.030|0.000|0.000|0.000|0.00|0
2062|HARBOUR|0.710|0.710|0.710|0.000|0.00|2
2062WC|HARBOUR-WC|0.085|0.000|0.000|0.000|0.00|0
5008|HARISON|3.810|3.800|3.800|-0.010|-0.26|400
7501|HARNLEN|0.650|0.660|0.660|+0.010|+1.54|571
5168|HARTA|4.800|4.820|4.710|-0.090|-1.88|38,869
516811|HARTA-C11|0.005|0.000|0.000|0.000|0.00|0
516815|HARTA-C15|0.020|0.000|0.000|0.000|0.00|0
516816|HARTA-C16|0.010|0.000|0.000|0.000|0.00|0
516817|HARTA-C17|0.005|0.000|0.000|0.000|0.00|0
516818|HARTA-C18|0.005|0.005|0.005|0.000|0.00|300
516819|HARTA-C19|0.055|0.000|0.000|0.000|0.00|0
516820|HARTA-C20|0.065|0.000|0.000|0.000|0.00|0
516821|HARTA-C21|0.070|0.000|0.000|0.000|0.00|0
516822|HARTA-C22|0.065|0.065|0.055|-0.010|-15.38|238
5187|HBGLOB|0.125|0.125|0.125|0.000|0.00|9,429
7105|HCK|1.250|0.000|0.000|0.000|0.00|0
7105WA|HCK-WA|0.295|0.000|0.000|0.000|0.00|0
3255|HEIM|22.980|22.980|22.700|-0.280|-1.22|412
5121|HEKTAR|1.130|1.130|1.120|-0.010|-0.88|8,237
4324|HENGYUAN|6.000|6.010|6.000|0.000|0.00|3,456
4324C1|HENGYUAN-C1|0.005|0.000|0.000|0.000|0.00|0
4324C2|HENGYUAN-C2|0.005|0.000|0.000|0.000|0.00|0
4324C4|HENGYUAN-C4|0.030|0.000|0.000|0.000|0.00|0
4324C5|HENGYUAN-C5|0.035|0.000|0.000|0.000|0.00|0
4324C6|HENGYUAN-C6|0.055|0.000|0.000|0.000|0.00|0
4324C7|HENGYUAN-C7|0.205|0.195|0.195|-0.010|-4.88|270
4324C8|HENGYUAN-C8|0.120|0.120|0.120|0.000|0.00|500
4324CZ|HENGYUAN-CZ|0.010|0.000|0.000|0.000|0.00|0
5095|HEVEA|0.635|0.640|0.635|0.000|0.00|6,731
5095WB|HEVEA-WB|0.450|0.000|0.000|0.000|0.00|0
3298|HEXZA|0.705|0.700|0.700|-0.005|-0.71|445
0175|HHGROUP|0.130|0.120|0.120|-0.010|-7.69|1,660
0160|HHHCORP|0.095|0.095|0.095|0.000|0.00|144
5072|HIAPTEK|0.305|0.300|0.295|-0.010|-3.28|40,183
5072LA|HIAPTEK-LA|0.305|0.300|0.300|-0.005|-1.64|1,345
5072WB|HIAPTEK-WB|0.090|0.085|0.085|-0.005|-5.56|12,660
5199|HIBISCS|1.030|1.040|1.060|+0.030|+2.91|346,968
5199CM|HIBISCS-CM|0.080|0.085|0.085|+0.005|+6.25|5,297
5199CN|HIBISCS-CN|0.065|0.070|0.075|+0.010|+15.38|1,240
5199CO|HIBISCS-CO|0.075|0.075|0.080|+0.005|+6.67|12,498
5199CP|HIBISCS-CP|0.045|0.000|0.000|0.000|0.00|0
5199CQ|HIBISCS-CQ|0.115|0.120|0.125|+0.010|+8.70|9,900
5199CR|HIBISCS-CR|0.100|0.105|0.110|+0.010|+10.00|41,401
5199CS|HIBISCS-CS|0.110|0.000|0.000|0.000|0.00|0
5199CT|HIBISCS-CT|0.130|0.000|0.000|0.000|0.00|0
5199CU|HIBISCS-CU|0.085|0.090|0.090|+0.005|+5.88|31,400
5199CV|HIBISCS-CV|0.080|0.000|0.000|0.000|0.00|0
5199CW|HIBISCS-CW|0.080|0.095|0.095|+0.015|+18.75|330
5199WC|HIBISCS-WC|0.460|0.475|0.475|+0.015|+3.26|96,248
7033|HIGHTEC|1.300|0.000|0.000|0.000|0.00|0
8443|HIL|0.575|0.575|0.570|-0.005|-0.87|6,099
8443WB|HIL-WB|0.190|0.000|0.000|0.000|0.00|0
0505CF|HKEX-CF|0.425|0.000|0.000|0.000|0.00|0
5819|HLBANK|20.800|20.940|20.340|-0.460|-2.21|6,568
5819CN|HLBANK-CN|0.035|0.040|0.030|-0.005|-14.29|2,574
5819CO|HLBANK-CO|0.125|0.125|0.120|-0.005|-4.00|2,000
5274|HLCAP|9.600|0.000|0.000|0.000|0.00|0
1082|HLFG|19.400|19.460|19.320|-0.080|-0.41|3,893
3301|HLIND|9.910|9.910|9.960|+0.050|+0.50|957
0188|HLT|0.140|0.130|0.130|-0.010|-7.14|560
0188WA|HLT-WA|0.040|0.045|0.050|+0.010|+25.00|317
5169|HOHUP|0.415|0.405|0.410|-0.005|-1.20|1,462
5165|HOKHENG|0.590|0.600|0.640|+0.050|+8.47|4,506
5160|HOMERIZ|0.650|0.650|0.630|-0.020|-3.08|3,684
5160WA|HOMERIZ-WA|0.080|0.080|0.080|0.000|0.00|500
7010|HOOVER|0.565|0.600|0.600|+0.035|+6.19|60
06513U|HSI-C3U|0.015|0.000|0.000|0.000|0.00|0
06513V|HSI-C3V|0.100|0.090|0.065|-0.035|-35.00|360,859
06513W|HSI-C3W|0.530|0.540|0.445|-0.085|-16.04|1,623
06513X|HSI-C3X|1.140|1.150|1.150|+0.010|+0.88|20
06513Y|HSI-C3Y|0.100|0.000|0.000|0.000|0.00|0
06513Z|HSI-C3Z|0.210|0.210|0.175|-0.035|-16.67|346,852
06515A|HSI-C5A|0.460|0.450|0.410|-0.050|-10.87|343,435
06515B|HSI-C5B|0.845|0.865|0.765|-0.080|-9.47|3,101
06515C|HSI-C5C|0.240|0.245|0.210|-0.030|-12.50|27,418
06515D|HSI-C5D|0.400|0.395|0.355|-0.045|-11.25|945,686
06515E|HSI-C5E|0.725|0.740|0.665|-0.060|-8.28|3,653
06515F|HSI-C5F|1.090|1.100|1.030|-0.060|-5.50|110
06515G|HSI-C5G|0.610|0.620|0.555|-0.055|-9.02|3,803
06515H|HSI-C5H|0.905|0.825|0.825|-0.080|-8.84|48
06515I|HSI-C5I|1.190|0.000|0.000|0.000|0.00|0
06515J|HSI-C5J|0.745|0.755|0.695|-0.050|-6.71|1,492
06515K|HSI-C5K|1.100|1.080|1.020|-0.080|-7.27|450
06515L|HSI-C5L|1.410|0.000|0.000|0.000|0.00|0
06515M|HSI-C5M|1.970|2.060|2.040|+0.070|+3.55|100
06514V|HSI-H4V|0.005|0.005|0.005|0.000|0.00|14,975
06514W|HSI-H4W|0.005|0.005|0.005|0.000|0.00|4,913
06514X|HSI-H4X|0.005|0.005|0.005|0.000|0.00|20,898
06514Y|HSI-H4Y|0.005|0.005|0.005|0.000|0.00|20,959
06514Z|HSI-H4Z|0.010|0.000|0.000|0.000|0.00|0
06516A|HSI-H6A|0.015|0.020|0.015|0.000|0.00|12,555
06516B|HSI-H6B|0.025|0.020|0.025|0.000|0.00|2,902
06516C|HSI-H6C|0.070|0.070|0.070|0.000|0.00|173,378
06516D|HSI-H6D|0.055|0.000|0.000|0.000|0.00|0
06516E|HSI-H6E|0.100|0.105|0.110|+0.010|+10.00|11,365
06516F|HSI-H6F|0.200|0.205|0.215|+0.015|+7.50|512,563
06516G|HSI-H6G|0.380|0.385|0.405|+0.025|+6.58|334,276
06516H|HSI-H6H|0.070|0.000|0.000|0.000|0.00|0
06516I|HSI-H6I|0.130|0.000|0.000|0.000|0.00|0
06516J|HSI-H6J|0.215|0.210|0.235|+0.020|+9.30|20,581
06516K|HSI-H6K|0.080|0.075|0.075|-0.005|-6.25|1,100
06516L|HSI-H6L|0.155|0.000|0.000|0.000|0.00|0
06516M|HSI-H6M|0.145|0.140|0.160|+0.015|+10.34|10,220
06516N|HSI-H6N|0.245|0.235|0.265|+0.020|+8.16|4,590
6238|HSL|1.440|0.000|0.000|0.000|0.00|0
5138|HSPLANT|1.780|1.780|1.780|0.000|0.00|10
0185|HSSEB|1.160|1.160|1.140|-0.020|-1.72|5,632
0185WA|HSSEB-WA|0.230|0.230|0.220|-0.010|-4.35|1,687
5028|HTPADU|0.720|0.710|0.705|-0.015|-2.08|2,940
2739|HUAAN|0.255|0.260|0.255|0.000|0.00|656,212
5062|HUAYANG|0.400|0.390|0.390|-0.010|-2.50|4,766
7013|HUBLINE|0.055|0.055|0.055|0.000|0.00|138,399
7013WA|HUBLINE-WA|0.005|0.000|0.000|0.000|0.00|0
7013WB|HUBLINE-WB|0.010|0.000|0.000|0.000|0.00|0
7013WC|HUBLINE-WC|0.020|0.000|0.000|0.000|0.00|0
5000|HUMEIND|0.725|0.725|0.720|-0.005|-0.69|1,785
5024|HUPSENG|1.000|1.000|0.995|-0.005|-0.50|927
8478|HWATAI|0.310|0.000|0.000|0.000|0.00|0
9601|HWGB|0.100|0.100|0.100|0.000|0.00|4,012
9601WD|HWGB-WD|0.050|0.030|0.030|-0.020|-40.00|1,961
4251|IBHD|0.435|0.440|0.435|0.000|0.00|1,140
4251LB|IBHD-LB|0.320|0.320|0.320|0.000|0.00|100
4251WA|IBHD-WA|0.015|0.000|0.000|0.000|0.00|0
5084|IBRACO|0.695|0.690|0.690|-0.005|-0.72|1
5108|ICAP|2.400|2.400|2.400|0.000|0.00|6
0502CF|ICBC-CF|0.100|0.000|0.000|0.000|0.00|0
5255|ICON|0.085|0.085|0.095|+0.010|+11.76|41,412
9687|IDEAL|1.070|1.080|1.070|0.000|0.00|1,162
9687WB|IDEAL-WB|0.370|0.365|0.365|-0.005|-1.35|972
0174|IDMENSN|0.025|0.000|0.000|0.000|0.00|0
0174WA|IDMENSN-WA|0.005|0.000|0.000|0.000|0.00|0
0023|IFCAMSC|0.435|0.435|0.425|-0.010|-2.30|133,834
5606|IGBB|2.500|2.530|2.530|+0.030|+1.20|2,192
5606PA|IGBB-PA|1.110|0.000|0.000|0.000|0.00|0
5606PB|IGBB-PB|3.200|0.000|0.000|0.000|0.00|0
5227|IGBREIT|1.780|1.790|1.800|+0.020|+1.12|18,392
5225|IHH|5.850|5.850|5.790|-0.060|-1.03|56,115
522510|IHH-C10|0.125|0.130|0.120|-0.005|-4.00|6,400
5225C7|IHH-C7|0.045|0.055|0.050|+0.005|+11.11|4
5225C8|IHH-C8|0.115|0.120|0.105|-0.010|-8.70|2,580
5225C9|IHH-C9|0.095|0.000|0.000|0.000|0.00|0
0401GA|IHS046000824|96.000|96.000|97.500|+1.500|+1.56|3
3336|IJM|2.020|2.000|2.120|+0.100|+4.95|31,838
333620|IJM-C20|0.055|0.060|0.085|+0.030|+54.55|8,000
333621|IJM-C21|0.075|0.080|0.100|+0.025|+33.33|1,804
333624|IJM-C24|0.140|0.145|0.165|+0.025|+17.86|830
333625|IJM-C25|0.160|0.170|0.190|+0.030|+18.75|800
2216|IJMPLNT|1.630|1.630|1.630|0.000|0.00|347
5268|IKHMAS|0.155|0.155|0.150|-0.005|-3.23|8,006
5614|ILB|0.395|0.395|0.395|0.000|0.00|3,471
7222|IMASPRO|2.170|2.140|2.140|-0.030|-1.38|4,008
0166|INARI|1.540|1.530|1.530|-0.010|-0.65|20,367
016621|INARI-C21|0.005|0.000|0.000|0.000|0.00|0
016622|INARI-C22|0.005|0.000|0.000|0.000|0.00|0
016623|INARI-C23|0.005|0.000|0.000|0.000|0.00|0
016624|INARI-C24|0.005|0.000|0.000|0.000|0.00|0
016625|INARI-C25|0.005|0.000|0.000|0.000|0.00|0
016626|INARI-C26|0.030|0.000|0.000|0.000|0.00|0
016627|INARI-C27|0.035|0.030|0.030|-0.005|-14.29|9,000
016628|INARI-C28|0.030|0.030|0.030|0.000|0.00|1,620
016629|INARI-C29|0.060|0.060|0.060|0.000|0.00|2,000
016630|INARI-C30|0.060|0.000|0.000|0.000|0.00|0
016631|INARI-C31|0.120|0.115|0.115|-0.005|-4.17|6,274
016632|INARI-C32|0.120|0.120|0.120|0.000|0.00|7,228
016633|INARI-C33|0.255|0.000|0.000|0.000|0.00|0
016634|INARI-C34|0.075|0.075|0.075|0.000|0.00|8,000
016635|INARI-C35|0.065|0.000|0.000|0.000|0.00|0
016636|INARI-C36|0.075|0.075|0.075|0.000|0.00|400
016637|INARI-C37|0.100|0.000|0.000|0.000|0.00|0
016638|INARI-C38|0.150|0.090|0.090|-0.060|-40.00|10,200
0166WB|INARI-WB|1.010|1.010|1.000|-0.010|-0.99|517
2607|INCKEN|0.635|0.635|0.635|0.000|0.00|330
0094|INIX|0.055|0.055|0.055|0.000|0.00|11,342
0094WA|INIX-WA|0.025|0.025|0.025|0.000|0.00|400
0147|INNITY|0.575|0.000|0.000|0.000|0.00|0
6262|INNO|0.795|0.000|0.000|0.000|0.00|0
3379|INSAS|0.760|0.760|0.755|-0.005|-0.66|762
3379PA|INSAS-PA|0.985|0.985|0.985|0.000|0.00|200
3379WB|INSAS-WB|0.080|0.075|0.070|-0.010|-12.50|11,030
0192|INTA|0.275|0.280|0.275|0.000|0.00|12,521
1961|IOICORP|4.550|4.580|4.490|-0.060|-1.32|31,248
196119|IOICORP-C19|0.055|0.060|0.050|-0.005|-9.09|1,503
5249|IOIPG|1.390|1.400|1.380|-0.010|-0.72|23,153
5249CV|IOIPG-CV|0.130|0.000|0.000|0.000|0.00|0
5673|IPMUDA|0.495|0.500|0.500|+0.005|+1.01|4
5107|IQGROUP|1.180|1.140|1.130|-0.050|-4.24|204
8834|IREKA|0.550|0.560|0.560|+0.010|+1.82|160
8834WB|IREKA-WB|0.005|0.000|0.000|0.000|0.00|0
7183|IRETEX|0.155|0.150|0.155|0.000|0.00|10,548
7183LA|IRETEX-LA|0.020|0.000|0.000|0.000|0.00|0
7183WA|IRETEX-WA|0.005|0.005|0.005|0.000|0.00|7,420
0010|IRIS|0.145|0.145|0.140|-0.005|-3.45|81,384
9393|ITRONIC|0.100|0.100|0.100|0.000|0.00|100
5175|IVORY|0.205|0.205|0.205|0.000|0.00|3,425
1589|IWCITY|0.740|0.740|0.725|-0.015|-2.03|147,308
7223|JADI|0.040|0.040|0.035|-0.005|-12.50|25,746
0024|JAG|0.055|0.055|0.055|0.000|0.00|443,922
0024WA|JAG-WA|0.005|0.000|0.000|0.000|0.00|0
0024WB|JAG-WB|0.010|0.010|0.010|0.000|0.00|4,451
4723|JAKS|0.775|0.770|0.770|-0.005|-0.65|54,596
4723WB|JAKS-WB|0.495|0.520|0.490|-0.005|-1.01|5,444
8648|JASKITA|0.115|0.115|0.115|0.000|0.00|65
7152|JAYCORP|1.000|1.000|0.985|-0.015|-1.50|5,488
0058|JCBNEXT|1.480|1.480|1.480|0.000|0.00|145
5161|JCY|0.205|0.205|0.200|-0.005|-2.44|32,309
8931|JERASIA|0.380|0.380|0.380|0.000|0.00|200
9083|JETSON|0.180|0.185|0.185|+0.005|+2.78|30
0146|JFTECH|0.920|0.920|0.880|-0.040|-4.35|5,540
0127|JHM|1.240|1.250|1.290|+0.050|+4.03|67,682
8923|JIANKUN|0.325|0.000|0.000|0.000|0.00|0
8923WA|JIANKUN-WA|0.075|0.000|0.000|0.000|0.00|0
6769|JKGLAND|0.080|0.080|0.075|-0.005|-6.25|7,300
03003|JMEDU|0.535|0.000|0.000|0.000|0.00|0
7043|JMR|0.950|0.000|0.000|0.000|0.00|0
3441|JOHAN|0.085|0.085|0.085|0.000|0.00|2,674
7167|JOHOTIN|1.440|1.440|1.410|-0.030|-2.08|20,226
4383|JTIASA|0.560|0.560|0.560|0.000|0.00|2,993
0111|K1|0.230|0.230|0.235|+0.005|+2.17|38,635
0111WC|K1-WC|0.105|0.110|0.110|+0.005|+4.76|2,994
0193|KAB|0.215|0.215|0.215|0.000|0.00|3,090
8672|KAMDAR|0.290|0.000|0.000|0.000|0.00|0
0170|KANGER|0.040|0.045|0.040|0.000|0.00|1,367
0170WA|KANGER-WA|0.020|0.015|0.015|-0.005|-25.00|4,230
5247|KAREX|0.445|0.445|0.435|-0.010|-2.25|32,472
0054|KARYON|0.135|0.135|0.135|0.000|0.00|5,590
7216|KAWAN|1.770|1.790|1.710|-0.060|-3.39|2,106
3115|KBUNAI|0.085|0.085|0.085|0.000|0.00|3,103
3115WC|KBUNAI-WC|0.020|0.000|0.000|0.000|0.00|0
7199|KEINHIN|0.625|0.000|0.000|0.000|0.00|0
7323|KEN|0.680|0.680|0.680|0.000|0.00|70
6483|KENANGA|0.525|0.530|0.520|-0.005|-0.95|332
7161|KERJAYA|1.230|1.240|1.250|+0.020|+1.63|489
7161CJ|KERJAYA-CJ|0.020|0.000|0.000|0.000|0.00|0
7161WB|KERJAYA-WB|0.190|0.000|0.000|0.000|0.00|0
9334|KESM|8.510|8.520|8.530|+0.020|+0.24|145
0143|KEYASIC|0.110|0.110|0.105|-0.005|-4.55|52,663
6491|KFIMA|1.660|1.650|1.650|-0.010|-0.60|496
8303|KFM|0.180|0.180|0.180|0.000|0.00|271
0151|KGB|1.260|1.260|1.260|0.000|0.00|5,787
0151WA|KGB-WA|0.750|0.745|0.745|-0.005|-0.67|443
0036|KGROUP|0.045|0.040|0.045|0.000|0.00|1,010
0036WB|KGROUP-WB|0.005|0.000|0.000|0.000|0.00|0
6203|KHEESAN|0.650|0.620|0.640|-0.010|-1.54|980
7062|KHIND|1.670|1.680|1.680|+0.010|+0.60|35
6211|KIALIM|0.225|0.230|0.220|-0.005|-2.22|140
3522|KIANJOO|3.100|3.100|3.100|0.000|0.00|5,469
5371|KIMHIN|1.170|0.000|0.000|0.000|0.00|0
5171|KIMLUN|1.220|1.220|1.210|-0.010|-0.82|1,096
5171WA|KIMLUN-WA|0.325|0.000|0.000|0.000|0.00|0
5060|KINSTEL|0.005|0.000|0.000|0.000|0.00|0
5280|KIPREIT|0.870|0.870|0.865|-0.005|-0.57|4,413
9466|KKB|1.230|1.260|1.240|+0.010|+0.81|5,729
5235SS|KLCC|7.700|7.700|7.700|0.000|0.00|253
2445|KLK|24.980|25.000|24.480|-0.500|-2.00|10,498
2445C2|KLK-C2|0.140|0.000|0.000|0.000|0.00|0
2453|KLUANG|3.410|3.420|3.330|-0.080|-2.35|284
5027|KMLOONG|1.270|1.270|1.280|+0.010|+0.79|3,257
5027WB|KMLOONG-WB|0.245|0.245|0.290|+0.045|+18.37|872
7164|KNM|0.125|0.125|0.120|-0.005|-4.00|91,938
7164WB|KNM-WB|0.015|0.015|0.015|0.000|0.00|1,985
5035|KNUSFOR|0.430|0.000|0.000|0.000|0.00|0
6971|KOBAY|1.400|1.400|1.410|+0.010|+0.71|97
7017|KOMARK|0.250|0.250|0.255|+0.005|+2.00|40,292
7017WB|KOMARK-WB|0.035|0.035|0.040|+0.005|+14.29|21,255
7153|KOSSAN|3.610|3.620|3.560|-0.050|-1.39|5,057
7153CY|KOSSAN-CY|0.005|0.000|0.000|0.000|0.00|0
7153CZ|KOSSAN-CZ|0.150|0.000|0.000|0.000|0.00|0
0002|KOTRA|1.700|0.000|0.000|0.000|0.00|0
5878|KPJ|1.030|1.030|1.040|+0.010|+0.97|37,319
5878CR|KPJ-CR|0.020|0.000|0.000|0.000|0.00|0
5878CS|KPJ-CS|0.030|0.000|0.000|0.000|0.00|0
7130|KPOWER|0.350|0.335|0.345|-0.005|-1.43|80
5843|KPS|1.400|1.400|1.400|0.000|0.00|2,760
9121|KPSCB|0.505|0.505|0.500|-0.005|-0.99|200
1996|KRETAM|0.400|0.400|0.405|+0.005|+1.25|900
0176|KRONO|0.590|0.590|0.585|-0.005|-0.85|33,954
3476|KSENG|4.750|4.740|4.740|-0.010|-0.21|30
5038|KSL|0.930|0.930|0.930|0.000|0.00|2,771
5192|KSSC|0.430|0.410|0.450|+0.020|+4.65|5,048
5172|KSTAR|0.095|0.085|0.085|-0.010|-10.53|7
5172WA|KSTAR-WA|0.010|0.005|0.005|-0.005|-50.00|3
4847|KTB|0.075|0.070|0.070|-0.005|-6.67|310
0180|KTC|0.190|0.185|0.180|-0.010|-5.26|16,752
6874|KUB|0.395|0.395|0.395|0.000|0.00|72,657
2186|KUCHAI|1.580|1.580|1.580|0.000|0.00|110
6572|KWANTAS|0.800|0.000|0.000|0.000|0.00|0
8362|KYM|0.335|0.300|0.295|-0.040|-11.94|165
3174|L&G|0.160|0.155|0.155|-0.005|-3.13|15,956
3794|LAFMSIA|2.190|2.190|2.140|-0.050|-2.28|3,669
0018|LAMBO|0.150|0.150|0.155|+0.005|+3.33|35,712
1643|LANDMRK|0.470|0.470|0.460|-0.010|-2.13|215
7006|LATITUD|3.980|4.030|4.030|+0.050|+1.26|10
9385|LAYHONG|0.440|0.440|0.440|0.000|0.00|79,472
9385WA|LAYHONG-WA|0.200|0.200|0.200|0.000|0.00|24,544
9326|LBALUM|0.505|0.505|0.535|+0.030|+5.94|470
8494|LBICAP|0.860|0.830|0.860|0.000|0.00|695
5789|LBS|0.660|0.660|0.645|-0.015|-2.27|2,670
5789PA|LBS-PA|0.840|0.000|0.000|0.000|0.00|0
5789WB|LBS-WB|0.250|0.205|0.235|-0.015|-6.00|36
5284|LCTITAN|4.280|4.280|4.210|-0.070|-1.64|7,015
9628|LEBTECH|0.855|0.855|0.755|-0.100|-11.70|34
8079|LEESK|0.895|0.900|0.900|+0.005|+0.56|1,307
5232|LEONFB|0.495|0.500|0.495|0.000|0.00|410
8745|LEWEKO|0.140|0.000|0.000|0.000|0.00|0
8745WB|LEWEKO-WB|0.055|0.000|0.000|0.000|0.00|0
7170|LFECORP|0.110|0.000|0.000|0.000|0.00|0
3573|LIENHOE|0.275|0.270|0.280|+0.005|+1.82|917
7089|LIIHEN|2.720|2.710|2.690|-0.030|-1.10|1,246
8486|LIONFIB|0.440|0.435|0.435|-0.005|-1.14|70
4235|LIONIND|0.530|0.530|0.530|0.000|0.00|36,580
6645|LITRAK|4.290|4.360|4.280|-0.010|-0.23|217
0182|LKL|0.120|0.120|0.115|-0.005|-4.17|3,703
7126|LONBISC|0.390|0.395|0.390|0.000|0.00|29,020
7126WA|LONBISC-WA|0.035|0.030|0.030|-0.005|-14.29|159
8621|LPI|16.100|16.100|16.100|0.000|0.00|620
9881|LSTEEL|0.300|0.300|0.290|-0.010|-3.33|1,615
7085|LTKM|1.200|0.000|0.000|0.000|0.00|0
5068|LUSTER|0.080|0.080|0.080|0.000|0.00|4,230
5068WA|LUSTER-WA|0.025|0.025|0.035|+0.010|+40.00|115
5068WB|LUSTER-WB|0.035|0.030|0.035|0.000|0.00|5,015
5143|LUXCHEM|0.535|0.530|0.530|-0.005|-0.93|1,039
0075|LYC|0.310|0.330|0.325|+0.015|+4.84|520
9199|LYSAGHT|2.600|2.600|2.670|+0.070|+2.69|70
5078|M&G|0.090|0.095|0.095|+0.005|+5.56|1,000
0017|M3TECH|0.045|0.045|0.045|0.000|0.00|1,500
0017WA|M3TECH-WA|0.005|0.000|0.000|0.000|0.00|0
1198|MAA|1.020|1.020|1.020|0.000|0.00|1,644
7617|MAGNA|0.930|0.000|0.000|0.000|0.00|0
7617WB|MAGNA-WB|0.190|0.000|0.000|0.000|0.00|0
7087|MAGNI|4.800|4.860|4.810|+0.010|+0.21|606
3859|MAGNUM|2.390|2.380|2.380|-0.010|-0.42|1,675
8583|MAHSING|0.935|0.935|0.925|-0.010|-1.07|4,260
858317|MAHSING-C17|0.040|0.000|0.000|0.000|0.00|0
858318|MAHSING-C18|0.030|0.000|0.000|0.000|0.00|0
858319|MAHSING-C19|0.025|0.000|0.000|0.000|0.00|0
8583WC|MAHSING-WC|0.015|0.015|0.015|0.000|0.00|7,980
5264|MALAKOF|0.905|0.900|0.930|+0.025|+2.76|36,093
526412|MALAKOFC12|0.005|0.000|0.000|0.000|0.00|0
526413|MALAKOFC13|0.005|0.000|0.000|0.000|0.00|0
526415|MALAKOFC15|0.030|0.030|0.030|0.000|0.00|2,360
526416|MALAKOFC16|0.005|0.000|0.000|0.000|0.00|0
526417|MALAKOFC17|0.090|0.000|0.000|0.000|0.00|0
526418|MALAKOFC18|0.055|0.055|0.060|+0.005|+9.09|5,411
526419|MALAKOFC19|0.115|0.115|0.125|+0.010|+8.70|1,100
526420|MALAKOFC20|0.085|0.090|0.090|+0.005|+5.88|1,000
526421|MALAKOFC21|0.075|0.075|0.080|+0.005|+6.67|1,196
526422|MALAKOFC22|0.050|0.050|0.050|0.000|0.00|11,400
4936|MALPAC|0.850|0.850|0.850|0.000|0.00|30
6181|MALTON|0.510|0.510|0.495|-0.015|-2.94|24,394
1058|MANULFE|2.500|0.000|0.000|0.000|0.00|0
3514|MARCO|0.125|0.125|0.125|0.000|0.00|800
5098|MASTEEL|0.480|0.480|0.475|-0.005|-1.04|18,134
7029|MASTER|0.775|0.760|0.785|+0.010|+1.29|7,517
0189|MATANG|0.070|0.070|0.070|0.000|0.00|1,200
5236|MATRIX|1.940|1.940|1.940|0.000|0.00|2,253
5236WA|MATRIX-WA|0.145|0.135|0.145|0.000|0.00|2,905
6012|MAXIS|5.390|5.310|5.330|-0.060|-1.11|14,128
601210|MAXIS-C10|0.065|0.065|0.065|0.000|0.00|12
6012C8|MAXIS-C8|0.065|0.000|0.000|0.000|0.00|0
6012C9|MAXIS-C9|0.050|0.000|0.000|0.000|0.00|0
5189|MAXWELL|0.010|0.000|0.000|0.000|0.00|0
5189WA|MAXWELL-WA|0.005|0.000|0.000|0.000|0.00|0
1155|MAYBANK|9.470|9.480|9.400|-0.070|-0.74|107,877
115543|MAYBANKC43|0.075|0.000|0.000|0.000|0.00|0
115544|MAYBANKC44|0.005|0.000|0.000|0.000|0.00|0
115546|MAYBANKC46|0.005|0.005|0.005|0.000|0.00|11,000
115547|MAYBANKC47|0.035|0.000|0.000|0.000|0.00|0
115548|MAYBANKC48|0.030|0.000|0.000|0.000|0.00|0
115549|MAYBANKC49|0.105|0.090|0.095|-0.010|-9.52|4,100
115550|MAYBANKC50|0.095|0.080|0.085|-0.010|-10.53|9,998
115551|MAYBANKC51|0.095|0.095|0.080|-0.015|-15.79|1,050
115552|MAYBANKC52|0.045|0.045|0.040|-0.005|-11.11|25,703
115553|MAYBANKC53|0.150|0.000|0.000|0.000|0.00|0
5077|MAYBULK|0.580|0.570|0.575|-0.005|-0.86|2,072
5886|MBG|0.800|0.000|0.000|0.000|0.00|0
5152|MBL|1.230|1.230|1.230|0.000|0.00|1,895
5152WA|MBL-WA|0.425|0.415|0.445|+0.020|+4.71|1,653
5983|MBMR|2.810|2.860|2.750|-0.060|-2.14|6,319
1171|MBSB|0.955|0.960|0.965|+0.010|+1.05|72,087
117115|MBSB-C15|0.010|0.000|0.000|0.000|0.00|0
117116|MBSB-C16|0.060|0.000|0.000|0.000|0.00|0
117117|MBSB-C17|0.035|0.035|0.035|0.000|0.00|9,063
117118|MBSB-C18|0.055|0.000|0.000|0.000|0.00|0
117119|MBSB-C19|0.045|0.000|0.000|0.000|0.00|0
117120|MBSB-C20|0.025|0.000|0.000|0.000|0.00|0
117121|MBSB-C21|0.035|0.040|0.040|+0.005|+14.29|1,000
7189|MBWORLD|1.670|0.000|0.000|0.000|0.00|0
7004|MCEHLDG|0.630|0.605|0.650|+0.020|+3.17|21
0167|MCLEAN|0.090|0.000|0.000|0.000|0.00|0
0167WB|MCLEAN-WB|0.025|0.000|0.000|0.000|0.00|0
5182|MCT|0.550|0.560|0.580|+0.030|+5.45|262
4502|MEDIA|0.530|0.535|0.520|-0.010|-1.89|25,690
5090|MEDIAC|0.230|0.225|0.225|-0.005|-2.17|12,835
0081|MEGASUN|0.130|0.130|0.125|-0.005|-3.85|602
0081WA|MEGASUN-WA|0.025|0.000|0.000|0.000|0.00|0
5129|MELATI|0.450|0.450|0.450|0.000|0.00|384
3778|MELEWAR|0.140|0.135|0.135|-0.005|-3.57|1,093
3778WB|MELEWAR-WB|0.045|0.045|0.045|0.000|0.00|250
1694|MENANG|0.390|0.385|0.385|-0.005|-1.28|100
1694WB|MENANG-WB|0.010|0.000|0.000|0.000|0.00|0
0577C2|MENGNIU-C2|0.180|0.000|0.000|0.000|0.00|0
5223|MENTIGA|0.625|0.615|0.615|-0.010|-1.60|100
8192|MERCURY|0.850|0.000|0.000|0.000|0.00|0
5006|MERGE|1.410|1.400|1.420|+0.010|+0.71|133
5040|MERIDIAN|0.290|0.290|0.300|+0.010|+3.45|2,883
5040WA|MERIDIAN-WA|0.075|0.000|0.000|0.000|0.00|0
5040WB|MERIDIAN-WB|0.025|0.020|0.025|0.000|0.00|510
5040WC|MERIDIAN-WC|0.020|0.020|0.020|0.000|0.00|2
7234|MESB|0.300|0.300|0.305|+0.005|+1.67|282
7234WA|MESB-WA|0.105|0.000|0.000|0.000|0.00|0
0826EA|METFAPA|1.040|0.000|0.000|0.000|0.00|0
0825EA|METFSID|0.807|0.000|0.000|0.000|0.00|0
0827EA|METFUS50|1.060|1.045|1.045|-0.015|-1.42|10
6149|METROD|1.700|0.000|0.000|0.000|0.00|0
3069|MFCB|3.810|3.810|3.840|+0.030|+0.79|2,004
3069WA|MFCB-WA|1.650|1.640|1.640|-0.010|-0.61|1,469
03015|MFGROUP|0.220|0.000|0.000|0.000|0.00|0
3662|MFLOUR|0.765|0.765|0.755|-0.010|-1.31|97,479
3662LA|MFLOUR-LA|1.500|1.510|1.490|-0.010|-0.67|732
3662WC|MFLOUR-WC|0.400|0.400|0.390|-0.010|-2.50|33,379
7595|MGB|0.725|0.710|0.710|-0.015|-2.07|8
7595WA|MGB-WA|0.250|0.000|0.000|0.000|0.00|0
0155|MGRC|0.270|0.000|0.000|0.000|0.00|0
5186|MHB|0.850|0.835|0.810|-0.040|-4.71|4,753
518613|MHB-C13|0.020|0.000|0.000|0.000|0.00|0
5026|MHC|0.595|0.000|0.000|0.000|0.00|0
03005|MHCARE|0.460|0.000|0.000|0.000|0.00|0
5286|MI|2.150|2.140|2.060|-0.090|-4.19|29,347
5286CA|MI-CA|0.090|0.000|0.000|0.000|0.00|0
5286CB|MI-CB|0.035|0.000|0.000|0.000|0.00|0
5286CC|MI-CC|0.055|0.000|0.000|0.000|0.00|0
5286CD|MI-CD|0.135|0.000|0.000|0.000|0.00|0
5286CE|MI-CE|0.150|0.000|0.000|0.000|0.00|0
5286CF|MI-CF|0.125|0.065|0.065|-0.060|-48.00|100
0126|MICROLN|0.410|0.000|0.000|0.000|0.00|0
5001|MIECO|0.280|0.280|0.280|0.000|0.00|7,249
0112|MIKROMB|0.255|0.250|0.250|-0.005|-1.96|500
7935|MILUX|0.680|0.000|0.000|0.000|0.00|0
5166|MINDA|0.055|0.050|0.050|-0.005|-9.09|680
7219|MINETEC|0.055|0.050|0.055|0.000|0.00|1,011
7219WA|MINETEC-WA|0.005|0.000|0.000|0.000|0.00|0
5576|MINHO|0.305|0.300|0.300|-0.005|-1.64|3,327
5576WC|MINHO-WC|0.070|0.000|0.000|0.000|0.00|0
3816|MISC|6.730|6.780|6.730|0.000|0.00|9,474
381619|MISC-C19|0.155|0.165|0.165|+0.010|+6.45|854
381620|MISC-C20|0.085|0.095|0.090|+0.005|+5.88|1,832
381621|MISC-C21|0.160|0.000|0.000|0.000|0.00|0
9571|MITRA|0.405|0.400|0.400|-0.005|-1.23|30,863
9571WD|MITRA-WD|0.045|0.045|0.045|0.000|0.00|3,174
9571WE|MITRA-WE|0.095|0.095|0.095|0.000|0.00|30
8141|MJPERAK|0.235|0.235|0.230|-0.005|-2.13|3,071
6114|MKH|1.330|1.330|1.310|-0.020|-1.50|1,581
8893|MKLAND|0.190|0.190|0.195|+0.005|+2.63|3,475
0085|MLAB|0.040|0.040|0.040|0.000|0.00|7,291
0085WA|MLAB-WA|0.010|0.000|0.000|0.000|0.00|0
0085WB|MLAB-WB|0.005|0.000|0.000|0.000|0.00|0
0034|MMAG|0.225|0.220|0.220|-0.005|-2.22|500
0034PA|MMAG-PA|0.085|0.000|0.000|0.000|0.00|0
0034WB|MMAG-WB|0.060|0.000|0.000|0.000|0.00|0
2194|MMCCORP|1.060|1.060|1.050|-0.010|-0.94|30,101
219412|MMCCORPC12|0.065|0.055|0.055|-0.010|-15.38|1,100
0113|MMSV|0.945|0.945|0.940|-0.005|-0.53|297
0103|MNC|0.040|0.040|0.040|0.000|0.00|1,181
0103WA|MNC-WA|0.005|0.000|0.000|0.000|0.00|0
6459|MNRB|1.010|1.020|1.020|+0.010|+0.99|15,895
0156|MPAY|0.120|0.120|0.115|-0.005|-4.17|13,859
6548|MPCORP|0.045|0.000|0.000|0.000|0.00|0
5237|MPHBCAP|1.060|1.050|1.070|+0.010|+0.94|291
3867|MPI|9.800|9.850|9.900|+0.100|+1.02|909
5123|MQREIT|1.090|1.090|1.100|+0.010|+0.92|3,836
0070|MQTECH|0.030|0.030|0.030|0.000|0.00|320
0070WA|MQTECH-WA|0.010|0.000|0.000|0.000|0.00|0
1651|MRCB|0.810|0.815|0.830|+0.020|+2.47|156,243
165134|MRCB-C34|0.005|0.000|0.000|0.000|0.00|0
165136|MRCB-C36|0.045|0.000|0.000|0.000|0.00|0
165137|MRCB-C37|0.080|0.080|0.085|+0.005|+6.25|1,400
165138|MRCB-C38|0.060|0.060|0.065|+0.005|+8.33|13,500
165139|MRCB-C39|0.130|0.125|0.150|+0.020|+15.38|29,007
165140|MRCB-C40|0.165|0.170|0.170|+0.005|+3.03|500
165141|MRCB-C41|0.145|0.155|0.155|+0.010|+6.90|200
165142|MRCB-C42|0.055|0.000|0.000|0.000|0.00|0
165143|MRCB-C43|0.090|0.090|0.095|+0.005|+5.56|28,411
165144|MRCB-C44|0.150|0.000|0.000|0.000|0.00|0
1651WB|MRCB-WB|0.235|0.230|0.240|+0.005|+2.13|6,028
5916|MSC|0.915|0.915|0.910|-0.005|-0.55|843
5202|MSM|1.900|1.920|1.890|-0.010|-0.53|114
5011|MSNIAGA|1.540|1.530|1.530|-0.010|-0.65|20
5150|MSPORTS|0.010|0.000|0.000|0.000|0.00|0
5924|MTDACPI|0.175|0.175|0.170|-0.005|-2.86|1,270
0092|MTOUCHE|0.060|0.060|0.065|+0.005|+8.33|1,572
0092WB|MTOUCHE-WB|0.010|0.000|0.000|0.000|0.00|0
0092WC|MTOUCHE-WC|0.015|0.000|0.000|0.000|0.00|0
0043|MTRONIC|0.090|0.090|0.080|-0.010|-11.11|293,432
0043OR|MTRONIC-OR|0.030|0.015|0.005|-0.025|-83.33|2,343,795
3883|MUDA|1.890|1.880|1.870|-0.020|-1.06|2,718
5085|MUDAJYA|0.310|0.315|0.310|0.000|0.00|3,085
9539|MUH|0.530|0.000|0.000|0.000|0.00|0
5703|MUHIBAH|2.930|2.930|2.950|+0.020|+0.68|1,923
3891|MUIIND|0.170|0.165|0.170|0.000|0.00|3,418
3913|MUIPROP|0.180|0.175|0.175|-0.005|-2.78|9,233
3905|MULPHA|2.500|2.500|2.480|-0.020|-0.80|1,424
5087|MYCRON|0.310|0.310|0.290|-0.020|-6.45|310
5087WA|MYCRON-WA|0.080|0.000|0.000|0.000|0.00|0
0138|MYEG|1.250|1.250|1.300|+0.050|+4.00|425,907
013844|MYEG-C44|0.125|0.000|0.000|0.000|0.00|0
013846|MYEG-C46|0.010|0.000|0.000|0.000|0.00|0
013847|MYEG-C47|0.005|0.000|0.000|0.000|0.00|0
013848|MYEG-C48|0.005|0.005|0.005|0.000|0.00|300
013849|MYEG-C49|0.005|0.000|0.000|0.000|0.00|0
013850|MYEG-C50|0.030|0.000|0.000|0.000|0.00|0
013851|MYEG-C51|0.010|0.000|0.000|0.000|0.00|0
013852|MYEG-C52|0.005|0.000|0.000|0.000|0.00|0
013853|MYEG-C53|0.025|0.000|0.000|0.000|0.00|0
013854|MYEG-C54|0.010|0.000|0.000|0.000|0.00|0
013855|MYEG-C55|0.095|0.100|0.115|+0.020|+21.05|76,793
013856|MYEG-C56|0.330|0.335|0.355|+0.025|+7.58|2,474
013857|MYEG-C57|0.175|0.180|0.190|+0.015|+8.57|4,000
013858|MYEG-C58|0.105|0.110|0.115|+0.010|+9.52|26,900
013859|MYEG-C59|0.170|0.170|0.175|+0.005|+2.94|22,439
013860|MYEG-C60|0.190|0.195|0.195|+0.005|+2.63|84
013861|MYEG-C61|0.115|0.115|0.125|+0.010|+8.70|10,214
013862|MYEG-C62|0.150|0.155|0.155|+0.005|+3.33|200
013863|MYEG-C63|0.130|0.130|0.140|+0.010|+7.69|9,189
013864|MYEG-C64|0.150|0.100|0.105|-0.045|-30.00|6,000
0821EA|MYETFDJ|1.090|0.000|0.000|0.000|0.00|0
0824EA|MYETFID|1.110|1.095|1.095|-0.015|-1.35|680
03010|MYKRIS|0.300|0.000|0.000|0.000|0.00|0
5275|MYNEWS|1.330|1.340|1.330|0.000|0.00|1,015
0041|MYSCM|0.240|0.240|0.245|+0.005|+2.08|21,815
0108|N2N|0.860|0.865|0.850|-0.010|-1.16|8,985
0108WB|N2N-WB|0.250|0.255|0.250|0.000|0.00|410
0206|NADIBHD|0.265|0.265|0.265|0.000|0.00|21,325
5073|NAIM|1.120|1.130|1.090|-0.030|-2.68|46,828
9806|NATWIDE|0.290|0.310|0.310|+0.020|+6.90|1,000
4707|NESTLE|147.700|147.800|145.500|-2.200|-1.49|3,098
4707CE|NESTLE-CE|0.045|0.030|0.030|-0.015|-33.33|900
0020|NETX|0.015|0.015|0.015|0.000|0.00|13,181
0020WB|NETX-WB|0.005|0.000|0.000|0.000|0.00|0
0096|NEXGRAM|0.015|0.015|0.020|+0.005|+33.33|1,601
0096WA|NEXGRAM-WA|0.005|0.000|0.000|0.000|0.00|0
0096WB|NEXGRAM-WB|0.005|0.000|0.000|0.000|0.00|0
0096WC|NEXGRAM-WC|0.005|0.000|0.000|0.000|0.00|0
7241|NGGB|0.490|0.490|0.480|-0.010|-2.04|16,979
7241WA|NGGB-WA|0.185|0.185|0.185|0.000|0.00|14,198
7060|NHFATT|2.700|0.000|0.000|0.000|0.00|0
7139|NICE|0.035|0.035|0.035|0.000|0.00|4,420
7139WB|NICE-WB|0.015|0.000|0.000|0.000|0.00|0
7215|NIHSIN|0.285|0.285|0.285|0.000|0.00|13,766
0083|NOTION|0.580|0.580|0.580|0.000|0.00|8,457
0083WC|NOTION-WC|0.250|0.000|0.000|0.000|0.00|0
0201|NOVA|0.475|0.000|0.000|0.000|0.00|0
0026|NOVAMSC|0.120|0.120|0.115|-0.005|-4.17|100,118
5047|NPC|1.800|0.000|0.000|0.000|0.00|0
03006|NPS|0.310|0.000|0.000|0.000|0.00|0
2038|NSOP|3.400|3.260|3.270|-0.130|-3.82|103
5066|NTPM|0.500|0.500|0.505|+0.005|+1.00|1,310
5025|NWP|0.080|0.080|0.080|0.000|0.00|4,906
4944|NYLEX|0.665|0.665|0.665|0.000|0.00|387
5533|OCB|0.470|0.000|0.000|0.000|0.00|0
0172|OCK|0.595|0.595|0.580|-0.015|-2.52|61,681
0172WA|OCK-WA|0.105|0.105|0.105|0.000|0.00|55,768
0049|OCNCASH|0.455|0.440|0.435|-0.020|-4.40|1,273
7071|OCR|0.250|0.250|0.250|0.000|0.00|2,584
7071PA|OCR-PA|0.025|0.020|0.020|-0.005|-20.00|7
7071WC|OCR-WC|0.030|0.025|0.030|0.000|0.00|1,001
7071WD|OCR-WD|0.060|0.060|0.060|0.000|0.00|580
7107|OFI|0.825|0.825|0.800|-0.025|-3.03|7,202
5827|OIB|2.020|2.030|2.020|0.000|0.00|1,156
7140|OKA|0.680|0.685|0.690|+0.010|+1.47|928
3018|OLYMPIA|0.110|0.110|0.110|0.000|0.00|4,692
9008|OMESTI|0.400|0.395|0.400|0.000|0.00|4,780
0035|OPCOM|0.665|0.660|0.655|-0.010|-1.50|3,998
0040|OPENSYS|0.345|0.345|0.340|-0.005|-1.45|4,914
4006|ORIENT|6.700|6.700|6.610|-0.090|-1.34|1,733
0079|ORION|0.200|0.200|0.200|0.000|0.00|131,040
0079WA|ORION-WA|0.110|0.105|0.105|-0.005|-4.55|42,880
5065|ORNA|1.020|1.020|1.010|-0.010|-0.98|140
5053|OSK|0.960|0.960|0.945|-0.015|-1.56|14,359
5053WC|OSK-WC|0.040|0.045|0.040|0.000|0.00|2,552
0053|OSKVI|0.460|0.465|0.460|0.000|0.00|872
0153|OVERSEA|0.115|0.000|0.000|0.000|0.00|0
5260|OWG|0.610|0.610|0.615|+0.005|+0.82|2,793
5260WA|OWG-WA|0.180|0.180|0.185|+0.005|+2.78|2,643
6009|P&O|1.000|1.000|1.000|0.000|0.00|35
7225|PA|0.055|0.055|0.055|0.000|0.00|13,400
7225WB|PA-WB|0.040|0.035|0.035|-0.005|-12.50|12,137
7052|PADINI|3.650|3.640|3.640|-0.010|-0.27|16,136
7052CV|PADINI-CV|0.005|0.000|0.000|0.000|0.00|0
7052CW|PADINI-CW|0.005|0.000|0.000|0.000|0.00|0
7052CX|PADINI-CX|0.105|0.000|0.000|0.000|0.00|0
7052CY|PADINI-CY|0.075|0.070|0.075|0.000|0.00|4,575
7052CZ|PADINI-CZ|0.125|0.000|0.000|0.000|0.00|0
3719|PANAMY|37.660|37.660|37.660|0.000|0.00|81
8419|PANSAR|0.805|0.800|0.800|-0.005|-0.62|12,746
8419WA|PANSAR-WA|0.310|0.295|0.315|+0.005|+1.61|54
5125|PANTECH|0.540|0.540|0.535|-0.005|-0.93|5,788
5125WA|PANTECH-WA|0.125|0.120|0.130|+0.005|+4.00|1,148
5125WB|PANTECH-WB|0.155|0.130|0.130|-0.025|-16.13|6
5022|PAOS|0.395|0.405|0.390|-0.005|-1.27|851
5022WA|PAOS-WA|0.070|0.080|0.070|0.000|0.00|5,248
9407|PARAGON|0.305|0.000|0.000|0.000|0.00|0
1724|PARAMON|2.070|2.080|2.020|-0.050|-2.42|968
5657|PARKSON|0.265|0.265|0.265|0.000|0.00|14,125
0022|PARLO|0.085|0.080|0.080|-0.005|-5.88|6,801
6912|PASDEC|0.405|0.385|0.385|-0.020|-4.94|450
6912WA|PASDEC-WA|0.065|0.070|0.070|+0.005|+7.69|200
0177|PASUKGB|0.050|0.050|0.050|0.000|0.00|3,162
5212|PAVREIT|1.750|1.750|1.750|0.000|0.00|35,820
5041|PBA|1.170|1.170|1.160|-0.010|-0.85|134
1295|PBBANK|24.460|24.460|23.860|-0.600|-2.45|96,513
129526|PBBANK-C26|0.050|0.000|0.000|0.000|0.00|0
129527|PBBANK-C27|0.030|0.020|0.020|-0.010|-33.33|10,000
129528|PBBANK-C28|0.105|0.000|0.000|0.000|0.00|0
129529|PBBANK-C29|0.155|0.130|0.125|-0.030|-19.35|900
129530|PBBANK-C30|0.115|0.105|0.100|-0.015|-13.04|2
129531|PBBANK-C31|0.155|0.150|0.130|-0.025|-16.13|57,506
6068|PCCS|0.380|0.375|0.385|+0.005|+1.32|79,256
6068WA|PCCS-WA|0.105|0.105|0.110|+0.005|+4.76|19,172
5183|PCHEM|9.140|9.250|9.040|-0.100|-1.09|51,808
518322|PCHEM-C22|0.030|0.000|0.000|0.000|0.00|0
518323|PCHEM-C23|0.015|0.000|0.000|0.000|0.00|0
518324|PCHEM-C24|0.015|0.000|0.000|0.000|0.00|0
518325|PCHEM-C25|0.065|0.050|0.050|-0.015|-23.08|1
518326|PCHEM-C26|0.095|0.100|0.085|-0.010|-10.53|3,851
518327|PCHEM-C27|0.145|0.145|0.135|-0.010|-6.90|309
518328|PCHEM-C28|0.150|0.000|0.000|0.000|0.00|0
518329|PCHEM-C29|0.145|0.155|0.135|-0.010|-6.90|4,424
518330|PCHEM-C30|0.195|0.195|0.180|-0.015|-7.69|12,002
518331|PCHEM-C31|0.090|0.095|0.080|-0.010|-11.11|8
6254|PDZ|0.035|0.035|0.035|0.000|0.00|20,633
6254WB|PDZ-WB|0.010|0.010|0.010|0.000|0.00|5,133
5622|PEB|0.860|0.860|0.855|-0.005|-0.58|63
5271|PECCA|1.080|1.090|1.070|-0.010|-0.93|8,530
5231|PELIKAN|0.345|0.340|0.345|0.000|0.00|1,680
5133|PENERGY|1.030|1.040|1.010|-0.020|-1.94|5,190
9997|PENSONI|0.400|0.440|0.440|+0.040|+10.00|1,466
9997WB|PENSONI-WB|0.105|0.110|0.115|+0.010|+9.52|2,302
7160|PENTA|3.540|3.540|3.540|0.000|0.00|8,640
7108|PERDANA|0.430|0.440|0.420|-0.010|-2.33|664,564
0047|PERISAI|0.005|0.000|0.000|0.000|0.00|0
7080|PERMAJU|0.470|0.470|0.465|-0.005|-1.06|156,575
5436|PERSTIM|4.850|4.850|4.860|+0.010|+0.21|31
8311|PESONA|0.240|0.235|0.235|-0.005|-2.08|40,793
8311WC|PESONA-WC|0.045|0.045|0.045|0.000|0.00|2,069
5219|PESTECH|1.130|1.130|1.130|0.000|0.00|1,136
5681|PETDAG|24.980|24.920|25.000|+0.020|+0.08|6,742
5681CW|PETDAG-CW|0.005|0.000|0.000|0.000|0.00|0
5681CX|PETDAG-CX|0.050|0.000|0.000|0.000|0.00|0
6033|PETGAS|17.700|17.840|17.700|0.000|0.00|4,712
6033CR|PETGAS-CR|0.010|0.000|0.000|0.000|0.00|0
6033CS|PETGAS-CS|0.020|0.025|0.095|+0.075|+375.00|1,254
3042|PETRONM|6.580|6.580|6.570|-0.010|-0.15|574
3042CS|PETRONM-CS|0.035|0.000|0.000|0.000|0.00|0
3611|PGLOBE|1.100|0.000|0.000|0.000|0.00|0
3611WA|PGLOBE-WA|0.070|0.080|0.080|+0.010|+14.29|127
7081|PHARMA|2.360|2.360|2.350|-0.010|-0.42|589
4464|PHB|0.020|0.020|0.020|0.000|0.00|152
7201|PICORP|0.130|0.130|0.130|0.000|0.00|3,640
7095|PIE|1.590|1.580|1.580|-0.010|-0.63|690
0006|PINEAPP|0.300|0.300|0.320|+0.020|+6.67|15
1902|PINEPAC|0.330|0.315|0.325|-0.005|-1.52|312
0527C2|PINGAN-C2|0.085|0.120|0.125|+0.040|+47.06|250
0527C3|PINGAN-C3|0.460|0.455|0.440|-0.020|-4.35|2,820
7163|PJBUMI|0.320|0.315|0.315|-0.005|-1.56|2
7163WA|PJBUMI-WA|0.050|0.000|0.000|0.000|0.00|0
0171|PLABS|0.290|0.295|0.300|+0.010|+3.45|1,168
7055|PLB|1.170|1.170|1.170|0.000|0.00|1
5075|PLENITU|1.490|1.490|1.580|+0.090|+6.04|150
9695|PLS|0.965|0.965|0.960|-0.005|-0.52|7,760
7172|PMBTECH|3.580|3.630|3.480|-0.100|-2.79|797
7172LA|PMBTECH-LA|3.220|3.510|3.620|+0.400|+12.42|166
7172WA|PMBTECH-WA|1.620|1.620|1.700|+0.080|+4.94|422
4081|PMCORP|0.140|0.140|0.140|0.000|0.00|140
8869|PMETAL|4.690|4.690|4.670|-0.020|-0.43|23,938
886915|PMETAL-C15|0.085|0.080|0.080|-0.005|-5.88|456
886917|PMETAL-C17|0.015|0.000|0.000|0.000|0.00|0
886918|PMETAL-C18|0.120|0.000|0.000|0.000|0.00|0
886919|PMETAL-C19|0.070|0.000|0.000|0.000|0.00|0
886920|PMETAL-C20|0.050|0.050|0.050|0.000|0.00|4
886921|PMETAL-C21|0.040|0.000|0.000|0.000|0.00|0
886922|PMETAL-C22|0.035|0.000|0.000|0.000|0.00|0
886923|PMETAL-C23|0.180|0.000|0.000|0.000|0.00|0
886924|PMETAL-C24|0.085|0.100|0.100|+0.015|+17.65|1,000
886925|PMETAL-C25|0.190|0.190|0.190|0.000|0.00|5,218
886926|PMETAL-C26|0.155|0.150|0.150|-0.005|-3.23|13,839
886927|PMETAL-C27|0.155|0.155|0.160|+0.005|+3.23|312
8869WC|PMETAL-WC|4.270|4.270|4.270|0.000|0.00|250
1287|PMHLDG|0.045|0.045|0.040|-0.005|-11.11|3,939
6637|PNEPCB|0.530|0.000|0.000|0.000|0.00|0
5080|POHKONG|0.485|0.485|0.490|+0.005|+1.03|2,569
7088|POHUAT|1.580|1.580|1.580|0.000|0.00|890
7088WB|POHUAT-WB|0.555|0.540|0.545|-0.010|-1.80|145
8117|POLY|0.465|0.435|0.465|0.000|0.00|100
03007|POLYMER|0.170|0.000|0.000|0.000|0.00|0
4634|POS|1.900|1.930|1.890|-0.010|-0.53|6,227
463421|POS-C21|0.005|0.000|0.000|0.000|0.00|0
463422|POS-C22|0.005|0.000|0.000|0.000|0.00|0
463423|POS-C23|0.005|0.000|0.000|0.000|0.00|0
463424|POS-C24|0.005|0.000|0.000|0.000|0.00|0
463425|POS-C25|0.005|0.000|0.000|0.000|0.00|0
463426|POS-C26|0.005|0.000|0.000|0.000|0.00|0
463427|POS-C27|0.010|0.000|0.000|0.000|0.00|0
463428|POS-C28|0.005|0.000|0.000|0.000|0.00|0
463429|POS-C29|0.035|0.000|0.000|0.000|0.00|0
463430|POS-C30|0.055|0.045|0.045|-0.010|-18.18|300
463431|POS-C31|0.080|0.080|0.080|0.000|0.00|3,050
463432|POS-C32|0.045|0.000|0.000|0.000|0.00|0
463433|POS-C33|0.125|0.135|0.115|-0.010|-8.00|5,638
463434|POS-C34|0.100|0.000|0.000|0.000|0.00|0
4065|PPB|18.320|18.400|17.820|-0.500|-2.73|10,687
4065CJ|PPB-CJ|0.115|0.000|0.000|0.000|0.00|0
7190|PPG|0.405|0.410|0.405|0.000|0.00|129
8273|PPHB|0.630|0.645|0.630|0.000|0.00|4,325
5204|PRESBHD|0.540|0.545|0.530|-0.010|-1.85|88,962
9873|PRESTAR|0.670|0.670|0.645|-0.025|-3.73|5,360
7168|PRG|0.735|0.730|0.735|0.000|0.00|405
7168WA|PRG-WA|0.350|0.000|0.000|0.000|0.00|0
0123|PRIVA|0.065|0.065|0.065|0.000|0.00|130
8346|PRKCORP|0.400|0.000|0.000|0.000|0.00|0
8966|PRLEXUS|0.605|0.605|0.605|0.000|0.00|310
8966WA|PRLEXUS-WA|0.090|0.000|0.000|0.000|0.00|0
5070|PRTASCO|0.265|0.260|0.265|0.000|0.00|24,880
5070WA|PRTASCO-WA|0.060|0.060|0.055|-0.005|-8.33|694
7145|PSIPTEK|0.125|0.125|0.125|0.000|0.00|2,400
7145WA|PSIPTEK-WA|0.030|0.025|0.030|0.000|0.00|256
9598|PTARAS|2.150|2.140|2.050|-0.100|-4.65|1,344
0038|PTB|0.130|0.135|0.135|+0.005|+3.85|300
0186|PTRANS|0.240|0.235|0.235|-0.005|-2.08|28,176
0186WA|PTRANS-WA|0.060|0.060|0.055|-0.005|-8.33|5,010
0007|PUC|0.095|0.095|0.100|+0.005|+5.26|239,411
0007WA|PUC-WA|0.065|0.065|0.065|0.000|0.00|8,016
6807|PUNCAK|0.375|0.380|0.375|0.000|0.00|2,751
7134|PWF|0.800|0.790|0.790|-0.010|-1.25|315
7134WA|PWF-WA|0.390|0.250|0.250|-0.140|-35.90|72
7123|PWORTH|0.050|0.050|0.055|+0.005|+10.00|268,497
7237|PWROOT|1.380|1.380|1.350|-0.030|-2.17|1,829
7237WA|PWROOT-WA|0.270|0.270|0.270|0.000|0.00|200
0196|QES|0.260|0.260|0.255|-0.005|-1.92|70,062
7084|QL|6.970|6.950|6.950|-0.020|-0.29|6,508
7084CL|QL-CL|0.050|0.000|0.000|0.000|0.00|0
7084CM|QL-CM|0.055|0.000|0.000|0.000|0.00|0
7084CN|QL-CN|0.090|0.000|0.000|0.000|0.00|0
7084CO|QL-CO|0.130|0.000|0.000|0.000|0.00|0
7544|QUALITY|0.815|0.000|0.000|0.000|0.00|0
7498|RALCO|0.220|0.240|0.230|+0.010|+4.55|135
7498WB|RALCO-WB|0.005|0.000|0.000|0.000|0.00|0
5272|RANHILL|1.280|1.280|1.300|+0.020|+1.56|2,080
7765|RAPID|5.690|5.650|5.630|-0.060|-1.05|18,523
9296|RCECAP|1.640|1.630|1.630|-0.010|-0.61|2,949
5256|REACH|0.310|0.320|0.315|+0.005|+1.61|82,027
5256WA|REACH-WA|0.055|0.060|0.060|+0.005|+9.09|47,929
03002|REDIDEA|0.280|0.000|0.000|0.000|0.00|0
0032|REDTONE|0.295|0.295|0.290|-0.005|-1.69|17,022
0032LA|REDTONE-LA|0.110|0.000|0.000|0.000|0.00|0
7232|RESINTC|0.285|0.295|0.295|+0.010|+3.51|500
0173|REV|0.210|0.205|0.205|-0.005|-2.38|2,500
0200|REVENUE|1.260|1.250|1.250|-0.010|-0.79|7,098
0200WA|REVENUE-WA|0.425|0.425|0.410|-0.015|-3.53|9,774
9946|REX|0.420|0.000|0.000|0.000|0.00|0
0106|REXIT|0.585|0.600|0.600|+0.015|+2.56|100
0037|RGB|0.210|0.210|0.215|+0.005|+2.38|15,966
9954|RGTBHD|0.185|0.185|0.185|0.000|0.00|2,938
9954WB|RGTBHD-WB|0.115|0.000|0.000|0.000|0.00|0
0202|RGTECH|0.235|0.230|0.240|+0.005|+2.13|5,254
1066|RHBBANK|5.770|5.790|5.720|-0.050|-0.87|65,282
106610|RHBBANKC10|0.090|0.000|0.000|0.000|0.00|0
106611|RHBBANKC11|0.055|0.050|0.045|-0.010|-18.18|884
106612|RHBBANKC12|0.105|0.095|0.090|-0.015|-14.29|2,300
106613|RHBBANKC13|0.085|0.085|0.075|-0.010|-11.76|206
5278|RHONEMA|0.735|0.735|0.730|-0.005|-0.68|232
9741|ROHAS|0.660|0.665|0.660|0.000|0.00|17,435
5113|RSAWIT|0.195|0.195|0.190|-0.005|-2.56|1,400
5270|RSENA|0.505|0.000|0.000|0.000|0.00|0
7803|RUBEREX|0.445|0.450|0.450|+0.005|+1.12|150
2542|RVIEW|3.010|0.000|0.000|0.000|0.00|0
5134|SAB|3.800|3.710|3.800|0.000|0.00|110
8567|SALCON|0.290|0.295|0.285|-0.005|-1.72|16,383
8567WB|SALCON-WB|0.090|0.090|0.090|0.000|0.00|21,600
0183|SALUTE|0.365|0.370|0.365|0.000|0.00|2,253
9822|SAM|7.540|7.600|7.600|+0.060|+0.80|70
5147|SAMCHEM|0.600|0.600|0.600|0.000|0.00|876
9113|SANBUMI|0.330|0.330|0.330|0.000|0.00|7,943
0541C9|SANDS-C9|0.115|0.000|0.000|0.000|0.00|0
0133|SANICHI|0.055|0.055|0.055|0.000|0.00|3,200
0133WC|SANICHI-WC|0.005|0.000|0.000|0.000|0.00|0
0133WD|SANICHI-WD|0.005|0.000|0.000|0.000|0.00|0
0133WE|SANICHI-WE|0.015|0.000|0.000|0.000|0.00|0
7811|SAPIND|0.700|0.735|0.740|+0.040|+5.71|90
5218|SAPNRG|0.340|0.350|0.350|+0.010|+2.94|1,662,177
5218PA|SAPNRG-PA|0.390|0.000|0.000|0.000|0.00|0
5218WA|SAPNRG-WA|0.135|0.140|0.145|+0.010|+7.41|1,343,305
521868|SAPNRGC68|0.005|0.005|0.005|0.000|0.00|1
521869|SAPNRGC69|0.005|0.000|0.000|0.000|0.00|0
521870|SAPNRGC70|0.070|0.000|0.000|0.000|0.00|0
521871|SAPNRGC71|0.010|0.000|0.000|0.000|0.00|0
521872|SAPNRGC72|0.010|0.000|0.000|0.000|0.00|0
521873|SAPNRGC73|0.035|0.035|0.035|0.000|0.00|5,500
521874|SAPNRGC74|0.040|0.040|0.040|0.000|0.00|500
521875|SAPNRGC75|0.090|0.090|0.095|+0.005|+5.56|37,170
521876|SAPNRGC76|0.085|0.085|0.085|0.000|0.00|51,750
4596|SAPRES|0.630|0.620|0.620|-0.010|-1.59|10
5252|SASBADI|0.245|0.245|0.245|0.000|0.00|43,529
5157|SAUDEE|0.320|0.310|0.335|+0.015|+4.69|101
5157WA|SAUDEE-WA|0.130|0.000|0.000|0.000|0.00|0
2569|SBAGAN|2.860|2.920|2.920|+0.060|+2.10|15
5207|SBCCORP|0.490|0.475|0.490|0.000|0.00|231
5170|SCABLE|0.370|0.370|0.355|-0.015|-4.05|2,173
0109|SCBUILD|0.025|0.025|0.025|0.000|0.00|2,350
0109WB|SCBUILD-WB|0.005|0.000|0.000|0.000|0.00|0
0158|SCC|0.510|0.000|0.000|0.000|0.00|0
7247|SCGM|1.180|1.170|1.160|-0.020|-1.69|943
7247WA|SCGM-WA|0.090|0.000|0.000|0.000|0.00|0
0161|SCH|0.130|0.130|0.130|0.000|0.00|1,617
0161WA|SCH-WA|0.040|0.000|0.000|0.000|0.00|0
9237|SCIB|0.585|0.610|0.600|+0.015|+2.56|8,048
0099|SCICOM|1.180|0.000|0.000|0.000|0.00|0
4731|SCIENTX|8.500|8.510|8.510|+0.010|+0.12|478
4731CF|SCIENTX-CF|0.060|0.000|0.000|0.000|0.00|0
7239|SCNWOLF|0.175|0.000|0.000|0.000|0.00|0
7158|SCOMI|0.045|0.045|0.045|0.000|0.00|3,109
7158WB|SCOMI-WB|0.010|0.010|0.010|0.000|0.00|41
7045|SCOMIES|0.080|0.075|0.075|-0.005|-6.25|8,740
0001|SCOMNET|0.805|0.815|0.775|-0.030|-3.73|10,783
0028|SCOPE|0.225|0.225|0.220|-0.005|-2.22|21,952
0028WA|SCOPE-WA|0.090|0.085|0.085|-0.005|-5.56|2,046
2224|SDRED|0.730|0.725|0.690|-0.040|-5.48|23,684
7073|SEACERA|0.370|0.375|0.365|-0.005|-1.35|224,191
7073WB|SEACERA-WB|0.005|0.000|0.000|0.000|0.00|0
7073WC|SEACERA-WC|0.040|0.040|0.040|0.000|0.00|8,070
4286|SEAL|0.350|0.345|0.345|-0.005|-1.43|304
5145|SEALINK|0.215|0.215|0.195|-0.020|-9.30|30,648
5163|SEB|0.390|0.385|0.380|-0.010|-2.56|780
0178|SEDANIA|0.120|0.000|0.000|0.000|0.00|0
7053|SEEHUP|0.910|0.000|0.000|0.000|0.00|0
03009|SEERS|0.100|0.000|0.000|0.000|0.00|0
9792|SEG|0.630|0.625|0.630|0.000|0.00|4,829
5250|SEM|1.430|1.430|1.440|+0.010|+0.70|2,200
5205|SENDAI|0.475|0.475|0.505|+0.030|+6.32|381,268
5279|SERBADK|3.870|3.880|3.870|0.000|0.00|12,921
5279CN|SERBADK-CN|0.010|0.005|0.005|-0.005|-50.00|1,470
5279CP|SERBADK-CP|0.075|0.000|0.000|0.000|0.00|0
5279CQ|SERBADK-CQ|0.170|0.000|0.000|0.000|0.00|0
5279CR|SERBADK-CR|0.150|0.000|0.000|0.000|0.00|0
5279CS|SERBADK-CS|0.100|0.000|0.000|0.000|0.00|0
7180|SERNKOU|0.545|0.000|0.000|0.000|0.00|0
7180WA|SERNKOU-WA|0.220|0.200|0.200|-0.020|-9.09|213
0055|SERSOL|0.100|0.105|0.100|0.000|0.00|9,630
0055WA|SERSOL-WA|0.045|0.045|0.045|0.000|0.00|1,700
5517|SHANG|5.590|5.650|5.650|+0.060|+1.07|650
4316|SHCHAN|0.370|0.000|0.000|0.000|0.00|0
7412|SHH|0.495|0.000|0.000|0.000|0.00|0
6017|SHL|2.350|2.380|2.330|-0.020|-0.85|178
5181|SIGGAS|0.865|0.865|0.850|-0.015|-1.73|2,191
7246|SIGN|0.440|0.445|0.455|+0.015|+3.41|4,251
7246WA|SIGN-WA|0.070|0.075|0.080|+0.010|+14.29|3,456
4197|SIME|2.180|2.180|2.190|+0.010|+0.46|88,812
419725|SIME-C25|0.005|0.000|0.000|0.000|0.00|0
419727|SIME-C27|0.005|0.000|0.000|0.000|0.00|0
419728|SIME-C28|0.015|0.000|0.000|0.000|0.00|0
419729|SIME-C29|0.040|0.000|0.000|0.000|0.00|0
419730|SIME-C30|0.035|0.000|0.000|0.000|0.00|0
419731|SIME-C31|0.035|0.035|0.035|0.000|0.00|11,000
419732|SIME-C32|0.085|0.085|0.085|0.000|0.00|4,500
419733|SIME-C33|0.050|0.050|0.050|0.000|0.00|1,000
5285|SIMEPLT|5.150|5.170|5.060|-0.090|-1.75|34,091
5285CH|SIMEPLT-CH|0.030|0.000|0.000|0.000|0.00|0
5285CI|SIMEPLT-CI|0.040|0.045|0.035|-0.005|-12.50|8
5285CJ|SIMEPLT-CJ|0.095|0.095|0.095|0.000|0.00|5,000
5288|SIMEPROP|1.120|1.120|1.080|-0.040|-3.57|16,229
5288CG|SIMEPROP-CG|0.020|0.000|0.000|0.000|0.00|0
5288CH|SIMEPROP-CH|0.050|0.000|0.000|0.000|0.00|0
5288CJ|SIMEPROP-CJ|0.020|0.000|0.000|0.000|0.00|0
5288CK|SIMEPROP-CK|0.045|0.000|0.000|0.000|0.00|0
5288CL|SIMEPROP-CL|0.065|0.065|0.065|0.000|0.00|2,900
8532|SINOTOP|0.300|0.280|0.280|-0.020|-6.67|45
9431|SJC|0.540|0.000|0.000|0.000|0.00|0
7115|SKBSHUT|0.650|0.000|0.000|0.000|0.00|0
7155|SKPRES|1.350|1.350|1.340|-0.010|-0.74|3,289
7155CN|SKPRES-CN|0.040|0.000|0.000|0.000|0.00|0
7155CO|SKPRES-CO|0.045|0.045|0.045|0.000|0.00|8,000
7155CP|SKPRES-CP|0.050|0.000|0.000|0.000|0.00|0
7155CQ|SKPRES-CQ|0.115|0.000|0.000|0.000|0.00|0
03008|SLIC|0.420|0.000|0.000|0.000|0.00|0
7248|SLP|1.220|1.200|1.210|-0.010|-0.82|720
9776|SMCAP|0.200|0.205|0.200|0.000|0.00|78,533
9776WC|SMCAP-WC|0.095|0.090|0.090|-0.005|-5.26|17,025
0203|SMETRIC|0.540|0.535|0.535|-0.005|-0.93|1,400
4375|SMI|0.190|0.190|0.175|-0.015|-7.89|21,715
7132|SMISCOR|0.445|0.000|0.000|0.000|0.00|0
0117|SMRT|0.120|0.000|0.000|0.000|0.00|0
0169|SMTRACK|0.100|0.100|0.090|-0.010|-10.00|9,960
7943|SNC|0.235|0.235|0.235|0.000|0.00|110
5213|SNTORIA|0.395|0.395|0.395|0.000|0.00|1
5213WA|SNTORIA-WA|0.005|0.000|0.000|0.000|0.00|0
5213WB|SNTORIA-WB|0.055|0.000|0.000|0.000|0.00|0
5242|SOLID|0.295|0.290|0.290|-0.005|-1.69|103
5242WA|SOLID-WA|0.080|0.075|0.075|-0.005|-6.25|1,250
0093|SOLUTN|0.090|0.090|0.090|0.000|0.00|2,466
0093WA|SOLUTN-WA|0.025|0.000|0.000|0.000|0.00|0
5126|SOP|2.530|0.000|0.000|0.000|0.00|0
0656CG|SP500-CG|0.885|0.880|0.840|-0.045|-5.08|235
0656CH|SP500-CH|1.440|0.000|0.000|0.000|0.00|0
0656CI|SP500-CI|0.940|0.000|0.000|0.000|0.00|0
0656HG|SP500-HG|0.165|0.170|0.180|+0.015|+9.09|601
0656HH|SP500-HH|0.270|0.275|0.280|+0.010|+3.70|500
0656HI|SP500-HI|0.800|0.800|0.810|+0.010|+1.25|574
1783|SPB|6.230|6.230|6.230|0.000|0.00|787
7103|SPRITZER|2.190|2.190|2.190|0.000|0.00|1
8664|SPSETIA|2.280|2.280|2.170|-0.110|-4.82|25,986
866410|SPSETIA-C10|0.010|0.000|0.000|0.000|0.00|0
866411|SPSETIA-C11|0.070|0.000|0.000|0.000|0.00|0
866412|SPSETIA-C12|0.105|0.000|0.000|0.000|0.00|0
866413|SPSETIA-C13|0.065|0.060|0.060|-0.005|-7.69|100
866414|SPSETIA-C14|0.115|0.000|0.000|0.000|0.00|0
866415|SPSETIA-C15|0.150|0.000|0.000|0.000|0.00|0
866416|SPSETIA-C16|0.075|0.080|0.075|0.000|0.00|8,000
8664C9|SPSETIA-C9|0.005|0.000|0.000|0.000|0.00|0
8664PA|SPSETIA-PA|0.880|0.000|0.000|0.000|0.00|0
8664PB|SPSETIA-PB|0.765|0.000|0.000|0.000|0.00|0
0129|SRIDGE|0.210|0.210|0.220|+0.010|+4.76|1,616
0129WA|SRIDGE-WA|0.055|0.055|0.055|0.000|0.00|400
5665|SSTEEL|0.830|0.840|0.820|-0.010|-1.20|803
5665LB|SSTEEL-LB|0.760|0.000|0.000|0.000|0.00|0
6084|STAR|0.810|0.810|0.805|-0.005|-0.62|3,126
0140|STERPRO|0.180|0.165|0.165|-0.015|-8.33|990
0140WA|STERPRO-WA|0.040|0.000|0.000|0.000|0.00|0
7143|STONE|0.125|0.130|0.105|-0.020|-16.00|501
7143WA|STONE-WA|0.015|0.000|0.000|0.000|0.00|0
0080|STRAITS|0.260|0.260|0.255|-0.005|-1.92|28,708
0080WA|STRAITS-WA|0.150|0.155|0.150|0.000|0.00|18,160
6904|SUBUR|0.505|0.505|0.510|+0.005|+0.99|40
7207|SUCCESS|0.685|0.690|0.680|-0.005|-0.73|1,082
9865|SUIWAH|2.670|2.680|2.700|+0.030|+1.12|61
1201|SUMATEC|0.010|0.010|0.010|0.000|0.00|8,401
1201WA|SUMATEC-WA|0.005|0.000|0.000|0.000|0.00|0
5263|SUNCON|1.790|1.810|1.820|+0.030|+1.68|5,273
5263CU|SUNCON-CU|0.055|0.000|0.000|0.000|0.00|0
5263CV|SUNCON-CV|0.040|0.000|0.000|0.000|0.00|0
5176|SUNREIT|1.770|1.770|1.770|0.000|0.00|52,907
3743|SUNSURIA|0.690|0.670|0.680|-0.010|-1.45|3,151
3743WA|SUNSURIA-WA|0.055|0.040|0.040|-0.015|-27.27|500
5211|SUNWAY|1.680|1.680|1.650|-0.030|-1.79|65,292
5211WB|SUNWAY-WB|0.280|0.280|0.280|0.000|0.00|4,800
0148|SUNZEN|0.160|0.160|0.160|0.000|0.00|5,800
0148WA|SUNZEN-WA|0.040|0.045|0.045|+0.005|+12.50|1,029
0148WB|SUNZEN-WB|0.055|0.000|0.000|0.000|0.00|0
7235|SUPERLN|1.330|1.330|1.330|0.000|0.00|1,476
7106|SUPERMX|1.450|1.440|1.440|-0.010|-0.69|54,322
710648|SUPERMX-C48|0.005|0.000|0.000|0.000|0.00|0
710650|SUPERMX-C50|0.005|0.000|0.000|0.000|0.00|0
710652|SUPERMX-C52|0.005|0.000|0.000|0.000|0.00|0
710653|SUPERMX-C53|0.005|0.000|0.000|0.000|0.00|0
710654|SUPERMX-C54|0.040|0.000|0.000|0.000|0.00|0
710655|SUPERMX-C55|0.030|0.000|0.000|0.000|0.00|0
710656|SUPERMX-C56|0.080|0.080|0.075|-0.005|-6.25|7,492
710657|SUPERMX-C57|0.065|0.000|0.000|0.000|0.00|0
710658|SUPERMX-C58|0.050|0.000|0.000|0.000|0.00|0
710659|SUPERMX-C59|0.065|0.065|0.060|-0.005|-7.69|3,900
710660|SUPERMX-C60|0.030|0.000|0.000|0.000|0.00|0
710661|SUPERMX-C61|0.045|0.000|0.000|0.000|0.00|0
710662|SUPERMX-C62|0.060|0.060|0.055|-0.005|-8.33|39,500
710663|SUPERMX-C63|0.050|0.000|0.000|0.000|0.00|0
710664|SUPERMX-C64|0.080|0.070|0.070|-0.010|-12.50|1,200
710665|SUPERMX-C65|0.095|0.080|0.080|-0.015|-15.79|5,998
710666|SUPERMX-C66|0.075|0.070|0.070|-0.005|-6.67|2,800
03018|SUPREME|0.680|0.000|0.000|0.000|0.00|0
6521|SURIA|1.390|1.370|1.400|+0.010|+0.72|120
5135|SWKPLNT|1.560|1.480|1.470|-0.090|-5.77|220
7186|SWSCAP|0.680|0.640|0.650|-0.030|-4.41|226
7186WB|SWSCAP-WB|0.080|0.065|0.080|0.000|0.00|62
9717|SYCAL|0.230|0.230|0.235|+0.005|+2.17|35
7082|SYF|0.225|0.225|0.230|+0.005|+2.22|11
7082WB|SYF-WB|0.015|0.010|0.010|-0.005|-33.33|1,500
1538|SYMLIFE|0.415|0.410|0.420|+0.005|+1.20|762
1538WB|SYMLIFE-WB|0.035|0.030|0.030|-0.005|-14.29|1,170
5173|SYSCORP|0.305|0.305|0.320|+0.015|+4.92|1,619
0050|SYSTECH|0.250|0.245|0.250|0.000|0.00|2,939
7228|T7GLOBAL|0.505|0.515|0.515|+0.010|+1.98|26,834
4898|TA|0.620|0.620|0.620|0.000|0.00|1,830
5012|TAANN|2.320|2.320|2.250|-0.070|-3.02|3,025
5012CM|TAANN-CM|0.080|0.000|0.000|0.000|0.00|0
4022|TADMAX|0.220|0.220|0.220|0.000|0.00|19,255
7211|TAFI|0.300|0.000|0.000|0.000|0.00|0
5158|TAGB|0.250|0.250|0.255|+0.005|+2.00|1,252
6139|TAKAFUL|4.480|4.560|4.650|+0.170|+3.79|40,552
6139CC|TAKAFUL-CC|0.055|0.070|0.080|+0.025|+45.45|21,027
6139CD|TAKAFUL-CD|0.125|0.145|0.150|+0.025|+20.00|36,768
2259|TALAMT|0.040|0.040|0.040|0.000|0.00|172,502
8524|TALIWRK|0.880|0.880|0.880|0.000|0.00|2,416
8524CE|TALIWRK-CE|0.140|0.000|0.000|0.000|0.00|0
5191|TAMBUN|0.810|0.815|0.800|-0.010|-1.23|1,478
2429|TANCO|0.050|0.050|0.050|0.000|0.00|7,119
2429WB|TANCO-WB|0.025|0.025|0.025|0.000|0.00|50
5149|TAS|0.295|0.305|0.305|+0.010|+3.39|19,258
5140|TASCO|1.520|1.540|1.540|+0.020|+1.32|37
4448|TASEK|4.700|4.720|4.700|0.000|0.00|61
4448P|TASEK-PA|10.100|0.000|0.000|0.000|0.00|0
7097|TAWIN|0.550|0.540|0.530|-0.020|-3.64|1,063
4405|TCHONG|1.600|1.600|1.590|-0.010|-0.63|830
0132|TDEX|0.075|0.070|0.070|-0.005|-6.67|2,050
2054|TDM|0.175|0.170|0.170|-0.005|-2.86|32,386
0084|TECFAST|0.330|0.335|0.330|0.000|0.00|6,397
7439|TECGUAN|1.070|1.080|1.080|+0.010|+0.93|2
5289|TECHBND|0.780|0.785|0.755|-0.025|-3.21|4,002
7200|TEKSENG|0.250|0.245|0.240|-0.010|-4.00|547
7200WA|TEKSENG-WA|0.045|0.035|0.040|-0.005|-11.11|1,352
5347|TENAGA|13.020|13.020|12.880|-0.140|-1.08|22,724
534747|TENAGA-C47|0.050|0.000|0.000|0.000|0.00|0
534749|TENAGA-C49|0.005|0.000|0.000|0.000|0.00|0
534750|TENAGA-C50|0.045|0.045|0.040|-0.005|-11.11|25,050
534751|TENAGA-C51|0.040|0.040|0.040|0.000|0.00|5,726
534752|TENAGA-C52|0.040|0.000|0.000|0.000|0.00|0
534753|TENAGA-C53|0.060|0.000|0.000|0.000|0.00|0
534754|TENAGA-C54|0.100|0.105|0.100|0.000|0.00|22,942
0546C7|TENCENT-C7|0.205|0.200|0.200|-0.005|-2.44|250
7252|TEOSENG|1.270|1.270|1.230|-0.040|-3.15|7,406
7252WA|TEOSENG-WA|0.270|0.280|0.280|+0.010|+3.70|700
8702|TEXCHEM|0.680|0.000|0.000|0.000|0.00|0
0089|TEXCYCL|0.530|0.525|0.540|+0.010|+1.89|135
0145|TFP|0.100|0.095|0.110|+0.010|+10.00|316
9369|TGL|1.000|1.000|1.000|0.000|0.00|40
7034|TGUAN|2.530|2.530|2.540|+0.010|+0.40|514
7034LA|TGUAN-LA|2.600|0.000|0.000|0.000|0.00|0
7034WA|TGUAN-WA|1.060|0.000|0.000|0.000|0.00|0
9075|THETA|0.430|0.430|0.415|-0.015|-3.49|1,303
7206|THHEAVY|0.060|0.060|0.060|0.000|0.00|6,951
7206PB|THHEAVY-PB|0.075|0.000|0.000|0.000|0.00|0
5112|THPLANT|0.510|0.520|0.530|+0.020|+3.92|1,002
7889|THRIVEN|0.240|0.240|0.245|+0.005|+2.08|10,928
7889WB|THRIVEN-WB|0.080|0.075|0.075|-0.005|-6.25|210
7374|TIENWAH|1.340|1.330|1.340|0.000|0.00|130
7079|TIGER|0.075|0.075|0.075|0.000|0.00|2,456
7079WC|TIGER-WC|0.015|0.020|0.025|+0.010|+66.67|8,008
5031|TIMECOM|8.680|8.780|8.720|+0.040|+0.46|21,334
7854|TIMWELL|0.615|0.000|0.000|0.000|0.00|0
5239|TITIJYA|0.315|0.315|0.315|0.000|0.00|2,302
5239PA|TITIJYA-PA|0.035|0.030|0.030|-0.005|-14.29|2
4863|TM|3.250|3.250|3.220|-0.030|-0.92|14,809
486327|TM-C27|0.005|0.000|0.000|0.000|0.00|0
486328|TM-C28|0.005|0.000|0.000|0.000|0.00|0
486330|TM-C30|0.045|0.000|0.000|0.000|0.00|0
486331|TM-C31|0.050|0.000|0.000|0.000|0.00|0
486332|TM-C32|0.015|0.000|0.000|0.000|0.00|0
486333|TM-C33|0.065|0.000|0.000|0.000|0.00|0
486334|TM-C34|0.100|0.000|0.000|0.000|0.00|0
486335|TM-C35|0.125|0.000|0.000|0.000|0.00|0
486336|TM-C36|0.245|0.000|0.000|0.000|0.00|0
486337|TM-C37|0.380|0.375|0.375|-0.005|-1.32|50
486338|TM-C38|0.205|0.000|0.000|0.000|0.00|0
486339|TM-C39|0.250|0.245|0.245|-0.005|-2.00|700
486340|TM-C40|0.165|0.000|0.000|0.000|0.00|0
486341|TM-C41|0.100|0.100|0.100|0.000|0.00|2,000
0101|TMCLIFE|0.720|0.725|0.725|+0.005|+0.69|3,244
0101WB|TMCLIFE-WB|0.015|0.015|0.010|-0.005|-33.33|25,804
8397|TNLOGIS|0.610|0.615|0.600|-0.010|-1.64|5,009
7218|TOCEAN|0.720|0.670|0.720|0.000|0.00|83
7230|TOMEI|0.510|0.000|0.000|0.000|0.00|0
7285|TOMYPAK|0.495|0.485|0.490|-0.005|-1.01|1,670
7285WA|TOMYPAK-WA|0.150|0.150|0.140|-0.010|-6.67|2,243
5010|TONGHER|3.550|3.550|3.560|+0.010|+0.28|114
7113|TOPGLOV|4.580|4.580|4.460|-0.120|-2.62|61,992
711333|TOPGLOV-C33|0.005|0.000|0.000|0.000|0.00|0
711340|TOPGLOV-C40|0.005|0.000|0.000|0.000|0.00|0
711341|TOPGLOV-C41|0.005|0.000|0.000|0.000|0.00|0
711342|TOPGLOV-C42|0.025|0.020|0.020|-0.005|-20.00|2,565
711343|TOPGLOV-C43|0.035|0.030|0.030|-0.005|-14.29|500
711344|TOPGLOV-C44|0.030|0.030|0.025|-0.005|-16.67|4,763
711345|TOPGLOV-C45|0.095|0.090|0.085|-0.010|-10.53|3,810
711346|TOPGLOV-C46|0.080|0.080|0.070|-0.010|-12.50|71,121
711347|TOPGLOV-C47|0.100|0.000|0.000|0.000|0.00|0
711348|TOPGLOV-C48|0.070|0.070|0.065|-0.005|-7.14|3,848
711349|TOPGLOV-C49|0.140|0.145|0.130|-0.010|-7.14|23,740
711350|TOPGLOV-C50|0.105|0.100|0.095|-0.010|-9.52|2,000
03013|TOPVISN|0.400|0.000|0.000|0.000|0.00|0
7173|TOYOINK|0.645|0.620|0.620|-0.025|-3.88|50
7173WB|TOYOINK-WB|0.095|0.090|0.095|0.000|0.00|1,100
7176|TPC|0.415|0.000|0.000|0.000|0.00|0
7176WA|TPC-WA|0.230|0.000|0.000|0.000|0.00|0
5054|TRC|0.630|0.630|0.650|+0.020|+3.17|29,852
0199|TRIMODE|0.430|0.430|0.445|+0.015|+3.49|12
0118|TRIVE|0.020|0.015|0.020|0.000|0.00|3,495
0118WB|TRIVE-WB|0.005|0.000|0.000|0.000|0.00|0
5401|TROP|0.880|0.875|0.880|0.000|0.00|400
5401WA|TROP-WA|0.020|0.025|0.025|+0.005|+25.00|2,080
9059|TSH|1.100|1.050|1.080|-0.020|-1.82|155
5042|TSRCAP|0.400|0.000|0.000|0.000|0.00|0
5042WB|TSRCAP-WB|0.045|0.000|0.000|0.000|0.00|0
5230|TUNEPRO|0.680|0.685|0.695|+0.015|+2.21|18,638
5167|TURBO|0.775|0.780|0.780|+0.005|+0.65|870
4359|TURIYA|0.150|0.155|0.180|+0.030|+20.00|776
5111|TWRREIT|0.900|0.910|0.905|+0.005|+0.56|46
7100|UCHITEC|2.700|2.670|2.700|0.000|0.00|927
7100CE|UCHITEC-CE|0.025|0.000|0.000|0.000|0.00|0
7100CF|UCHITEC-CF|0.100|0.000|0.000|0.000|0.00|0
0005|UCREST|0.265|0.265|0.255|-0.010|-3.77|100,349
5148|UEMS|0.850|0.850|0.860|+0.010|+1.18|61,605
514864|UEMS-C64|0.040|0.000|0.000|0.000|0.00|0
514865|UEMS-C65|0.080|0.090|0.090|+0.010|+12.50|22,985
514866|UEMS-C66|0.060|0.075|0.075|+0.015|+25.00|2,522
7133|ULICORP|0.400|0.410|0.395|-0.005|-1.25|18,837
2593|UMCCA|5.310|5.300|5.400|+0.090|+1.69|3,020
7137|UMS|2.190|0.000|0.000|0.000|0.00|0
7227|UMSNGB|0.965|0.000|0.000|0.000|0.00|0
4588|UMW|5.790|5.660|5.800|+0.010|+0.17|26,587
458811|UMW-C11|0.035|0.000|0.000|0.000|0.00|0
458812|UMW-C12|0.210|0.000|0.000|0.000|0.00|0
458813|UMW-C13|0.200|0.205|0.205|+0.005|+2.50|40
458814|UMW-C14|0.195|0.195|0.195|0.000|0.00|1,547
458815|UMW-C15|0.205|0.000|0.000|0.000|0.00|0
458816|UMW-C16|0.115|0.000|0.000|0.000|0.00|0
458817|UMW-C17|0.105|0.110|0.110|+0.005|+4.76|978
4588C9|UMW-C9|0.025|0.000|0.000|0.000|0.00|0
7091|UNIMECH|1.120|1.130|1.110|-0.010|-0.89|3,362
5005|UNISEM|2.630|2.630|2.610|-0.020|-0.76|144
500511|UNISEM-C11|0.220|0.000|0.000|0.000|0.00|0
500512|UNISEM-C12|0.015|0.000|0.000|0.000|0.00|0
500514|UNISEM-C14|0.045|0.000|0.000|0.000|0.00|0
500515|UNISEM-C15|0.060|0.000|0.000|0.000|0.00|0
03017|UNIWALL|0.320|0.000|0.000|0.000|0.00|0
5200|UOADEV|2.180|2.180|2.190|+0.010|+0.46|6,048
5110|UOAREIT|1.380|1.380|1.370|-0.010|-0.72|104
7757|UPA|2.200|2.180|2.180|-0.020|-0.91|20
2089|UTDPLT|27.420|27.420|27.420|0.000|0.00|23
5754|UTUSAN|0.185|0.155|0.155|-0.030|-16.22|20
7250|UZMA|1.010|1.020|0.985|-0.025|-2.48|24,430
0060|VC|0.155|0.155|0.155|0.000|0.00|6,065
5243|VELESTO|0.295|0.300|0.295|0.000|0.00|247,792
524324|VELESTO-C24|0.215|0.000|0.000|0.000|0.00|0
524325|VELESTO-C25|0.025|0.000|0.000|0.000|0.00|0
524326|VELESTO-C26|0.120|0.000|0.000|0.000|0.00|0
524327|VELESTO-C27|0.100|0.000|0.000|0.000|0.00|0
5243WA|VELESTO-WA|0.120|0.120|0.115|-0.005|-4.17|82,632
4995|VERSATL|0.390|0.380|0.380|-0.010|-2.56|307
7240|VERTICE|0.860|0.850|0.900|+0.040|+4.65|3,171
7240WA|VERTICE-WA|0.500|0.000|0.000|0.000|0.00|0
0120|VIS|0.505|0.505|0.500|-0.005|-0.99|9,729
0120WB|VIS-WB|0.190|0.190|0.185|-0.005|-2.63|3,000
0097|VITROX|7.020|7.050|7.200|+0.180|+2.56|2,984
0097CL|VITROX-CL|0.020|0.005|0.005|-0.015|-75.00|880
0097CM|VITROX-CM|0.060|0.000|0.000|0.000|0.00|0
0069|VIVOCOM|0.015|0.020|0.020|+0.005|+33.33|5,210
0069WC|VIVOCOM-WC|0.005|0.000|0.000|0.000|0.00|0
0069WD|VIVOCOM-WD|0.005|0.000|0.000|0.000|0.00|0
0069WE|VIVOCOM-WE|0.005|0.005|0.005|0.000|0.00|30,333
7070|VIZIONE|0.970|0.975|0.970|0.000|0.00|3,253
7070LA|VIZIONE-LA|0.070|0.000|0.000|0.000|0.00|0
7070WC|VIZIONE-WC|0.390|0.390|0.390|0.000|0.00|84
6963|VS|1.020|1.030|1.000|-0.020|-1.96|278,251
696310|VS-C10|0.100|0.100|0.095|-0.005|-5.00|62,437
696311|VS-C11|0.205|0.000|0.000|0.000|0.00|0
696312|VS-C12|0.080|0.085|0.080|0.000|0.00|21,300
696313|VS-C13|0.110|0.110|0.105|-0.005|-4.55|48,740
696314|VS-C14|0.065|0.075|0.070|+0.005|+7.69|46,450
6963C5|VS-C5|0.005|0.000|0.000|0.000|0.00|0
6963C6|VS-C6|0.005|0.000|0.000|0.000|0.00|0
6963C7|VS-C7|0.005|0.000|0.000|0.000|0.00|0
6963C8|VS-C8|0.160|0.000|0.000|0.000|0.00|0
6963C9|VS-C9|0.135|0.145|0.135|0.000|0.00|36,690
0066|VSOLAR|0.230|0.225|0.230|0.000|0.00|276,832
5162|VSTECS|0.995|0.995|0.990|-0.005|-0.50|312
7203|WANGZNG|1.110|1.050|1.100|-0.010|-0.90|354
5016|WARISAN|2.100|0.000|0.000|0.000|0.00|0
5142|WASEONG|0.765|0.765|0.765|0.000|0.00|5,639
7226|WATTA|0.750|0.770|0.755|+0.005|+0.67|1,565
3565|WCEHB|0.540|0.540|0.520|-0.020|-3.70|1,315
9679|WCT|0.810|0.815|0.805|-0.005|-0.62|9,986
967914|WCT-C14|0.010|0.000|0.000|0.000|0.00|0
967915|WCT-C15|0.015|0.000|0.000|0.000|0.00|0
967916|WCT-C16|0.045|0.000|0.000|0.000|0.00|0
9679WE|WCT-WE|0.075|0.075|0.070|-0.005|-6.67|1,520
0197|WEGMANS|0.330|0.330|0.330|0.000|0.00|4,387
0197WA|WEGMANS-WA|0.140|0.140|0.140|0.000|0.00|3,491
7231|WELLCAL|1.260|1.270|1.270|+0.010|+0.79|518
0162|WIDAD|0.305|0.305|0.305|0.000|0.00|26,528
0162WA|WIDAD-WA|0.100|0.100|0.090|-0.010|-10.00|22,166
7692|WIDETEC|0.560|0.560|0.560|0.000|0.00|1
0008|WILLOW|0.450|0.455|0.445|-0.005|-1.11|1,622
0141|WINTONI|0.035|0.000|0.000|0.000|0.00|0
6378|WMG|0.145|0.140|0.135|-0.010|-6.90|1,334
7050|WONG|0.575|0.575|0.575|0.000|0.00|200
7025|WOODLAN|0.730|0.000|0.000|0.000|0.00|0
5246|WPRTS|3.760|3.790|3.760|0.000|0.00|4,358
5246CX|WPRTS-CX|0.050|0.000|0.000|0.000|0.00|0
5246CY|WPRTS-CY|0.135|0.130|0.135|0.000|0.00|265
5009|WTHORSE|1.190|1.120|1.190|0.000|0.00|90
4243|WTK|0.640|0.640|0.645|+0.005|+0.78|32,597
7245|WZSATU|0.295|0.295|0.280|-0.015|-5.08|13,734
7245WA|WZSATU-WA|0.120|0.115|0.115|-0.005|-4.17|230
5156|XDL|0.095|0.100|0.100|+0.005|+5.26|127,164
5156WD|XDL-WD|0.015|0.015|0.015|0.000|0.00|105,980
7121|XIANLNG|0.425|0.425|0.420|-0.005|-1.18|960
0581C1|XIAOMI-C1|0.020|0.000|0.000|0.000|0.00|0
0581C2|XIAOMI-C2|0.160|0.150|0.145|-0.015|-9.38|3,284
0095|XINGHE|0.030|0.030|0.030|0.000|0.00|13,010
0095WA|XINGHE-WA|0.005|0.000|0.000|0.000|0.00|0
5267|XINHWA|0.865|0.840|0.810|-0.055|-6.36|7,477
5155|XINQUAN|0.055|0.000|0.000|0.000|0.00|0
5155WA|XINQUAN-WA|0.005|0.000|0.000|0.000|0.00|0
5155WB|XINQUAN-WB|0.015|0.000|0.000|0.000|0.00|0
0165|XOX|0.050|0.050|0.055|+0.005|+10.00|2,241
7003|Y&G|0.910|0.000|0.000|0.000|0.00|0
7003WA|Y&G-WA|0.100|0.000|0.000|0.000|0.00|0
0025|YBS|0.140|0.000|0.000|0.000|0.00|0
5584|YEELEE|1.910|1.920|1.920|+0.010|+0.52|5
7122|YFG|0.005|0.000|0.000|0.000|0.00|0
0086|YGL|0.115|0.000|0.000|0.000|0.00|0
5048|YILAI|0.625|0.000|0.000|0.000|0.00|0
7293|YINSON|4.560|4.550|4.610|+0.050|+1.10|25,637
7293CT|YINSON-CT|0.030|0.040|0.045|+0.015|+50.00|13,845
7293CV|YINSON-CV|0.055|0.000|0.000|0.000|0.00|0
7293CW|YINSON-CW|0.115|0.110|0.120|+0.005|+4.35|482
7020|YKGI|0.120|0.125|0.115|-0.005|-4.17|8,040
7020WB|YKGI-WB|0.020|0.020|0.015|-0.005|-25.00|2,001
7014|YLI|0.280|0.000|0.000|0.000|0.00|0
3158|YNHPROP|1.150|1.150|1.130|-0.020|-1.74|56,981
5159|YOCB|1.200|1.190|1.190|-0.010|-0.83|181
7066|YONGTAI|0.360|0.360|0.360|0.000|0.00|32,913
7066PA|YONGTAI-PA|0.220|0.220|0.215|-0.005|-2.27|1,370
7066WA|YONGTAI-WA|0.095|0.100|0.095|0.000|0.00|7,496
7178|YSPSAH|2.850|2.850|2.880|+0.030|+1.05|245
4677|YTL|1.080|1.080|1.070|-0.010|-0.93|9,411
467722|YTL-C22|0.050|0.000|0.000|0.000|0.00|0
467723|YTL-C23|0.060|0.000|0.000|0.000|0.00|0
467724|YTL-C24|0.070|0.000|0.000|0.000|0.00|0
2577|YTLLAND|0.405|0.390|0.390|-0.015|-3.70|224
2577LA|YTLLAND-LA|0.365|0.000|0.000|0.000|0.00|0
6742|YTLPOWR|0.855|0.850|0.855|0.000|0.00|6,702
6742C5|YTLPOWR-C5|0.005|0.000|0.000|0.000|0.00|0
6742C6|YTLPOWR-C6|0.045|0.000|0.000|0.000|0.00|0
6742C7|YTLPOWR-C7|0.150|0.000|0.000|0.000|0.00|0
5109|YTLREIT|1.270|1.270|1.280|+0.010|+0.79|17,130
7028|ZECON|0.285|0.285|0.285|0.000|0.00|14,154
2283|ZELAN|0.090|0.090|0.095|+0.005|+5.56|28,483
5131|ZHULIAN|1.370|1.360|1.360|-0.010|-0.73|49
0012|3A|0.945|0.945|0.920|-0.025|-2.65|3,166
