070322|A50CHIN-C22|0.290|0.000|0.000|0.000|0.00|0
070324|A50CHIN-C24|0.910|0.000|0.000|0.000|0.00|0
070326|A50CHIN-C26|0.505|0.000|0.000|0.000|0.00|0
070328|A50CHIN-C28|0.290|0.000|0.000|0.000|0.00|0
070330|A50CHIN-C30|0.405|0.000|0.000|0.000|0.00|0
070332|A50CHIN-C32|0.820|0.000|0.000|0.000|0.00|0
070334|A50CHIN-C34|1.060|0.000|0.000|0.000|0.00|0
070336|A50CHIN-C36|0.610|0.000|0.000|0.000|0.00|0
070321|A50CHIN-H21|0.050|0.000|0.000|0.000|0.00|0
070323|A50CHIN-H23|0.005|0.000|0.000|0.000|0.00|0
070325|A50CHIN-H25|0.035|0.000|0.000|0.000|0.00|0
070327|A50CHIN-H27|0.065|0.000|0.000|0.000|0.00|0
7054|AASIA|0.150|0.000|0.000|0.000|0.00|0
5238|AAX|0.255|0.000|0.000|0.000|0.00|0
523820|AAX-C20|0.005|0.000|0.000|0.000|0.00|0
523821|AAX-C21|0.005|0.000|0.000|0.000|0.00|0
5238WA|AAX-WA|0.055|0.000|0.000|0.000|0.00|0
0800EA|ABFMY1|1.167|0.000|0.000|0.000|0.00|0
7086|ABLEGRP|0.070|0.000|0.000|0.000|0.00|0
2488|ABMB|4.210|0.000|0.000|0.000|0.00|0
2488CY|ABMB-CY|0.100|0.000|0.000|0.000|0.00|0
7131|ACME|0.230|0.000|0.000|0.000|0.00|0
7120|ACOSTEC|0.455|0.000|0.000|0.000|0.00|0
5281|ADVCON|0.350|0.000|0.000|0.000|0.00|0
7191|ADVENTA|0.355|0.000|0.000|0.000|0.00|0
9148|ADVPKG|1.900|0.000|0.000|0.000|0.00|0
7146|AEM|0.120|0.000|0.000|0.000|0.00|0
7146WA|AEM-WA|0.005|0.000|0.000|0.000|0.00|0
0181|AEMULUS|0.250|0.000|0.000|0.000|0.00|0
6599|AEON|1.590|0.000|0.000|0.000|0.00|0
6599CO|AEON-CO|0.055|0.000|0.000|0.000|0.00|0
6599CP|AEON-CP|0.050|0.000|0.000|0.000|0.00|0
6599CQ|AEON-CQ|0.030|0.000|0.000|0.000|0.00|0
5139|AEONCR|17.200|0.000|0.000|0.000|0.00|0
5139LA|AEONCR-LA|1.500|0.000|0.000|0.000|0.00|0
5185|AFFIN|2.310|0.000|0.000|0.000|0.00|0
5198|AFUJIYA|0.540|0.000|0.000|0.000|0.00|0
7315|AHB|0.130|0.000|0.000|0.000|0.00|0
7315WB|AHB-WB|0.005|0.000|0.000|0.000|0.00|0
7090|AHEALTH|9.660|0.000|0.000|0.000|0.00|0
4952|AHP|0.755|0.000|0.000|0.000|0.00|0
0122|AIM|0.280|0.000|0.000|0.000|0.00|0
5099|AIRASIA|2.800|0.000|0.000|0.000|0.00|0
509959|AIRASIAC59|0.025|0.000|0.000|0.000|0.00|0
509967|AIRASIAC67|0.090|0.000|0.000|0.000|0.00|0
509968|AIRASIAC68|0.010|0.000|0.000|0.000|0.00|0
509969|AIRASIAC69|0.030|0.000|0.000|0.000|0.00|0
509970|AIRASIAC70|0.015|0.000|0.000|0.000|0.00|0
509971|AIRASIAC71|0.080|0.000|0.000|0.000|0.00|0
509972|AIRASIAC72|0.180|0.000|0.000|0.000|0.00|0
509973|AIRASIAC73|0.195|0.000|0.000|0.000|0.00|0
509974|AIRASIAC74|0.280|0.000|0.000|0.000|0.00|0
509975|AIRASIAC75|0.130|0.000|0.000|0.000|0.00|0
509976|AIRASIAC76|0.075|0.000|0.000|0.000|0.00|0
509977|AIRASIAC77|0.075|0.000|0.000|0.000|0.00|0
509978|AIRASIAC78|0.095|0.000|0.000|0.000|0.00|0
509979|AIRASIAC79|0.055|0.000|0.000|0.000|0.00|0
509980|AIRASIAC80|0.050|0.000|0.000|0.000|0.00|0
5014|AIRPORT|7.870|0.000|0.000|0.000|0.00|0
5014C2|AIRPORT-C2|0.025|0.000|0.000|0.000|0.00|0
5014C3|AIRPORT-C3|0.035|0.000|0.000|0.000|0.00|0
5014C4|AIRPORT-C4|0.045|0.000|0.000|0.000|0.00|0
5014C5|AIRPORT-C5|0.065|0.000|0.000|0.000|0.00|0
5014C6|AIRPORT-C6|0.160|0.000|0.000|0.000|0.00|0
5014C7|AIRPORT-C7|0.095|0.000|0.000|0.000|0.00|0
2682|AISB|0.260|0.000|0.000|0.000|0.00|0
2658|AJI|18.520|0.000|0.000|0.000|0.00|0
7609|AJIYA|0.545|0.000|0.000|0.000|0.00|0
7609WA|AJIYA-WA|0.095|0.000|0.000|0.000|0.00|0
5115|ALAM|0.110|0.000|0.000|0.000|0.00|0
5116|ALAQAR|1.350|0.000|0.000|0.000|0.00|0
2674|ALCOM|0.550|0.000|0.000|0.000|0.00|0
1163|ALLIANZ|14.300|0.000|0.000|0.000|0.00|0
1163PA|ALLIANZ-PA|14.300|0.000|0.000|0.000|0.00|0
5269|ALSREIT|0.820|0.000|0.000|0.000|0.00|0
1015|AMBANK|4.500|0.000|0.000|0.000|0.00|0
101510|AMBANK-C10|0.190|0.000|0.000|0.000|0.00|0
101511|AMBANK-C11|0.180|0.000|0.000|0.000|0.00|0
101512|AMBANK-C12|0.150|0.000|0.000|0.000|0.00|0
101513|AMBANK-C13|0.095|0.000|0.000|0.000|0.00|0
0159|AMEDIA|0.155|0.000|0.000|0.000|0.00|0
5120|AMFIRST|0.530|0.000|0.000|0.000|0.00|0
03011|AMLEX|0.180|0.000|0.000|0.000|0.00|0
1007|AMPROP|0.525|0.000|0.000|0.000|0.00|0
1007PA|AMPROP-PA|0.250|0.000|0.000|0.000|0.00|0
1007PB|AMPROP-PB|0.580|0.000|0.000|0.000|0.00|0
7051|AMTEK|0.275|0.000|0.000|0.000|0.00|0
7031|AMTEL|0.665|0.000|0.000|0.000|0.00|0
5959|AMVERTON|1.020|0.000|0.000|0.000|0.00|0
6351|AMWAY|6.250|0.000|0.000|0.000|0.00|0
7083|ANALABS|1.200|0.000|0.000|0.000|0.00|0
4758|ANCOM|0.505|0.000|0.000|0.000|0.00|0
0048|ANCOMLB|0.095|0.000|0.000|0.000|0.00|0
6556|ANNJOO|1.560|0.000|0.000|0.000|0.00|0
6556PA|ANNJOO-PA|0.500|0.000|0.000|0.000|0.00|0
9342|ANZO|0.040|0.000|0.000|0.000|0.00|0
9342WA|ANZO-WA|0.005|0.000|0.000|0.000|0.00|0
9342WB|ANZO-WB|0.025|0.000|0.000|0.000|0.00|0
9342WC|ANZO-WC|0.005|0.000|0.000|0.000|0.00|0
5568|APB|0.790|0.000|0.000|0.000|0.00|0
5088|APEX|1.000|0.000|0.000|0.000|0.00|0
5194|APFT|0.015|0.000|0.000|0.000|0.00|0
5015|APM|3.000|0.000|0.000|0.000|0.00|0
6432|APOLLO|3.860|0.000|0.000|0.000|0.00|0
0119|APPASIA|0.090|0.000|0.000|0.000|0.00|0
0119WA|APPASIA-WA|0.040|0.000|0.000|0.000|0.00|0
7214|ARANK|0.520|0.000|0.000|0.000|0.00|0
7007|ARK|0.500|0.000|0.000|0.000|0.00|0
7007WB|ARK-WB|0.090|0.000|0.000|0.000|0.00|0
5210|ARMADA|0.165|0.000|0.000|0.000|0.00|0
521040|ARMADA-C40|0.005|0.000|0.000|0.000|0.00|0
521043|ARMADA-C43|0.005|0.000|0.000|0.000|0.00|0
521045|ARMADA-C45|0.005|0.000|0.000|0.000|0.00|0
521046|ARMADA-C46|0.005|0.000|0.000|0.000|0.00|0
521047|ARMADA-C47|0.005|0.000|0.000|0.000|0.00|0
521048|ARMADA-C48|0.005|0.000|0.000|0.000|0.00|0
521049|ARMADA-C49|0.005|0.000|0.000|0.000|0.00|0
521050|ARMADA-C50|0.015|0.000|0.000|0.000|0.00|0
5127|ARREIT|0.850|0.000|0.000|0.000|0.00|0
1481|ASB|0.130|0.000|0.000|0.000|0.00|0
0068|ASDION|0.255|0.000|0.000|0.000|0.00|0
0068WB|ASDION-WB|0.005|0.000|0.000|0.000|0.00|0
7722|ASIABRN|0.430|0.000|0.000|0.000|0.00|0
7129|ASIAFLE|2.600|0.000|0.000|0.000|0.00|0
4057|ASIAPAC|0.115|0.000|0.000|0.000|0.00|0
4057LC|ASIAPAC-LC|0.600|0.000|0.000|0.000|0.00|0
4057WB|ASIAPAC-WB|0.055|0.000|0.000|0.000|0.00|0
0105|ASIAPLY|0.080|0.000|0.000|0.000|0.00|0
0105PA|ASIAPLY-PA|0.040|0.000|0.000|0.000|0.00|0
0105WA|ASIAPLY-WA|0.020|0.000|0.000|0.000|0.00|0
0105WB|ASIAPLY-WB|0.025|0.000|0.000|0.000|0.00|0
7162|ASTINO|0.640|0.000|0.000|0.000|0.00|0
6399|ASTRO|1.610|0.000|0.000|0.000|0.00|0
639910|ASTRO-C10|0.135|0.000|0.000|0.000|0.00|0
639911|ASTRO-C11|0.125|0.000|0.000|0.000|0.00|0
639912|ASTRO-C12|0.110|0.000|0.000|0.000|0.00|0
639913|ASTRO-C13|0.100|0.000|0.000|0.000|0.00|0
639914|ASTRO-C14|0.080|0.000|0.000|0.000|0.00|0
0072|AT|0.050|0.000|0.000|0.000|0.00|0
0072WB|AT-WB|0.005|0.000|0.000|0.000|0.00|0
8176|ATAIMS|1.720|0.000|0.000|0.000|0.00|0
7048|ATLAN|4.400|0.000|0.000|0.000|0.00|0
5130|ATRIUM|1.130|0.000|0.000|0.000|0.00|0
7099|ATTA|0.630|0.000|0.000|0.000|0.00|0
7099LA|ATTA-LA|0.090|0.000|0.000|0.000|0.00|0
7099PA|ATTA-PA|0.140|0.000|0.000|0.000|0.00|0
7099WB|ATTA-WB|0.090|0.000|0.000|0.000|0.00|0
7099WC|ATTA-WC|0.095|0.000|0.000|0.000|0.00|0
7181|ATURMJU|0.455|0.000|0.000|0.000|0.00|0
7181PA|ATURMJU-PA|0.160|0.000|0.000|0.000|0.00|0
8885|AVI|0.240|0.000|0.000|0.000|0.00|0
7579|AWC|0.780|0.000|0.000|0.000|0.00|0
7579WA|AWC-WA|0.220|0.000|0.000|0.000|0.00|0
6888|AXIATA|4.160|0.000|0.000|0.000|0.00|0
688828|AXIATA-C28|0.020|0.000|0.000|0.000|0.00|0
688829|AXIATA-C29|0.005|0.000|0.000|0.000|0.00|0
688830|AXIATA-C30|0.040|0.000|0.000|0.000|0.00|0
688831|AXIATA-C31|0.040|0.000|0.000|0.000|0.00|0
688832|AXIATA-C32|0.120|0.000|0.000|0.000|0.00|0
688833|AXIATA-C33|0.180|0.000|0.000|0.000|0.00|0
688834|AXIATA-C34|0.175|0.000|0.000|0.000|0.00|0
688835|AXIATA-C35|0.155|0.000|0.000|0.000|0.00|0
688836|AXIATA-C36|0.185|0.000|0.000|0.000|0.00|0
5106|AXREIT|1.730|0.000|0.000|0.000|0.00|0
2305|AYER|4.500|0.000|0.000|0.000|0.00|0
5021|AYS|0.350|0.000|0.000|0.000|0.00|0
7078|AZRB|0.460|0.000|0.000|0.000|0.00|0
7078WA|AZRB-WA|0.205|0.000|0.000|0.000|0.00|0
0098|BAHVEST|0.620|0.000|0.000|0.000|0.00|0
0098WA|BAHVEST-WA|0.365|0.000|0.000|0.000|0.00|0
7251|BARAKAH|0.110|0.000|0.000|0.000|0.00|0
4162|BAT|34.360|0.000|0.000|0.000|0.00|0
4162CM|BAT-CM|0.065|0.000|0.000|0.000|0.00|0
4162CN|BAT-CN|0.130|0.000|0.000|0.000|0.00|0
5248|BAUTO|2.150|0.000|0.000|0.000|0.00|0
5248C1|BAUTO-C1|0.060|0.000|0.000|0.000|0.00|0
5248CY|BAUTO-CY|0.125|0.000|0.000|0.000|0.00|0
5248CZ|BAUTO-CZ|0.155|0.000|0.000|0.000|0.00|0
6602|BCB|0.280|0.000|0.000|0.000|0.00|0
0187|BCMALL|0.195|0.000|0.000|0.000|0.00|0
6173|BDB|0.330|0.000|0.000|0.000|0.00|0
5190|BENALEC|0.195|0.000|0.000|0.000|0.00|0
9814|BERTAM|0.280|0.000|0.000|0.000|0.00|0
8133|BHIC|1.290|0.000|0.000|0.000|0.00|0
7005|BIG|0.480|0.000|0.000|0.000|0.00|0
5258|BIMB|4.180|0.000|0.000|0.000|0.00|0
5258WA|BIMB-WA|0.260|0.000|0.000|0.000|0.00|0
0195|BINACOM|0.405|0.000|0.000|0.000|0.00|0
6998|BINTAI|0.145|0.000|0.000|0.000|0.00|0
6998WA|BINTAI-WA|0.050|0.000|0.000|0.000|0.00|0
0179|BIOHLDG|0.200|0.000|0.000|0.000|0.00|0
0179WA|BIOHLDG-WA|0.085|0.000|0.000|0.000|0.00|0
7243|BIOOSMO|0.060|0.000|0.000|0.000|0.00|0
5032|BIPORT|4.620|0.000|0.000|0.000|0.00|0
3239|BJASSET|0.295|0.000|0.000|0.000|0.00|0
3239WB|BJASSET-WB|0.060|0.000|0.000|0.000|0.00|0
3395|BJCORP|0.275|0.000|0.000|0.000|0.00|0
339510|BJCORP-C10|0.010|0.000|0.000|0.000|0.00|0
339511|BJCORP-C11|0.030|0.000|0.000|0.000|0.00|0
3395LD|BJCORP-LD|0.355|0.000|0.000|0.000|0.00|0
3395LE|BJCORP-LE|0.385|0.000|0.000|0.000|0.00|0
3395WB|BJCORP-WB|0.050|0.000|0.000|0.000|0.00|0
3395WC|BJCORP-WC|0.075|0.000|0.000|0.000|0.00|0
5196|BJFOOD|1.430|0.000|0.000|0.000|0.00|0
4219|BJLAND|0.280|0.000|0.000|0.000|0.00|0
6025|BJMEDIA|0.210|0.000|0.000|0.000|0.00|0
1562|BJTOTO|2.390|0.000|0.000|0.000|0.00|0
1562CW|BJTOTO-CW|0.080|0.000|0.000|0.000|0.00|0
1562CX|BJTOTO-CX|0.100|0.000|0.000|0.000|0.00|0
1899|BKAWAN|17.460|0.000|0.000|0.000|0.00|0
5069|BLDPLNT|6.960|0.000|0.000|0.000|0.00|0
0508C5|BOC-C5|0.100|0.000|0.000|0.000|0.00|0
0168|BOILERM|0.550|0.000|0.000|0.000|0.00|0
9288|BONIA|0.255|0.000|0.000|0.000|0.00|0
7036|BORNOIL|0.045|0.000|0.000|0.000|0.00|0
7036WC|BORNOIL-WC|0.020|0.000|0.000|0.000|0.00|0
7036WD|BORNOIL-WD|0.020|0.000|0.000|0.000|0.00|0
6297|BOXPAK|1.090|0.000|0.000|0.000|0.00|0
6297WA|BOXPAK-WA|0.175|0.000|0.000|0.000|0.00|0
5254|BPLANT|0.815|0.000|0.000|0.000|0.00|0
5100|BPPLAS|1.080|0.000|0.000|0.000|0.00|0
5932|BPURI|0.205|0.000|0.000|0.000|0.00|0
9474|BRAHIMS|0.150|0.000|0.000|0.000|0.00|0
8761|BREM|0.750|0.000|0.000|0.000|0.00|0
9938|BRIGHT|0.190|0.000|0.000|0.000|0.00|0
7221|BSLCORP|0.345|0.000|0.000|0.000|0.00|0
2771|BSTEAD|1.350|0.000|0.000|0.000|0.00|0
0011|BTECH|0.300|0.000|0.000|0.000|0.00|0
7188|BTM|0.110|0.000|0.000|0.000|0.00|0
7188WA|BTM-WA|0.015|0.000|0.000|0.000|0.00|0
7188WB|BTM-WB|0.040|0.000|0.000|0.000|0.00|0
1818|BURSA|7.060|0.000|0.000|0.000|0.00|0
181820|BURSA-C20|0.005|0.000|0.000|0.000|0.00|0
181821|BURSA-C21|0.110|0.000|0.000|0.000|0.00|0
181822|BURSA-C22|0.075|0.000|0.000|0.000|0.00|0
181823|BURSA-C23|0.060|0.000|0.000|0.000|0.00|0
7174|CAB|0.625|0.000|0.000|0.000|0.00|0
7174WA|CAB-WA|0.440|0.000|0.000|0.000|0.00|0
0191|CABNET|0.295|0.000|0.000|0.000|0.00|0
0191WA|CABNET-WA|0.055|0.000|0.000|0.000|0.00|0
7154|CAELY|0.950|0.000|0.000|0.000|0.00|0
7154WA|CAELY-WA|0.585|0.000|0.000|0.000|0.00|0
7128|CAMRES|0.250|0.000|0.000|0.000|0.00|0
5105|CANONE|2.760|0.000|0.000|0.000|0.00|0
5229|CAP|0.010|0.000|0.000|0.000|0.00|0
0163|CAREPLS|0.180|0.000|0.000|0.000|0.00|0
5257|CARIMIN|0.830|0.000|0.000|0.000|0.00|0
5245|CARING|1.960|0.000|0.000|0.000|0.00|0
2836|CARLSBG|25.600|0.000|0.000|0.000|0.00|0
7076|CBIP|1.050|0.000|0.000|0.000|0.00|0
7076WA|CBIP-WA|0.020|0.000|0.000|0.000|0.00|0
2925|CCB|1.580|0.000|0.000|0.000|0.00|0
7035|CCK|0.645|0.000|0.000|0.000|0.00|0
7035WA|CCK-WA|0.130|0.000|0.000|0.000|0.00|0
2879|CCM|2.040|0.000|0.000|0.000|0.00|0
5195|CENSOF|0.155|0.000|0.000|0.000|0.00|0
5195WB|CENSOF-WB|0.005|0.000|0.000|0.000|0.00|0
8982|CEPAT|0.615|0.000|0.000|0.000|0.00|0
8435|CEPCO|0.630|0.000|0.000|0.000|0.00|0
8044|CFM|1.250|0.000|0.000|0.000|0.00|0
0579C1|CGARDEN-C1|0.100|0.000|0.000|0.000|0.00|0
7209|CHEETAH|0.350|0.000|0.000|0.000|0.00|0
7187|CHGP|0.355|0.000|0.000|0.000|0.00|0
7187WA|CHGP-WA|0.210|0.000|0.000|0.000|0.00|0
5738|CHHB|1.490|0.000|0.000|0.000|0.00|0
5738WB|CHHB-WB|0.380|0.000|0.000|0.000|0.00|0
0829EA|CHINAETF-MYR|5.750|0.000|0.000|0.000|0.00|0
0829EB|CHINAETF-USD|1.275|0.000|0.000|0.000|0.00|0
5273|CHINHIN|0.800|0.000|0.000|0.000|0.00|0
1929|CHINTEK|7.000|0.000|0.000|0.000|0.00|0
5007|CHINWEL|1.790|0.000|0.000|0.000|0.00|0
0501CG|CHMOBIL-CG|0.150|0.000|0.000|0.000|0.00|0
5797|CHOOBEE|1.600|0.000|0.000|0.000|0.00|0
7016|CHUAN|0.385|0.000|0.000|0.000|0.00|0
8052|CICB|0.520|0.000|0.000|0.000|0.00|0
2828|CIHLDG|1.460|0.000|0.000|0.000|0.00|0
1023|CIMB|5.520|0.000|0.000|0.000|0.00|0
102340|CIMB-C40|0.025|0.000|0.000|0.000|0.00|0
102341|CIMB-C41|0.075|0.000|0.000|0.000|0.00|0
102342|CIMB-C42|0.050|0.000|0.000|0.000|0.00|0
102343|CIMB-C43|0.025|0.000|0.000|0.000|0.00|0
102344|CIMB-C44|0.075|0.000|0.000|0.000|0.00|0
102345|CIMB-C45|0.085|0.000|0.000|0.000|0.00|0
102346|CIMB-C46|0.110|0.000|0.000|0.000|0.00|0
102347|CIMB-C47|0.100|0.000|0.000|0.000|0.00|0
0822EA|CIMBA40|1.870|0.000|0.000|0.000|0.00|0
0823EA|CIMBC50|1.660|0.000|0.000|0.000|0.00|0
7117|CJCEN|0.435|0.000|0.000|0.000|0.00|0
0514C3|CKHUTCH-C3|0.075|0.000|0.000|0.000|0.00|0
03001|CLOUD|0.300|0.000|0.000|0.000|0.00|0
7018|CME|0.035|0.000|0.000|0.000|0.00|0
7018LA|CME-LA|0.020|0.000|0.000|0.000|0.00|0
7018WA|CME-WA|0.025|0.000|0.000|0.000|0.00|0
5180|CMMT|1.120|0.000|0.000|0.000|0.00|0
2852|CMSB|3.150|0.000|0.000|0.000|0.00|0
285214|CMSB-C14|0.085|0.000|0.000|0.000|0.00|0
285215|CMSB-C15|0.110|0.000|0.000|0.000|0.00|0
7986|CNASIA|0.410|0.000|0.000|0.000|0.00|0
5104|CNI|0.070|0.000|0.000|0.000|0.00|0
5188|CNOUHUA|0.055|0.000|0.000|0.000|0.00|0
5071|COASTAL|1.300|0.000|0.000|0.000|0.00|0
7205|COCOLND|2.040|0.000|0.000|0.000|0.00|0
7195|COMCORP|0.135|0.000|0.000|0.000|0.00|0
2127|COMFORT|0.830|0.000|0.000|0.000|0.00|0
5136|COMPLET|0.890|0.000|0.000|0.000|0.00|0
5037|COMPUGT|0.025|0.000|0.000|0.000|0.00|0
0102|CONNECT|0.105|0.000|0.000|0.000|0.00|0
0102PA|CONNECT-PA|0.035|0.000|0.000|0.000|0.00|0
0102WA|CONNECT-WA|0.025|0.000|0.000|0.000|0.00|0
0102WB|CONNECT-WB|0.025|0.000|0.000|0.000|0.00|0
8591|CRESBLD|0.980|0.000|0.000|0.000|0.00|0
6718|CRESNDO|1.280|0.000|0.000|0.000|0.00|0
03016|CRG|0.045|0.000|0.000|0.000|0.00|0
7202|CSCENIC|1.130|0.000|0.000|0.000|0.00|0
5094|CSCSTEL|1.060|0.000|0.000|0.000|0.00|0
5214|CSL|0.010|0.000|0.000|0.000|0.00|0
0051|CUSCAPI|0.200|0.000|0.000|0.000|0.00|0
5049|CVIEW|1.490|0.000|0.000|0.000|0.00|0
9423|CWG|0.420|0.000|0.000|0.000|0.00|0
7157|CYL|0.460|0.000|0.000|0.000|0.00|0
5082|CYMAO|0.380|0.000|0.000|0.000|0.00|0
5184|CYPARK|1.730|0.000|0.000|0.000|0.00|0
7204|D&O|0.725|0.000|0.000|0.000|0.00|0
8125|DAIBOCI|1.570|0.000|0.000|0.000|0.00|0
8125WB|DAIBOCI-WB|0.130|0.000|0.000|0.000|0.00|0
5355|DAIMAN|2.990|0.000|0.000|0.000|0.00|0
5276|DANCO|0.580|0.000|0.000|0.000|0.00|0
5276WA|DANCO-WA|0.295|0.000|0.000|0.000|0.00|0
8338|DATAPRP|0.210|0.000|0.000|0.000|0.00|0
0091|DAYA|0.005|0.000|0.000|0.000|0.00|0
5141|DAYANG|1.380|0.000|0.000|0.000|0.00|0
7179|DBE|0.030|0.000|0.000|0.000|0.00|0
7179WB|DBE-WB|0.010|0.000|0.000|0.000|0.00|0
3484|DBHD|0.425|0.000|0.000|0.000|0.00|0
3484WA|DBHD-WA|0.080|0.000|0.000|0.000|0.00|0
7119|DEGEM|1.050|0.000|0.000|0.000|0.00|0
5132|DELEUM|1.140|0.000|0.000|0.000|0.00|0
7212|DESTINI|0.220|0.000|0.000|0.000|0.00|0
0152|DGB|0.125|0.000|0.000|0.000|0.00|0
0152WB|DGB-WB|0.030|0.000|0.000|0.000|0.00|0
0131|DGSB|0.085|0.000|0.000|0.000|0.00|0
7277|DIALOG|3.200|0.000|0.000|0.000|0.00|0
727733|DIALOG-C33|0.005|0.000|0.000|0.000|0.00|0
727735|DIALOG-C35|0.005|0.000|0.000|0.000|0.00|0
727736|DIALOG-C36|0.055|0.000|0.000|0.000|0.00|0
727737|DIALOG-C37|0.045|0.000|0.000|0.000|0.00|0
727738|DIALOG-C38|0.040|0.000|0.000|0.000|0.00|0
727739|DIALOG-C39|0.050|0.000|0.000|0.000|0.00|0
727740|DIALOG-C40|0.120|0.000|0.000|0.000|0.00|0
727741|DIALOG-C41|0.100|0.000|0.000|0.000|0.00|0
727742|DIALOG-C42|0.135|0.000|0.000|0.000|0.00|0
727743|DIALOG-C43|0.150|0.000|0.000|0.000|0.00|0
6947|DIGI|4.570|0.000|0.000|0.000|0.00|0
694724|DIGI-C24|0.045|0.000|0.000|0.000|0.00|0
694725|DIGI-C25|0.105|0.000|0.000|0.000|0.00|0
694726|DIGI-C26|0.115|0.000|0.000|0.000|0.00|0
694727|DIGI-C27|0.115|0.000|0.000|0.000|0.00|0
694728|DIGI-C28|0.060|0.000|0.000|0.000|0.00|0
0029|DIGISTA|0.050|0.000|0.000|0.000|0.00|0
0029WB|DIGISTA-WB|0.020|0.000|0.000|0.000|0.00|0
0400GA|DIN040000223|98.400|0.000|0.000|0.000|0.00|0
0400GC|DIN042300721|98.860|0.000|0.000|0.000|0.00|0
0400GB|DIN045801028|99.000|0.000|0.000|0.000|0.00|0
7528|DKLS|1.770|0.000|0.000|0.000|0.00|0
5908|DKSH|2.450|0.000|0.000|0.000|0.00|0
3026|DLADY|64.280|0.000|0.000|0.000|0.00|0
4456|DNEX|0.285|0.000|0.000|0.000|0.00|0
4456WD|DNEX-WD|0.070|0.000|0.000|0.000|0.00|0
7114|DNONCE|0.465|0.000|0.000|0.000|0.00|0
7114WA|DNONCE-WA|0.200|0.000|0.000|0.000|0.00|0
5835|DOLMITE|0.110|0.000|0.000|0.000|0.00|0
5265|DOLPHIN|0.150|0.000|0.000|0.000|0.00|0
5265WA|DOLPHIN-WA|0.035|0.000|0.000|0.000|0.00|0
7169|DOMINAN|1.270|0.000|0.000|0.000|0.00|0
7169WA|DOMINAN-WA|0.080|0.000|0.000|0.000|0.00|0
7148|DPHARMA|1.150|0.000|0.000|0.000|0.00|0
0205|DPIH|0.220|0.000|0.000|0.000|0.00|0
7198|DPS|0.065|0.000|0.000|0.000|0.00|0
7198WB|DPS-WB|0.030|0.000|0.000|0.000|0.00|0
1619|DRBHCOM|1.880|0.000|0.000|0.000|0.00|0
161960|DRBHCOMC60|0.020|0.000|0.000|0.000|0.00|0
161962|DRBHCOMC62|0.005|0.000|0.000|0.000|0.00|0
161963|DRBHCOMC63|0.055|0.000|0.000|0.000|0.00|0
161964|DRBHCOMC64|0.005|0.000|0.000|0.000|0.00|0
161966|DRBHCOMC66|0.005|0.000|0.000|0.000|0.00|0
161967|DRBHCOMC67|0.020|0.000|0.000|0.000|0.00|0
161968|DRBHCOMC68|0.095|0.000|0.000|0.000|0.00|0
161969|DRBHCOMC69|0.135|0.000|0.000|0.000|0.00|0
161970|DRBHCOMC70|0.150|0.000|0.000|0.000|0.00|0
161971|DRBHCOMC71|0.125|0.000|0.000|0.000|0.00|0
161972|DRBHCOMC72|0.125|0.000|0.000|0.000|0.00|0
161973|DRBHCOMC73|0.100|0.000|0.000|0.000|0.00|0
5216|DSONIC|0.490|0.000|0.000|0.000|0.00|0
5216WA|DSONIC-WA|0.090|0.000|0.000|0.000|0.00|0
7233|DUFU|1.670|0.000|0.000|0.000|0.00|0
3948|DUTALND|0.500|0.000|0.000|0.000|0.00|0
5178|DYNACIA|0.100|0.000|0.000|0.000|0.00|0
5178PA|DYNACIA-PA|0.050|0.000|0.000|0.000|0.00|0
5178WA|DYNACIA-WA|0.040|0.000|0.000|0.000|0.00|0
3417|E&O|0.855|0.000|0.000|0.000|0.00|0
3417WB|E&O-WB|0.005|0.000|0.000|0.000|0.00|0
0154|EAH|0.015|0.000|0.000|0.000|0.00|0
0154WC|EAH-WC|0.005|0.000|0.000|0.000|0.00|0
0154WD|EAH-WD|0.005|0.000|0.000|0.000|0.00|0
0154WE|EAH-WE|0.010|0.000|0.000|0.000|0.00|0
2097|EASTLND|0.105|0.000|0.000|0.000|0.00|0
5259|EATECH|0.435|0.000|0.000|0.000|0.00|0
2143|ECM|0.290|0.000|0.000|0.000|0.00|0
3557|ECOFIRS|0.300|0.000|0.000|0.000|0.00|0
3557WC|ECOFIRS-WC|0.020|0.000|0.000|0.000|0.00|0
0059|ECOHLDS|0.275|0.000|0.000|0.000|0.00|0
5253|ECONBHD|0.440|0.000|0.000|0.000|0.00|0
5253WA|ECONBHD-WA|0.110|0.000|0.000|0.000|0.00|0
8206|ECOWLD|0.950|0.000|0.000|0.000|0.00|0
8206CQ|ECOWLD-CQ|0.005|0.000|0.000|0.000|0.00|0
8206CS|ECOWLD-CS|0.035|0.000|0.000|0.000|0.00|0
8206CT|ECOWLD-CT|0.150|0.000|0.000|0.000|0.00|0
8206WA|ECOWLD-WA|0.180|0.000|0.000|0.000|0.00|0
5036|EDARAN|0.580|0.000|0.000|0.000|0.00|0
7471|EDEN|0.115|0.000|0.000|0.000|0.00|0
7471WB|EDEN-WB|0.045|0.000|0.000|0.000|0.00|0
1368|EDGENTA|2.920|0.000|0.000|0.000|0.00|0
0107|EDUSPEC|0.030|0.000|0.000|0.000|0.00|0
0064|EFFICEN|0.175|0.000|0.000|0.000|0.00|0
0065|EFORCE|0.520|0.000|0.000|0.000|0.00|0
0065WA|EFORCE-WA|0.165|0.000|0.000|0.000|0.00|0
8907|EG|0.460|0.000|0.000|0.000|0.00|0
8907PA|EG-PA|0.455|0.000|0.000|0.000|0.00|0
8907WC|EG-WC|0.140|0.000|0.000|0.000|0.00|0
5081|EIG|0.655|0.000|0.000|0.000|0.00|0
5208|EITA|1.360|0.000|0.000|0.000|0.00|0
7182|EKA|0.060|0.000|0.000|0.000|0.00|0
8877|EKOVEST|0.575|0.000|0.000|0.000|0.00|0
8877CQ|EKOVEST-CQ|0.010|0.000|0.000|0.000|0.00|0
8877CR|EKOVEST-CR|0.005|0.000|0.000|0.000|0.00|0
8877CS|EKOVEST-CS|0.045|0.000|0.000|0.000|0.00|0
8877CT|EKOVEST-CT|0.060|0.000|0.000|0.000|0.00|0
8877WB|EKOVEST-WB|0.095|0.000|0.000|0.000|0.00|0
9016|EKSONS|0.790|0.000|0.000|0.000|0.00|0
5228|ELKDESA|1.370|0.000|0.000|0.000|0.00|0
5228LA|ELKDESA-LA|1.080|0.000|0.000|0.000|0.00|0
0090|ELSOFT|1.020|0.000|0.000|0.000|0.00|0
7217|EMETALL|0.385|0.000|0.000|0.000|0.00|0
9091|EMICO|0.175|0.000|0.000|0.000|0.00|0
6076|ENCORP|0.390|0.000|0.000|0.000|0.00|0
7149|ENGKAH|0.990|0.000|0.000|0.000|0.00|0
5056|ENGTEX|0.780|0.000|0.000|0.000|0.00|0
8613|ENRA|1.550|0.000|0.000|0.000|0.00|0
7773|EPMB|0.400|0.000|0.000|0.000|0.00|0
0190|ESAFE|0.205|0.000|0.000|0.000|0.00|0
0100|ESCERAM|0.150|0.000|0.000|0.000|0.00|0
6815|EUPE|0.635|0.000|0.000|0.000|0.00|0
7208|EURO|0.140|0.000|0.000|0.000|0.00|0
7094|EUROSP|0.440|0.000|0.000|0.000|0.00|0
5101|EVERGRN|0.370|0.000|0.000|0.000|0.00|0
7249|EWEIN|0.625|0.000|0.000|0.000|0.00|0
5283|EWINT|0.740|0.000|0.000|0.000|0.00|0
5283WA|EWINT-WA|0.145|0.000|0.000|0.000|0.00|0
3689|F&N|35.080|0.000|0.000|0.000|0.00|0
2984|FACBIND|1.300|0.000|0.000|0.000|0.00|0
7047|FAJAR|0.400|0.000|0.000|0.000|0.00|0
7047WB|FAJAR-WB|0.040|0.000|0.000|0.000|0.00|0
5029|FAREAST|2.800|0.000|0.000|0.000|0.00|0
6041|FARLIM|0.375|0.000|0.000|0.000|0.00|0
7229|FAVCO|2.790|0.000|0.000|0.000|0.00|0
06505D|FBMKLCI-C5D|0.085|0.000|0.000|0.000|0.00|0
06505I|FBMKLCI-C5I|0.005|0.000|0.000|0.000|0.00|0
06505J|FBMKLCI-C5J|0.040|0.000|0.000|0.000|0.00|0
06505K|FBMKLCI-C5K|0.010|0.000|0.000|0.000|0.00|0
06505L|FBMKLCI-C5L|0.070|0.000|0.000|0.000|0.00|0
06505M|FBMKLCI-C5M|0.135|0.000|0.000|0.000|0.00|0
06505N|FBMKLCI-C5N|0.055|0.000|0.000|0.000|0.00|0
06505O|FBMKLCI-C5O|0.045|0.000|0.000|0.000|0.00|0
06505P|FBMKLCI-C5P|0.205|0.000|0.000|0.000|0.00|0
06505Q|FBMKLCI-C5Q|0.305|0.000|0.000|0.000|0.00|0
06505R|FBMKLCI-C5R|0.060|0.000|0.000|0.000|0.00|0
06505S|FBMKLCI-C5S|0.170|0.000|0.000|0.000|0.00|0
06505T|FBMKLCI-C5T|0.255|0.000|0.000|0.000|0.00|0
06505U|FBMKLCI-C5U|0.150|0.000|0.000|0.000|0.00|0
06505V|FBMKLCI-C5V|0.060|0.000|0.000|0.000|0.00|0
0820EA|FBMKLCI-EA|1.780|0.000|0.000|0.000|0.00|0
06506F|FBMKLCI-H6F|0.025|0.000|0.000|0.000|0.00|0
06506K|FBMKLCI-H6K|0.195|0.000|0.000|0.000|0.00|0
06506L|FBMKLCI-H6L|0.125|0.000|0.000|0.000|0.00|0
06506M|FBMKLCI-H6M|0.180|0.000|0.000|0.000|0.00|0
06506N|FBMKLCI-H6N|0.210|0.000|0.000|0.000|0.00|0
06506O|FBMKLCI-H6O|0.290|0.000|0.000|0.000|0.00|0
06506P|FBMKLCI-H6P|0.050|0.000|0.000|0.000|0.00|0
06506Q|FBMKLCI-H6Q|0.090|0.000|0.000|0.000|0.00|0
06506R|FBMKLCI-H6R|0.240|0.000|0.000|0.000|0.00|0
06506S|FBMKLCI-H6S|0.360|0.000|0.000|0.000|0.00|0
06506T|FBMKLCI-H6T|0.090|0.000|0.000|0.000|0.00|0
06506U|FBMKLCI-H6U|0.255|0.000|0.000|0.000|0.00|0
06506V|FBMKLCI-H6V|0.255|0.000|0.000|0.000|0.00|0
06506W|FBMKLCI-H6W|0.145|0.000|0.000|0.000|0.00|0
06506X|FBMKLCI-H6X|0.105|0.000|0.000|0.000|0.00|0
2755|FCW|1.050|0.000|0.000|0.000|0.00|0
5222|FGV|1.200|0.000|0.000|0.000|0.00|0
522255|FGV-C55|0.015|0.000|0.000|0.000|0.00|0
522256|FGV-C56|0.005|0.000|0.000|0.000|0.00|0
522257|FGV-C57|0.005|0.000|0.000|0.000|0.00|0
522258|FGV-C58|0.010|0.000|0.000|0.000|0.00|0
522259|FGV-C59|0.035|0.000|0.000|0.000|0.00|0
522260|FGV-C60|0.010|0.000|0.000|0.000|0.00|0
522261|FGV-C61|0.035|0.000|0.000|0.000|0.00|0
522262|FGV-C62|0.100|0.000|0.000|0.000|0.00|0
522263|FGV-C63|0.180|0.000|0.000|0.000|0.00|0
522264|FGV-C64|0.240|0.000|0.000|0.000|0.00|0
522265|FGV-C65|0.195|0.000|0.000|0.000|0.00|0
522266|FGV-C66|0.310|0.000|0.000|0.000|0.00|0
522267|FGV-C67|0.440|0.000|0.000|0.000|0.00|0
522268|FGV-C68|0.200|0.000|0.000|0.000|0.00|0
522269|FGV-C69|0.120|0.000|0.000|0.000|0.00|0
522270|FGV-C70|0.115|0.000|0.000|0.000|0.00|0
522271|FGV-C71|0.055|0.000|0.000|0.000|0.00|0
6939|FIAMMA|0.520|0.000|0.000|0.000|0.00|0
0149|FIBON|0.415|0.000|0.000|0.000|0.00|0
8605|FIHB|0.425|0.000|0.000|0.000|0.00|0
8605PA|FIHB-PA|0.085|0.000|0.000|0.000|0.00|0
8605PB|FIHB-PB|0.080|0.000|0.000|0.000|0.00|0
3107|FIMACOR|1.930|0.000|0.000|0.000|0.00|0
0150|FINTEC|0.050|0.000|0.000|0.000|0.00|0
0150PA|FINTEC-PA|0.025|0.000|0.000|0.000|0.00|0
0150WA|FINTEC-WA|0.015|0.000|0.000|0.000|0.00|0
0150WB|FINTEC-WB|0.020|0.000|0.000|0.000|0.00|0
9318|FITTERS|0.525|0.000|0.000|0.000|0.00|0
9318WB|FITTERS-WB|0.025|0.000|0.000|0.000|0.00|0
5197|FLBHD|1.700|0.000|0.000|0.000|0.00|0
0116|FOCUS|0.140|0.000|0.000|0.000|0.00|0
0116WC|FOCUS-WC|0.095|0.000|0.000|0.000|0.00|0
0157|FOCUSP|0.440|0.000|0.000|0.000|0.00|0
5277|FPGROUP|0.325|0.000|0.000|0.000|0.00|0
9172|FPI|1.840|0.000|0.000|0.000|0.00|0
7210|FREIGHT|0.565|0.000|0.000|0.000|0.00|0
0128|FRONTKN|0.975|0.000|0.000|0.000|0.00|0
9377|FSBM|0.095|0.000|0.000|0.000|0.00|0
9377WA|FSBM-WA|0.025|0.000|0.000|0.000|0.00|0
7184|G3|0.790|0.000|0.000|0.000|0.00|0
7184WA|G3-WA|0.770|0.000|0.000|0.000|0.00|0
9261|GADANG|0.620|0.000|0.000|0.000|0.00|0
9261WB|GADANG-WB|0.140|0.000|0.000|0.000|0.00|0
5398|GAMUDA|2.990|0.000|0.000|0.000|0.00|0
539851|GAMUDA-C51|0.015|0.000|0.000|0.000|0.00|0
539853|GAMUDA-C53|0.005|0.000|0.000|0.000|0.00|0
539856|GAMUDA-C56|0.030|0.000|0.000|0.000|0.00|0
539857|GAMUDA-C57|0.050|0.000|0.000|0.000|0.00|0
539858|GAMUDA-C58|0.085|0.000|0.000|0.000|0.00|0
539859|GAMUDA-C59|0.190|0.000|0.000|0.000|0.00|0
539860|GAMUDA-C60|0.120|0.000|0.000|0.000|0.00|0
539861|GAMUDA-C61|0.095|0.000|0.000|0.000|0.00|0
539862|GAMUDA-C62|0.110|0.000|0.000|0.000|0.00|0
539863|GAMUDA-C63|0.125|0.000|0.000|0.000|0.00|0
5398WE|GAMUDA-WE|0.230|0.000|0.000|0.000|0.00|0
5209|GASMSIA|2.780|0.000|0.000|0.000|0.00|0
5226|GBGAQRS|1.160|0.000|0.000|0.000|0.00|0
5226WB|GBGAQRS-WB|0.280|0.000|0.000|0.000|0.00|0
5102|GCB|3.710|0.000|0.000|0.000|0.00|0
5102CA|GCB-CA|0.290|0.000|0.000|0.000|0.00|0
5102CB|GCB-CB|0.190|0.000|0.000|0.000|0.00|0
5592|GCE|0.460|0.000|0.000|0.000|0.00|0
0198|GDB|0.270|0.000|0.000|0.000|0.00|0
0078|GDEX|0.350|0.000|0.000|0.000|0.00|0
0078WB|GDEX-WB|0.055|0.000|0.000|0.000|0.00|0
0580C1|GEELY-C1|0.075|0.000|0.000|0.000|0.00|0
0104|GENETEC|1.820|0.000|0.000|0.000|0.00|0
4715|GENM|3.420|0.000|0.000|0.000|0.00|0
471538|GENM-C38|0.005|0.000|0.000|0.000|0.00|0
471540|GENM-C40|0.150|0.000|0.000|0.000|0.00|0
471541|GENM-C41|0.005|0.000|0.000|0.000|0.00|0
471542|GENM-C42|0.045|0.000|0.000|0.000|0.00|0
471543|GENM-C43|0.050|0.000|0.000|0.000|0.00|0
471544|GENM-C44|0.075|0.000|0.000|0.000|0.00|0
471545|GENM-C45|0.155|0.000|0.000|0.000|0.00|0
471546|GENM-C46|0.135|0.000|0.000|0.000|0.00|0
471547|GENM-C47|0.135|0.000|0.000|0.000|0.00|0
471548|GENM-C48|0.125|0.000|0.000|0.000|0.00|0
471549|GENM-C49|0.195|0.000|0.000|0.000|0.00|0
471550|GENM-C50|0.175|0.000|0.000|0.000|0.00|0
471551|GENM-C51|0.135|0.000|0.000|0.000|0.00|0
471552|GENM-C52|0.205|0.000|0.000|0.000|0.00|0
471553|GENM-C53|0.125|0.000|0.000|0.000|0.00|0
2291|GENP|10.440|0.000|0.000|0.000|0.00|0
2291WA|GENP-WA|2.520|0.000|0.000|0.000|0.00|0
3182|GENTING|7.150|0.000|0.000|0.000|0.00|0
318251|GENTINGC51|0.005|0.000|0.000|0.000|0.00|0
318255|GENTINGC55|0.050|0.000|0.000|0.000|0.00|0
318256|GENTINGC56|0.030|0.000|0.000|0.000|0.00|0
318257|GENTINGC57|0.115|0.000|0.000|0.000|0.00|0
318258|GENTINGC58|0.080|0.000|0.000|0.000|0.00|0
318259|GENTINGC59|0.120|0.000|0.000|0.000|0.00|0
318260|GENTINGC60|0.150|0.000|0.000|0.000|0.00|0
318261|GENTINGC61|0.140|0.000|0.000|0.000|0.00|0
318262|GENTINGC62|0.180|0.000|0.000|0.000|0.00|0
318263|GENTINGC63|0.160|0.000|0.000|0.000|0.00|0
318264|GENTINGC64|0.095|0.000|0.000|0.000|0.00|0
7197|GESHEN|0.650|0.000|0.000|0.000|0.00|0
5079|GETS|0.125|0.000|0.000|0.000|0.00|0
0039|GFM|0.500|0.000|0.000|0.000|0.00|0
0039WC|GFM-WC|0.195|0.000|0.000|0.000|0.00|0
0021|GHLSYS|1.660|0.000|0.000|0.000|0.00|0
0021CA|GHLSYS-CA|0.110|0.000|0.000|0.000|0.00|0
3204|GKENT|1.110|0.000|0.000|0.000|0.00|0
7382|GLBHD|0.385|0.000|0.000|0.000|0.00|0
5020|GLOMAC|0.380|0.000|0.000|0.000|0.00|0
5220|GLOTEC|0.470|0.000|0.000|0.000|0.00|0
5220WA|GLOTEC-WA|0.075|0.000|0.000|0.000|0.00|0
9962|GMUTUAL|0.280|0.000|0.000|0.000|0.00|0
0045|GNB|0.050|0.000|0.000|0.000|0.00|0
1147|GOB|0.180|0.000|0.000|0.000|0.00|0
1147WA|GOB-WA|0.010|0.000|0.000|0.000|0.00|0
0074|GOCEAN|0.095|0.000|0.000|0.000|0.00|0
0074WA|GOCEAN-WA|0.005|0.000|0.000|0.000|0.00|0
0828EA|GOLDETF|1.730|0.000|0.000|0.000|0.00|0
7192|GOODWAY|0.205|0.000|0.000|0.000|0.00|0
2135|GOPENG|0.680|0.000|0.000|0.000|0.00|0
7096|GPA|0.085|0.000|0.000|0.000|0.00|0
7096WA|GPA-WA|0.020|0.000|0.000|0.000|0.00|0
0082|GPACKET|0.325|0.000|0.000|0.000|0.00|0
0082WB|GPACKET-WB|0.085|0.000|0.000|0.000|0.00|0
5649|GPHAROS|0.220|0.000|0.000|0.000|0.00|0
0056|GRANFLO|0.215|0.000|0.000|0.000|0.00|0
0136|GREENYB|0.135|0.000|0.000|0.000|0.00|0
7077|GSB|0.195|0.000|0.000|0.000|0.00|0
7022|GTRONIC|1.950|0.000|0.000|0.000|0.00|0
7022CR|GTRONIC-CR|0.005|0.000|0.000|0.000|0.00|0
7022CS|GTRONIC-CS|0.005|0.000|0.000|0.000|0.00|0
7022CT|GTRONIC-CT|0.005|0.000|0.000|0.000|0.00|0
7022CU|GTRONIC-CU|0.030|0.000|0.000|0.000|0.00|0
7022CV|GTRONIC-CV|0.105|0.000|0.000|0.000|0.00|0
7022CW|GTRONIC-CW|0.065|0.000|0.000|0.000|0.00|0
3247|GUH|0.515|0.000|0.000|0.000|0.00|0
7676|GUNUNG|0.320|0.000|0.000|0.000|0.00|0
7676WB|GUNUNG-WB|0.055|0.000|0.000|0.000|0.00|0
1503|GUOCO|0.790|0.000|0.000|0.000|0.00|0
7668|HAIO|2.800|0.000|0.000|0.000|0.00|0
7668CG|HAIO-CG|0.075|0.000|0.000|0.000|0.00|0
5151|HALEX|0.850|0.000|0.000|0.000|0.00|0
7253|HANDAL|0.345|0.000|0.000|0.000|0.00|0
3034|HAPSENG|9.880|0.000|0.000|0.000|0.00|0
3034CX|HAPSENG-CX|0.040|0.000|0.000|0.000|0.00|0
2062|HARBOUR|0.680|0.000|0.000|0.000|0.00|0
2062WC|HARBOUR-WC|0.070|0.000|0.000|0.000|0.00|0
5008|HARISON|3.810|0.000|0.000|0.000|0.00|0
7501|HARNLEN|0.660|0.000|0.000|0.000|0.00|0
5168|HARTA|4.930|0.000|0.000|0.000|0.00|0
516811|HARTA-C11|0.005|0.000|0.000|0.000|0.00|0
516815|HARTA-C15|0.020|0.000|0.000|0.000|0.00|0
516816|HARTA-C16|0.005|0.000|0.000|0.000|0.00|0
516817|HARTA-C17|0.025|0.000|0.000|0.000|0.00|0
516818|HARTA-C18|0.005|0.000|0.000|0.000|0.00|0
516819|HARTA-C19|0.055|0.000|0.000|0.000|0.00|0
516820|HARTA-C20|0.080|0.000|0.000|0.000|0.00|0
516821|HARTA-C21|0.090|0.000|0.000|0.000|0.00|0
516822|HARTA-C22|0.080|0.000|0.000|0.000|0.00|0
5187|HBGLOB|0.110|0.000|0.000|0.000|0.00|0
7105|HCK|1.250|0.000|0.000|0.000|0.00|0
7105WA|HCK-WA|0.295|0.000|0.000|0.000|0.00|0
3255|HEIM|22.800|0.000|0.000|0.000|0.00|0
5121|HEKTAR|1.170|0.000|0.000|0.000|0.00|0
4324|HENGYUAN|6.250|0.000|0.000|0.000|0.00|0
4324C1|HENGYUAN-C1|0.020|0.000|0.000|0.000|0.00|0
4324C2|HENGYUAN-C2|0.010|0.000|0.000|0.000|0.00|0
4324C4|HENGYUAN-C4|0.030|0.000|0.000|0.000|0.00|0
4324C5|HENGYUAN-C5|0.035|0.000|0.000|0.000|0.00|0
4324C6|HENGYUAN-C6|0.065|0.000|0.000|0.000|0.00|0
4324C7|HENGYUAN-C7|0.235|0.000|0.000|0.000|0.00|0
4324CZ|HENGYUAN-CZ|0.030|0.000|0.000|0.000|0.00|0
5095|HEVEA|0.630|0.000|0.000|0.000|0.00|0
5095WB|HEVEA-WB|0.450|0.000|0.000|0.000|0.00|0
3298|HEXZA|0.700|0.000|0.000|0.000|0.00|0
0175|HHGROUP|0.130|0.000|0.000|0.000|0.00|0
0160|HHHCORP|0.095|0.000|0.000|0.000|0.00|0
5072|HIAPTEK|0.285|0.000|0.000|0.000|0.00|0
5072LA|HIAPTEK-LA|0.295|0.000|0.000|0.000|0.00|0
5072WB|HIAPTEK-WB|0.085|0.000|0.000|0.000|0.00|0
5199|HIBISCS|1.060|0.000|0.000|0.000|0.00|0
5199CK|HIBISCS-CK|0.010|0.000|0.000|0.000|0.00|0
5199CM|HIBISCS-CM|0.095|0.000|0.000|0.000|0.00|0
5199CN|HIBISCS-CN|0.100|0.000|0.000|0.000|0.00|0
5199CO|HIBISCS-CO|0.080|0.000|0.000|0.000|0.00|0
5199CP|HIBISCS-CP|0.060|0.000|0.000|0.000|0.00|0
5199CQ|HIBISCS-CQ|0.140|0.000|0.000|0.000|0.00|0
5199CR|HIBISCS-CR|0.120|0.000|0.000|0.000|0.00|0
5199CS|HIBISCS-CS|0.110|0.000|0.000|0.000|0.00|0
5199CT|HIBISCS-CT|0.150|0.000|0.000|0.000|0.00|0
5199CU|HIBISCS-CU|0.100|0.000|0.000|0.000|0.00|0
5199CV|HIBISCS-CV|0.090|0.000|0.000|0.000|0.00|0
5199WC|HIBISCS-WC|0.480|0.000|0.000|0.000|0.00|0
7033|HIGHTEC|1.280|0.000|0.000|0.000|0.00|0
8443|HIL|0.505|0.000|0.000|0.000|0.00|0
8443WB|HIL-WB|0.180|0.000|0.000|0.000|0.00|0
0505CF|HKEX-CF|0.435|0.000|0.000|0.000|0.00|0
5819|HLBANK|21.280|0.000|0.000|0.000|0.00|0
5819CN|HLBANK-CN|0.060|0.000|0.000|0.000|0.00|0
5819CO|HLBANK-CO|0.160|0.000|0.000|0.000|0.00|0
5274|HLCAP|9.600|0.000|0.000|0.000|0.00|0
1082|HLFG|19.500|0.000|0.000|0.000|0.00|0
3301|HLIND|9.950|0.000|0.000|0.000|0.00|0
0188|HLT|0.135|0.000|0.000|0.000|0.00|0
0188WA|HLT-WA|0.050|0.000|0.000|0.000|0.00|0
5169|HOHUP|0.385|0.000|0.000|0.000|0.00|0
5165|HOKHENG|0.550|0.000|0.000|0.000|0.00|0
5160|HOMERIZ|0.620|0.000|0.000|0.000|0.00|0
5160WA|HOMERIZ-WA|0.075|0.000|0.000|0.000|0.00|0
7010|HOOVER|0.595|0.000|0.000|0.000|0.00|0
06513U|HSI-C3U|0.045|0.000|0.000|0.000|0.00|0
06513V|HSI-C3V|0.155|0.000|0.000|0.000|0.00|0
06513W|HSI-C3W|0.490|0.000|0.000|0.000|0.00|0
06513X|HSI-C3X|1.010|0.000|0.000|0.000|0.00|0
06513Y|HSI-C3Y|0.120|0.000|0.000|0.000|0.00|0
06513Z|HSI-C3Z|0.235|0.000|0.000|0.000|0.00|0
06515A|HSI-C5A|0.475|0.000|0.000|0.000|0.00|0
06515B|HSI-C5B|0.785|0.000|0.000|0.000|0.00|0
06515C|HSI-C5C|0.255|0.000|0.000|0.000|0.00|0
06515D|HSI-C5D|0.415|0.000|0.000|0.000|0.00|0
06515E|HSI-C5E|0.715|0.000|0.000|0.000|0.00|0
06515F|HSI-C5F|1.040|0.000|0.000|0.000|0.00|0
06515G|HSI-C5G|0.600|0.000|0.000|0.000|0.00|0
06515H|HSI-C5H|0.900|0.000|0.000|0.000|0.00|0
06515I|HSI-C5I|1.080|0.000|0.000|0.000|0.00|0
06515J|HSI-C5J|0.725|0.000|0.000|0.000|0.00|0
06515K|HSI-C5K|1.020|0.000|0.000|0.000|0.00|0
06515L|HSI-C5L|1.340|0.000|0.000|0.000|0.00|0
06515M|HSI-C5M|1.900|0.000|0.000|0.000|0.00|0
06514V|HSI-H4V|0.010|0.000|0.000|0.000|0.00|0
06514W|HSI-H4W|0.005|0.000|0.000|0.000|0.00|0
06514X|HSI-H4X|0.020|0.000|0.000|0.000|0.00|0
06514Y|HSI-H4Y|0.065|0.000|0.000|0.000|0.00|0
06514Z|HSI-H4Z|0.020|0.000|0.000|0.000|0.00|0
06516A|HSI-H6A|0.025|0.000|0.000|0.000|0.00|0
06516B|HSI-H6B|0.080|0.000|0.000|0.000|0.00|0
06516C|HSI-H6C|0.135|0.000|0.000|0.000|0.00|0
06516D|HSI-H6D|0.115|0.000|0.000|0.000|0.00|0
06516E|HSI-H6E|0.170|0.000|0.000|0.000|0.00|0
06516F|HSI-H6F|0.285|0.000|0.000|0.000|0.00|0
06516G|HSI-H6G|0.490|0.000|0.000|0.000|0.00|0
06516H|HSI-H6H|0.125|0.000|0.000|0.000|0.00|0
06516I|HSI-H6I|0.185|0.000|0.000|0.000|0.00|0
06516J|HSI-H6J|0.290|0.000|0.000|0.000|0.00|0
06516K|HSI-H6K|0.090|0.000|0.000|0.000|0.00|0
06516L|HSI-H6L|0.160|0.000|0.000|0.000|0.00|0
06516M|HSI-H6M|0.195|0.000|0.000|0.000|0.00|0
06516N|HSI-H6N|0.305|0.000|0.000|0.000|0.00|0
6238|HSL|1.540|0.000|0.000|0.000|0.00|0
5138|HSPLANT|1.940|0.000|0.000|0.000|0.00|0
0185|HSSEB|1.090|0.000|0.000|0.000|0.00|0
0185WA|HSSEB-WA|0.195|0.000|0.000|0.000|0.00|0
5028|HTPADU|0.750|0.000|0.000|0.000|0.00|0
2739|HUAAN|0.220|0.000|0.000|0.000|0.00|0
5062|HUAYANG|0.395|0.000|0.000|0.000|0.00|0
7013|HUBLINE|0.060|0.000|0.000|0.000|0.00|0
7013WA|HUBLINE-WA|0.005|0.000|0.000|0.000|0.00|0
7013WB|HUBLINE-WB|0.005|0.000|0.000|0.000|0.00|0
7013WC|HUBLINE-WC|0.020|0.000|0.000|0.000|0.00|0
5000|HUMEIND|0.735|0.000|0.000|0.000|0.00|0
5024|HUPSENG|1.030|0.000|0.000|0.000|0.00|0
8478|HWATAI|0.340|0.000|0.000|0.000|0.00|0
9601|HWGB|0.105|0.000|0.000|0.000|0.00|0
9601WD|HWGB-WD|0.055|0.000|0.000|0.000|0.00|0
4251|IBHD|0.420|0.000|0.000|0.000|0.00|0
4251LB|IBHD-LB|0.300|0.000|0.000|0.000|0.00|0
4251WA|IBHD-WA|0.010|0.000|0.000|0.000|0.00|0
5084|IBRACO|0.710|0.000|0.000|0.000|0.00|0
5108|ICAP|2.410|0.000|0.000|0.000|0.00|0
0502CF|ICBC-CF|0.100|0.000|0.000|0.000|0.00|0
5255|ICON|0.090|0.000|0.000|0.000|0.00|0
9687|IDEAL|1.190|0.000|0.000|0.000|0.00|0
9687WB|IDEAL-WB|0.400|0.000|0.000|0.000|0.00|0
0174|IDMENSN|0.030|0.000|0.000|0.000|0.00|0
0174WA|IDMENSN-WA|0.005|0.000|0.000|0.000|0.00|0
0023|IFCAMSC|0.405|0.000|0.000|0.000|0.00|0
5606|IGBB|2.490|0.000|0.000|0.000|0.00|0
5606PA|IGBB-PA|1.110|0.000|0.000|0.000|0.00|0
5606PB|IGBB-PB|3.280|0.000|0.000|0.000|0.00|0
5227|IGBREIT|1.760|0.000|0.000|0.000|0.00|0
5225|IHH|5.840|0.000|0.000|0.000|0.00|0
522510|IHH-C10|0.130|0.000|0.000|0.000|0.00|0
5225C7|IHH-C7|0.050|0.000|0.000|0.000|0.00|0
5225C8|IHH-C8|0.120|0.000|0.000|0.000|0.00|0
5225C9|IHH-C9|0.095|0.000|0.000|0.000|0.00|0
0401GA|IHS046000824|96.000|0.000|0.000|0.000|0.00|0
3336|IJM|1.910|0.000|0.000|0.000|0.00|0
333620|IJM-C20|0.050|0.000|0.000|0.000|0.00|0
333621|IJM-C21|0.050|0.000|0.000|0.000|0.00|0
333622|IJM-C22|0.005|0.000|0.000|0.000|0.00|0
333624|IJM-C24|0.120|0.000|0.000|0.000|0.00|0
333625|IJM-C25|0.130|0.000|0.000|0.000|0.00|0
2216|IJMPLNT|1.720|0.000|0.000|0.000|0.00|0
5268|IKHMAS|0.145|0.000|0.000|0.000|0.00|0
5614|ILB|0.450|0.000|0.000|0.000|0.00|0
7222|IMASPRO|2.230|0.000|0.000|0.000|0.00|0
0166|INARI|1.670|0.000|0.000|0.000|0.00|0
016621|INARI-C21|0.010|0.000|0.000|0.000|0.00|0
016622|INARI-C22|0.005|0.000|0.000|0.000|0.00|0
016623|INARI-C23|0.005|0.000|0.000|0.000|0.00|0
016624|INARI-C24|0.005|0.000|0.000|0.000|0.00|0
016625|INARI-C25|0.005|0.000|0.000|0.000|0.00|0
016626|INARI-C26|0.055|0.000|0.000|0.000|0.00|0
016627|INARI-C27|0.050|0.000|0.000|0.000|0.00|0
016628|INARI-C28|0.040|0.000|0.000|0.000|0.00|0
016629|INARI-C29|0.090|0.000|0.000|0.000|0.00|0
016630|INARI-C30|0.075|0.000|0.000|0.000|0.00|0
016631|INARI-C31|0.150|0.000|0.000|0.000|0.00|0
016632|INARI-C32|0.155|0.000|0.000|0.000|0.00|0
016633|INARI-C33|0.310|0.000|0.000|0.000|0.00|0
016634|INARI-C34|0.105|0.000|0.000|0.000|0.00|0
016635|INARI-C35|0.085|0.000|0.000|0.000|0.00|0
016636|INARI-C36|0.095|0.000|0.000|0.000|0.00|0
0166WB|INARI-WB|1.110|0.000|0.000|0.000|0.00|0
2607|INCKEN|0.620|0.000|0.000|0.000|0.00|0
0094|INIX|0.055|0.000|0.000|0.000|0.00|0
0094WA|INIX-WA|0.025|0.000|0.000|0.000|0.00|0
0147|INNITY|0.615|0.000|0.000|0.000|0.00|0
6262|INNO|0.750|0.000|0.000|0.000|0.00|0
3379|INSAS|0.775|0.000|0.000|0.000|0.00|0
3379PA|INSAS-PA|0.975|0.000|0.000|0.000|0.00|0
3379WB|INSAS-WB|0.085|0.000|0.000|0.000|0.00|0
0192|INTA|0.275|0.000|0.000|0.000|0.00|0
1961|IOICORP|4.530|0.000|0.000|0.000|0.00|0
196119|IOICORP-C19|0.050|0.000|0.000|0.000|0.00|0
5249|IOIPG|1.520|0.000|0.000|0.000|0.00|0
5249CU|IOIPG-CU|0.045|0.000|0.000|0.000|0.00|0
5249CV|IOIPG-CV|0.185|0.000|0.000|0.000|0.00|0
5673|IPMUDA|0.500|0.000|0.000|0.000|0.00|0
5107|IQGROUP|1.220|0.000|0.000|0.000|0.00|0
8834|IREKA|0.555|0.000|0.000|0.000|0.00|0
8834WB|IREKA-WB|0.005|0.000|0.000|0.000|0.00|0
7183|IRETEX|0.130|0.000|0.000|0.000|0.00|0
7183LA|IRETEX-LA|0.015|0.000|0.000|0.000|0.00|0
7183WA|IRETEX-WA|0.005|0.000|0.000|0.000|0.00|0
0010|IRIS|0.140|0.000|0.000|0.000|0.00|0
9393|ITRONIC|0.100|0.000|0.000|0.000|0.00|0
5175|IVORY|0.220|0.000|0.000|0.000|0.00|0
1589|IWCITY|0.715|0.000|0.000|0.000|0.00|0
7223|JADI|0.035|0.000|0.000|0.000|0.00|0
0024|JAG|0.050|0.000|0.000|0.000|0.00|0
0024WA|JAG-WA|0.005|0.000|0.000|0.000|0.00|0
0024WB|JAG-WB|0.010|0.000|0.000|0.000|0.00|0
4723|JAKS|0.700|0.000|0.000|0.000|0.00|0
4723WB|JAKS-WB|0.350|0.000|0.000|0.000|0.00|0
8648|JASKITA|0.115|0.000|0.000|0.000|0.00|0
7152|JAYCORP|0.850|0.000|0.000|0.000|0.00|0
0058|JCBNEXT|1.510|0.000|0.000|0.000|0.00|0
5161|JCY|0.210|0.000|0.000|0.000|0.00|0
8931|JERASIA|0.375|0.000|0.000|0.000|0.00|0
9083|JETSON|0.190|0.000|0.000|0.000|0.00|0
0146|JFTECH|0.790|0.000|0.000|0.000|0.00|0
0127|JHM|1.160|0.000|0.000|0.000|0.00|0
8923|JIANKUN|0.325|0.000|0.000|0.000|0.00|0
8923WA|JIANKUN-WA|0.075|0.000|0.000|0.000|0.00|0
6769|JKGLAND|0.080|0.000|0.000|0.000|0.00|0
03003|JMEDU|0.535|0.000|0.000|0.000|0.00|0
7043|JMR|0.960|0.000|0.000|0.000|0.00|0
3441|JOHAN|0.090|0.000|0.000|0.000|0.00|0
7167|JOHOTIN|1.430|0.000|0.000|0.000|0.00|0
4383|JTIASA|0.575|0.000|0.000|0.000|0.00|0
0111|K1|0.240|0.000|0.000|0.000|0.00|0
0111WC|K1-WC|0.110|0.000|0.000|0.000|0.00|0
0193|KAB|0.225|0.000|0.000|0.000|0.00|0
8672|KAMDAR|0.290|0.000|0.000|0.000|0.00|0
0170|KANGER|0.040|0.000|0.000|0.000|0.00|0
0170WA|KANGER-WA|0.020|0.000|0.000|0.000|0.00|0
5247|KAREX|0.425|0.000|0.000|0.000|0.00|0
0054|KARYON|0.135|0.000|0.000|0.000|0.00|0
7216|KAWAN|1.750|0.000|0.000|0.000|0.00|0
3115|KBUNAI|0.080|0.000|0.000|0.000|0.00|0
3115WC|KBUNAI-WC|0.020|0.000|0.000|0.000|0.00|0
7199|KEINHIN|0.630|0.000|0.000|0.000|0.00|0
7323|KEN|0.700|0.000|0.000|0.000|0.00|0
6483|KENANGA|0.555|0.000|0.000|0.000|0.00|0
7161|KERJAYA|1.270|0.000|0.000|0.000|0.00|0
7161CJ|KERJAYA-CJ|0.020|0.000|0.000|0.000|0.00|0
7161WB|KERJAYA-WB|0.205|0.000|0.000|0.000|0.00|0
9334|KESM|9.750|0.000|0.000|0.000|0.00|0
0143|KEYASIC|0.110|0.000|0.000|0.000|0.00|0
6491|KFIMA|1.650|0.000|0.000|0.000|0.00|0
8303|KFM|0.160|0.000|0.000|0.000|0.00|0
0151|KGB|1.250|0.000|0.000|0.000|0.00|0
0151WA|KGB-WA|0.735|0.000|0.000|0.000|0.00|0
0036|KGROUP|0.040|0.000|0.000|0.000|0.00|0
0036WB|KGROUP-WB|0.010|0.000|0.000|0.000|0.00|0
6203|KHEESAN|0.600|0.000|0.000|0.000|0.00|0
7062|KHIND|1.700|0.000|0.000|0.000|0.00|0
6211|KIALIM|0.225|0.000|0.000|0.000|0.00|0
3522|KIANJOO|3.060|0.000|0.000|0.000|0.00|0
5371|KIMHIN|1.170|0.000|0.000|0.000|0.00|0
5171|KIMLUN|1.220|0.000|0.000|0.000|0.00|0
5171WA|KIMLUN-WA|0.310|0.000|0.000|0.000|0.00|0
5060|KINSTEL|0.005|0.000|0.000|0.000|0.00|0
5280|KIPREIT|0.835|0.000|0.000|0.000|0.00|0
9466|KKB|1.240|0.000|0.000|0.000|0.00|0
5235SS|KLCC|7.800|0.000|0.000|0.000|0.00|0
2445|KLK|24.800|0.000|0.000|0.000|0.00|0
2445C2|KLK-C2|0.140|0.000|0.000|0.000|0.00|0
2453|KLUANG|3.600|0.000|0.000|0.000|0.00|0
5027|KMLOONG|1.290|0.000|0.000|0.000|0.00|0
5027WB|KMLOONG-WB|0.240|0.000|0.000|0.000|0.00|0
7164|KNM|0.105|0.000|0.000|0.000|0.00|0
7164WB|KNM-WB|0.015|0.000|0.000|0.000|0.00|0
5035|KNUSFOR|0.430|0.000|0.000|0.000|0.00|0
6971|KOBAY|1.500|0.000|0.000|0.000|0.00|0
7017|KOMARK|0.190|0.000|0.000|0.000|0.00|0
7017WB|KOMARK-WB|0.030|0.000|0.000|0.000|0.00|0
7153|KOSSAN|3.730|0.000|0.000|0.000|0.00|0
7153CY|KOSSAN-CY|0.010|0.000|0.000|0.000|0.00|0
7153CZ|KOSSAN-CZ|0.150|0.000|0.000|0.000|0.00|0
0002|KOTRA|1.790|0.000|0.000|0.000|0.00|0
5878|KPJ|1.040|0.000|0.000|0.000|0.00|0
5878CR|KPJ-CR|0.020|0.000|0.000|0.000|0.00|0
5878CS|KPJ-CS|0.030|0.000|0.000|0.000|0.00|0
7130|KPOWER|0.400|0.000|0.000|0.000|0.00|0
5843|KPS|1.330|0.000|0.000|0.000|0.00|0
9121|KPSCB|0.510|0.000|0.000|0.000|0.00|0
1996|KRETAM|0.410|0.000|0.000|0.000|0.00|0
0176|KRONO|0.620|0.000|0.000|0.000|0.00|0
3476|KSENG|4.700|0.000|0.000|0.000|0.00|0
5038|KSL|0.905|0.000|0.000|0.000|0.00|0
5192|KSSC|0.555|0.000|0.000|0.000|0.00|0
5172|KSTAR|0.080|0.000|0.000|0.000|0.00|0
5172WA|KSTAR-WA|0.020|0.000|0.000|0.000|0.00|0
4847|KTB|0.070|0.000|0.000|0.000|0.00|0
0180|KTC|0.180|0.000|0.000|0.000|0.00|0
6874|KUB|0.450|0.000|0.000|0.000|0.00|0
2186|KUCHAI|1.610|0.000|0.000|0.000|0.00|0
6572|KWANTAS|0.830|0.000|0.000|0.000|0.00|0
8362|KYM|0.340|0.000|0.000|0.000|0.00|0
3174|L&G|0.155|0.000|0.000|0.000|0.00|0
3794|LAFMSIA|2.000|0.000|0.000|0.000|0.00|0
0018|LAMBO|0.145|0.000|0.000|0.000|0.00|0
1643|LANDMRK|0.480|0.000|0.000|0.000|0.00|0
7006|LATITUD|4.030|0.000|0.000|0.000|0.00|0
9385|LAYHONG|0.440|0.000|0.000|0.000|0.00|0
9385WA|LAYHONG-WA|0.200|0.000|0.000|0.000|0.00|0
9326|LBALUM|0.485|0.000|0.000|0.000|0.00|0
8494|LBICAP|0.815|0.000|0.000|0.000|0.00|0
5789|LBS|0.680|0.000|0.000|0.000|0.00|0
5789PA|LBS-PA|0.840|0.000|0.000|0.000|0.00|0
5789WB|LBS-WB|0.250|0.000|0.000|0.000|0.00|0
5284|LCTITAN|4.340|0.000|0.000|0.000|0.00|0
9628|LEBTECH|0.860|0.000|0.000|0.000|0.00|0
8079|LEESK|0.950|0.000|0.000|0.000|0.00|0
5232|LEONFB|0.485|0.000|0.000|0.000|0.00|0
8745|LEWEKO|0.150|0.000|0.000|0.000|0.00|0
8745WB|LEWEKO-WB|0.055|0.000|0.000|0.000|0.00|0
7170|LFECORP|0.105|0.000|0.000|0.000|0.00|0
3573|LIENHOE|0.280|0.000|0.000|0.000|0.00|0
7089|LIIHEN|2.670|0.000|0.000|0.000|0.00|0
8486|LIONFIB|0.440|0.000|0.000|0.000|0.00|0
4235|LIONIND|0.520|0.000|0.000|0.000|0.00|0
6645|LITRAK|4.330|0.000|0.000|0.000|0.00|0
0182|LKL|0.110|0.000|0.000|0.000|0.00|0
7126|LONBISC|0.415|0.000|0.000|0.000|0.00|0
7126WA|LONBISC-WA|0.040|0.000|0.000|0.000|0.00|0
8621|LPI|16.260|0.000|0.000|0.000|0.00|0
9881|LSTEEL|0.270|0.000|0.000|0.000|0.00|0
7085|LTKM|1.260|0.000|0.000|0.000|0.00|0
5068|LUSTER|0.080|0.000|0.000|0.000|0.00|0
5068WA|LUSTER-WA|0.030|0.000|0.000|0.000|0.00|0
5068WB|LUSTER-WB|0.040|0.000|0.000|0.000|0.00|0
5143|LUXCHEM|0.550|0.000|0.000|0.000|0.00|0
0075|LYC|0.330|0.000|0.000|0.000|0.00|0
9199|LYSAGHT|2.690|0.000|0.000|0.000|0.00|0
5078|M&G|0.075|0.000|0.000|0.000|0.00|0
0017|M3TECH|0.050|0.000|0.000|0.000|0.00|0
0017WA|M3TECH-WA|0.005|0.000|0.000|0.000|0.00|0
1198|MAA|1.000|0.000|0.000|0.000|0.00|0
7617|MAGNA|0.880|0.000|0.000|0.000|0.00|0
7617WB|MAGNA-WB|0.180|0.000|0.000|0.000|0.00|0
7087|MAGNI|4.610|0.000|0.000|0.000|0.00|0
3859|MAGNUM|2.400|0.000|0.000|0.000|0.00|0
8583|MAHSING|0.950|0.000|0.000|0.000|0.00|0
858317|MAHSING-C17|0.040|0.000|0.000|0.000|0.00|0
858318|MAHSING-C18|0.030|0.000|0.000|0.000|0.00|0
858319|MAHSING-C19|0.030|0.000|0.000|0.000|0.00|0
8583WC|MAHSING-WC|0.015|0.000|0.000|0.000|0.00|0
5264|MALAKOF|0.920|0.000|0.000|0.000|0.00|0
526412|MALAKOFC12|0.005|0.000|0.000|0.000|0.00|0
526413|MALAKOFC13|0.010|0.000|0.000|0.000|0.00|0
526414|MALAKOFC14|0.005|0.000|0.000|0.000|0.00|0
526415|MALAKOFC15|0.035|0.000|0.000|0.000|0.00|0
526416|MALAKOFC16|0.020|0.000|0.000|0.000|0.00|0
526417|MALAKOFC17|0.090|0.000|0.000|0.000|0.00|0
526418|MALAKOFC18|0.060|0.000|0.000|0.000|0.00|0
526419|MALAKOFC19|0.125|0.000|0.000|0.000|0.00|0
526420|MALAKOFC20|0.095|0.000|0.000|0.000|0.00|0
526421|MALAKOFC21|0.080|0.000|0.000|0.000|0.00|0
4936|MALPAC|0.850|0.000|0.000|0.000|0.00|0
6181|MALTON|0.515|0.000|0.000|0.000|0.00|0
1058|MANULFE|2.550|0.000|0.000|0.000|0.00|0
3514|MARCO|0.125|0.000|0.000|0.000|0.00|0
5098|MASTEEL|0.450|0.000|0.000|0.000|0.00|0
7029|MASTER|0.680|0.000|0.000|0.000|0.00|0
0189|MATANG|0.070|0.000|0.000|0.000|0.00|0
5236|MATRIX|1.960|0.000|0.000|0.000|0.00|0
5236WA|MATRIX-WA|0.145|0.000|0.000|0.000|0.00|0
6012|MAXIS|5.340|0.000|0.000|0.000|0.00|0
6012C8|MAXIS-C8|0.065|0.000|0.000|0.000|0.00|0
6012C9|MAXIS-C9|0.045|0.000|0.000|0.000|0.00|0
5189|MAXWELL|0.010|0.000|0.000|0.000|0.00|0
5189WA|MAXWELL-WA|0.005|0.000|0.000|0.000|0.00|0
1155|MAYBANK|9.540|0.000|0.000|0.000|0.00|0
115543|MAYBANKC43|0.085|0.000|0.000|0.000|0.00|0
115544|MAYBANKC44|0.005|0.000|0.000|0.000|0.00|0
115545|MAYBANKC45|0.020|0.000|0.000|0.000|0.00|0
115546|MAYBANKC46|0.010|0.000|0.000|0.000|0.00|0
115547|MAYBANKC47|0.035|0.000|0.000|0.000|0.00|0
115548|MAYBANKC48|0.030|0.000|0.000|0.000|0.00|0
115549|MAYBANKC49|0.120|0.000|0.000|0.000|0.00|0
115550|MAYBANKC50|0.105|0.000|0.000|0.000|0.00|0
115551|MAYBANKC51|0.105|0.000|0.000|0.000|0.00|0
115552|MAYBANKC52|0.050|0.000|0.000|0.000|0.00|0
115553|MAYBANKC53|0.150|0.000|0.000|0.000|0.00|0
5077|MAYBULK|0.620|0.000|0.000|0.000|0.00|0
5886|MBG|0.800|0.000|0.000|0.000|0.00|0
5152|MBL|1.070|0.000|0.000|0.000|0.00|0
5152WA|MBL-WA|0.345|0.000|0.000|0.000|0.00|0
5983|MBMR|2.620|0.000|0.000|0.000|0.00|0
1171|MBSB|0.995|0.000|0.000|0.000|0.00|0
117115|MBSB-C15|0.010|0.000|0.000|0.000|0.00|0
117116|MBSB-C16|0.060|0.000|0.000|0.000|0.00|0
117117|MBSB-C17|0.060|0.000|0.000|0.000|0.00|0
117118|MBSB-C18|0.055|0.000|0.000|0.000|0.00|0
117119|MBSB-C19|0.070|0.000|0.000|0.000|0.00|0
117120|MBSB-C20|0.025|0.000|0.000|0.000|0.00|0
7189|MBWORLD|1.630|0.000|0.000|0.000|0.00|0
7004|MCEHLDG|0.630|0.000|0.000|0.000|0.00|0
0167|MCLEAN|0.090|0.000|0.000|0.000|0.00|0
0167WB|MCLEAN-WB|0.015|0.000|0.000|0.000|0.00|0
5182|MCT|0.665|0.000|0.000|0.000|0.00|0
5040|MEDAINC|0.305|0.000|0.000|0.000|0.00|0
5040WA|MEDAINC-WA|0.095|0.000|0.000|0.000|0.00|0
5040WB|MEDAINC-WB|0.025|0.000|0.000|0.000|0.00|0
5040WC|MEDAINC-WC|0.025|0.000|0.000|0.000|0.00|0
4502|MEDIA|0.520|0.000|0.000|0.000|0.00|0
5090|MEDIAC|0.235|0.000|0.000|0.000|0.00|0
0081|MEGASUN|0.160|0.000|0.000|0.000|0.00|0
0081WA|MEGASUN-WA|0.040|0.000|0.000|0.000|0.00|0
5129|MELATI|0.465|0.000|0.000|0.000|0.00|0
3778|MELEWAR|0.135|0.000|0.000|0.000|0.00|0
3778WB|MELEWAR-WB|0.045|0.000|0.000|0.000|0.00|0
1694|MENANG|0.385|0.000|0.000|0.000|0.00|0
1694WB|MENANG-WB|0.005|0.000|0.000|0.000|0.00|0
0577C2|MENGNIU-C2|0.165|0.000|0.000|0.000|0.00|0
5223|MENTIGA|0.510|0.000|0.000|0.000|0.00|0
8192|MERCURY|0.900|0.000|0.000|0.000|0.00|0
5006|MERGE|1.300|0.000|0.000|0.000|0.00|0
7234|MESB|0.320|0.000|0.000|0.000|0.00|0
7234WA|MESB-WA|0.100|0.000|0.000|0.000|0.00|0
0826EA|METFAPA|1.040|0.000|0.000|0.000|0.00|0
0825EA|METFSID|0.826|0.000|0.000|0.000|0.00|0
0827EA|METFUS50|1.065|0.000|0.000|0.000|0.00|0
6149|METROD|1.700|0.000|0.000|0.000|0.00|0
3069|MFCB|3.800|0.000|0.000|0.000|0.00|0
3069WA|MFCB-WA|1.630|0.000|0.000|0.000|0.00|0
03015|MFGROUP|0.220|0.000|0.000|0.000|0.00|0
3662|MFLOUR|0.705|0.000|0.000|0.000|0.00|0
3662LA|MFLOUR-LA|1.360|0.000|0.000|0.000|0.00|0
3662WC|MFLOUR-WC|0.245|0.000|0.000|0.000|0.00|0
7595|MGB|0.800|0.000|0.000|0.000|0.00|0
7595WA|MGB-WA|0.285|0.000|0.000|0.000|0.00|0
0155|MGRC|0.250|0.000|0.000|0.000|0.00|0
5186|MHB|0.790|0.000|0.000|0.000|0.00|0
518613|MHB-C13|0.030|0.000|0.000|0.000|0.00|0
5026|MHC|0.640|0.000|0.000|0.000|0.00|0
03005|MHCARE|0.520|0.000|0.000|0.000|0.00|0
5286|MI|2.310|0.000|0.000|0.000|0.00|0
5286CA|MI-CA|0.090|0.000|0.000|0.000|0.00|0
5286CB|MI-CB|0.045|0.000|0.000|0.000|0.00|0
5286CC|MI-CC|0.070|0.000|0.000|0.000|0.00|0
5286CD|MI-CD|0.150|0.000|0.000|0.000|0.00|0
5286CE|MI-CE|0.150|0.000|0.000|0.000|0.00|0
5286CF|MI-CF|0.125|0.000|0.000|0.000|0.00|0
0126|MICROLN|0.405|0.000|0.000|0.000|0.00|0
5001|MIECO|0.280|0.000|0.000|0.000|0.00|0
0112|MIKROMB|0.255|0.000|0.000|0.000|0.00|0
7935|MILUX|0.680|0.000|0.000|0.000|0.00|0
5166|MINDA|0.050|0.000|0.000|0.000|0.00|0
7219|MINETEC|0.050|0.000|0.000|0.000|0.00|0
7219WA|MINETEC-WA|0.005|0.000|0.000|0.000|0.00|0
5576|MINHO|0.295|0.000|0.000|0.000|0.00|0
5576WC|MINHO-WC|0.075|0.000|0.000|0.000|0.00|0
3816|MISC|6.800|0.000|0.000|0.000|0.00|0
381619|MISC-C19|0.175|0.000|0.000|0.000|0.00|0
381620|MISC-C20|0.095|0.000|0.000|0.000|0.00|0
381621|MISC-C21|0.160|0.000|0.000|0.000|0.00|0
9571|MITRA|0.335|0.000|0.000|0.000|0.00|0
9571WD|MITRA-WD|0.035|0.000|0.000|0.000|0.00|0
9571WE|MITRA-WE|0.090|0.000|0.000|0.000|0.00|0
8141|MJPERAK|0.210|0.000|0.000|0.000|0.00|0
6114|MKH|1.260|0.000|0.000|0.000|0.00|0
8893|MKLAND|0.195|0.000|0.000|0.000|0.00|0
0085|MLAB|0.045|0.000|0.000|0.000|0.00|0
0085WA|MLAB-WA|0.010|0.000|0.000|0.000|0.00|0
0085WB|MLAB-WB|0.010|0.000|0.000|0.000|0.00|0
0034|MMAG|0.225|0.000|0.000|0.000|0.00|0
0034PA|MMAG-PA|0.090|0.000|0.000|0.000|0.00|0
0034WB|MMAG-WB|0.075|0.000|0.000|0.000|0.00|0
2194|MMCCORP|1.160|0.000|0.000|0.000|0.00|0
0113|MMSV|0.990|0.000|0.000|0.000|0.00|0
0103|MNC|0.040|0.000|0.000|0.000|0.00|0
0103WA|MNC-WA|0.010|0.000|0.000|0.000|0.00|0
6459|MNRB|1.000|0.000|0.000|0.000|0.00|0
0156|MPAY|0.125|0.000|0.000|0.000|0.00|0
6548|MPCORP|0.045|0.000|0.000|0.000|0.00|0
5237|MPHBCAP|1.090|0.000|0.000|0.000|0.00|0
3867|MPI|9.950|0.000|0.000|0.000|0.00|0
5123|MQREIT|1.080|0.000|0.000|0.000|0.00|0
0070|MQTECH|0.030|0.000|0.000|0.000|0.00|0
0070WA|MQTECH-WA|0.010|0.000|0.000|0.000|0.00|0
1651|MRCB|0.835|0.000|0.000|0.000|0.00|0
165134|MRCB-C34|0.010|0.000|0.000|0.000|0.00|0
165135|MRCB-C35|0.005|0.000|0.000|0.000|0.00|0
165136|MRCB-C36|0.065|0.000|0.000|0.000|0.00|0
165137|MRCB-C37|0.095|0.000|0.000|0.000|0.00|0
165138|MRCB-C38|0.070|0.000|0.000|0.000|0.00|0
165139|MRCB-C39|0.135|0.000|0.000|0.000|0.00|0
165140|MRCB-C40|0.180|0.000|0.000|0.000|0.00|0
165141|MRCB-C41|0.145|0.000|0.000|0.000|0.00|0
165142|MRCB-C42|0.060|0.000|0.000|0.000|0.00|0
1651WB|MRCB-WB|0.245|0.000|0.000|0.000|0.00|0
5916|MSC|0.925|0.000|0.000|0.000|0.00|0
5202|MSM|2.000|0.000|0.000|0.000|0.00|0
5011|MSNIAGA|1.580|0.000|0.000|0.000|0.00|0
5150|MSPORTS|0.010|0.000|0.000|0.000|0.00|0
5924|MTDACPI|0.150|0.000|0.000|0.000|0.00|0
0092|MTOUCHE|0.055|0.000|0.000|0.000|0.00|0
0092WB|MTOUCHE-WB|0.025|0.000|0.000|0.000|0.00|0
0092WC|MTOUCHE-WC|0.015|0.000|0.000|0.000|0.00|0
0043|MTRONIC|0.085|0.000|0.000|0.000|0.00|0
3883|MUDA|1.920|0.000|0.000|0.000|0.00|0
5085|MUDAJYA|0.295|0.000|0.000|0.000|0.00|0
9539|MUH|0.480|0.000|0.000|0.000|0.00|0
5703|MUHIBAH|2.970|0.000|0.000|0.000|0.00|0
3891|MUIIND|0.170|0.000|0.000|0.000|0.00|0
3913|MUIPROP|0.180|0.000|0.000|0.000|0.00|0
3905|MULPHA|2.600|0.000|0.000|0.000|0.00|0
5087|MYCRON|0.285|0.000|0.000|0.000|0.00|0
5087WA|MYCRON-WA|0.110|0.000|0.000|0.000|0.00|0
0138|MYEG|1.190|0.000|0.000|0.000|0.00|0
013844|MYEG-C44|0.110|0.000|0.000|0.000|0.00|0
013846|MYEG-C46|0.010|0.000|0.000|0.000|0.00|0
013847|MYEG-C47|0.015|0.000|0.000|0.000|0.00|0
013848|MYEG-C48|0.005|0.000|0.000|0.000|0.00|0
013849|MYEG-C49|0.005|0.000|0.000|0.000|0.00|0
013850|MYEG-C50|0.055|0.000|0.000|0.000|0.00|0
013851|MYEG-C51|0.005|0.000|0.000|0.000|0.00|0
013852|MYEG-C52|0.005|0.000|0.000|0.000|0.00|0
013853|MYEG-C53|0.025|0.000|0.000|0.000|0.00|0
013854|MYEG-C54|0.010|0.000|0.000|0.000|0.00|0
013855|MYEG-C55|0.100|0.000|0.000|0.000|0.00|0
013856|MYEG-C56|0.325|0.000|0.000|0.000|0.00|0
013857|MYEG-C57|0.170|0.000|0.000|0.000|0.00|0
013858|MYEG-C58|0.105|0.000|0.000|0.000|0.00|0
013859|MYEG-C59|0.160|0.000|0.000|0.000|0.00|0
013860|MYEG-C60|0.170|0.000|0.000|0.000|0.00|0
013861|MYEG-C61|0.110|0.000|0.000|0.000|0.00|0
013862|MYEG-C62|0.145|0.000|0.000|0.000|0.00|0
013863|MYEG-C63|0.130|0.000|0.000|0.000|0.00|0
0821EA|MYETFDJ|1.125|0.000|0.000|0.000|0.00|0
0824EA|MYETFID|1.140|0.000|0.000|0.000|0.00|0
03010|MYKRIS|0.300|0.000|0.000|0.000|0.00|0
5275|MYNEWS|1.380|0.000|0.000|0.000|0.00|0
0108|N2N|0.905|0.000|0.000|0.000|0.00|0
0108WB|N2N-WB|0.245|0.000|0.000|0.000|0.00|0
0206|NADIBHD|0.260|0.000|0.000|0.000|0.00|0
5073|NAIM|0.950|0.000|0.000|0.000|0.00|0
9806|NATWIDE|0.320|0.000|0.000|0.000|0.00|0
4707|NESTLE|147.300|0.000|0.000|0.000|0.00|0
4707CE|NESTLE-CE|0.045|0.000|0.000|0.000|0.00|0
0020|NETX|0.015|0.000|0.000|0.000|0.00|0
0020WB|NETX-WB|0.005|0.000|0.000|0.000|0.00|0
0096|NEXGRAM|0.020|0.000|0.000|0.000|0.00|0
0096WA|NEXGRAM-WA|0.005|0.000|0.000|0.000|0.00|0
0096WB|NEXGRAM-WB|0.005|0.000|0.000|0.000|0.00|0
0096WC|NEXGRAM-WC|0.005|0.000|0.000|0.000|0.00|0
7241|NGGB|0.475|0.000|0.000|0.000|0.00|0
7241WA|NGGB-WA|0.185|0.000|0.000|0.000|0.00|0
7060|NHFATT|2.700|0.000|0.000|0.000|0.00|0
7139|NICE|0.035|0.000|0.000|0.000|0.00|0
7139WB|NICE-WB|0.010|0.000|0.000|0.000|0.00|0
7215|NIHSIN|0.290|0.000|0.000|0.000|0.00|0
0083|NOTION|0.595|0.000|0.000|0.000|0.00|0
0083WC|NOTION-WC|0.265|0.000|0.000|0.000|0.00|0
0201|NOVA|0.490|0.000|0.000|0.000|0.00|0
0026|NOVAMSC|0.120|0.000|0.000|0.000|0.00|0
5047|NPC|2.000|0.000|0.000|0.000|0.00|0
03006|NPS|0.250|0.000|0.000|0.000|0.00|0
2038|NSOP|3.270|0.000|0.000|0.000|0.00|0
5066|NTPM|0.510|0.000|0.000|0.000|0.00|0
5025|NWP|0.065|0.000|0.000|0.000|0.00|0
4944|NYLEX|0.665|0.000|0.000|0.000|0.00|0
5533|OCB|0.390|0.000|0.000|0.000|0.00|0
0172|OCK|0.560|0.000|0.000|0.000|0.00|0
0172WA|OCK-WA|0.100|0.000|0.000|0.000|0.00|0
0049|OCNCASH|0.435|0.000|0.000|0.000|0.00|0
7071|OCR|0.240|0.000|0.000|0.000|0.00|0
7071PA|OCR-PA|0.020|0.000|0.000|0.000|0.00|0
7071WC|OCR-WC|0.025|0.000|0.000|0.000|0.00|0
7071WD|OCR-WD|0.055|0.000|0.000|0.000|0.00|0
7107|OFI|0.785|0.000|0.000|0.000|0.00|0
5827|OIB|2.050|0.000|0.000|0.000|0.00|0
7140|OKA|0.640|0.000|0.000|0.000|0.00|0
3018|OLYMPIA|0.110|0.000|0.000|0.000|0.00|0
9008|OMESTI|0.375|0.000|0.000|0.000|0.00|0
0035|OPCOM|0.645|0.000|0.000|0.000|0.00|0
0040|OPENSYS|0.340|0.000|0.000|0.000|0.00|0
4006|ORIENT|6.820|0.000|0.000|0.000|0.00|0
0079|ORION|0.170|0.000|0.000|0.000|0.00|0
0079WA|ORION-WA|0.075|0.000|0.000|0.000|0.00|0
5065|ORNA|1.010|0.000|0.000|0.000|0.00|0
5053|OSK|0.955|0.000|0.000|0.000|0.00|0
5053WC|OSK-WC|0.045|0.000|0.000|0.000|0.00|0
0053|OSKVI|0.475|0.000|0.000|0.000|0.00|0
0153|OVERSEA|0.120|0.000|0.000|0.000|0.00|0
5260|OWG|0.615|0.000|0.000|0.000|0.00|0
5260WA|OWG-WA|0.170|0.000|0.000|0.000|0.00|0
6009|P&O|1.000|0.000|0.000|0.000|0.00|0
7225|PA|0.055|0.000|0.000|0.000|0.00|0
7225WB|PA-WB|0.040|0.000|0.000|0.000|0.00|0
7052|PADINI|3.880|0.000|0.000|0.000|0.00|0
7052CV|PADINI-CV|0.005|0.000|0.000|0.000|0.00|0
7052CW|PADINI-CW|0.010|0.000|0.000|0.000|0.00|0
7052CX|PADINI-CX|0.140|0.000|0.000|0.000|0.00|0
7052CY|PADINI-CY|0.100|0.000|0.000|0.000|0.00|0
7052CZ|PADINI-CZ|0.125|0.000|0.000|0.000|0.00|0
3719|PANAMY|37.960|0.000|0.000|0.000|0.00|0
0041|PANPAGE|0.230|0.000|0.000|0.000|0.00|0
8419|PANSAR|0.845|0.000|0.000|0.000|0.00|0
8419WA|PANSAR-WA|0.315|0.000|0.000|0.000|0.00|0
5125|PANTECH|0.590|0.000|0.000|0.000|0.00|0
5125WA|PANTECH-WA|0.130|0.000|0.000|0.000|0.00|0
5125WB|PANTECH-WB|0.135|0.000|0.000|0.000|0.00|0
5022|PAOS|0.330|0.000|0.000|0.000|0.00|0
5022WA|PAOS-WA|0.050|0.000|0.000|0.000|0.00|0
9407|PARAGON|0.270|0.000|0.000|0.000|0.00|0
1724|PARAMON|2.130|0.000|0.000|0.000|0.00|0
5657|PARKSON|0.250|0.000|0.000|0.000|0.00|0
0022|PARLO|0.075|0.000|0.000|0.000|0.00|0
6912|PASDEC|0.405|0.000|0.000|0.000|0.00|0
6912WA|PASDEC-WA|0.070|0.000|0.000|0.000|0.00|0
0177|PASUKGB|0.055|0.000|0.000|0.000|0.00|0
5212|PAVREIT|1.740|0.000|0.000|0.000|0.00|0
5041|PBA|1.140|0.000|0.000|0.000|0.00|0
1295|PBBANK|24.520|0.000|0.000|0.000|0.00|0
129526|PBBANK-C26|0.050|0.000|0.000|0.000|0.00|0
129527|PBBANK-C27|0.030|0.000|0.000|0.000|0.00|0
129528|PBBANK-C28|0.105|0.000|0.000|0.000|0.00|0
129529|PBBANK-C29|0.170|0.000|0.000|0.000|0.00|0
129530|PBBANK-C30|0.125|0.000|0.000|0.000|0.00|0
129531|PBBANK-C31|0.170|0.000|0.000|0.000|0.00|0
6068|PCCS|0.300|0.000|0.000|0.000|0.00|0
6068WA|PCCS-WA|0.070|0.000|0.000|0.000|0.00|0
5183|PCHEM|9.300|0.000|0.000|0.000|0.00|0
518322|PCHEM-C22|0.030|0.000|0.000|0.000|0.00|0
518323|PCHEM-C23|0.015|0.000|0.000|0.000|0.00|0
518324|PCHEM-C24|0.010|0.000|0.000|0.000|0.00|0
518325|PCHEM-C25|0.050|0.000|0.000|0.000|0.00|0
518326|PCHEM-C26|0.115|0.000|0.000|0.000|0.00|0
518327|PCHEM-C27|0.165|0.000|0.000|0.000|0.00|0
518328|PCHEM-C28|0.145|0.000|0.000|0.000|0.00|0
518329|PCHEM-C29|0.145|0.000|0.000|0.000|0.00|0
518330|PCHEM-C30|0.185|0.000|0.000|0.000|0.00|0
6254|PDZ|0.035|0.000|0.000|0.000|0.00|0
6254WB|PDZ-WB|0.010|0.000|0.000|0.000|0.00|0
5622|PEB|0.850|0.000|0.000|0.000|0.00|0
5271|PECCA|1.060|0.000|0.000|0.000|0.00|0
5231|PELIKAN|0.345|0.000|0.000|0.000|0.00|0
5133|PENERGY|1.160|0.000|0.000|0.000|0.00|0
9997|PENSONI|0.405|0.000|0.000|0.000|0.00|0
9997WB|PENSONI-WB|0.125|0.000|0.000|0.000|0.00|0
7160|PENTA|3.480|0.000|0.000|0.000|0.00|0
7108|PERDANA|0.295|0.000|0.000|0.000|0.00|0
0047|PERISAI|0.005|0.000|0.000|0.000|0.00|0
7080|PERMAJU|0.415|0.000|0.000|0.000|0.00|0
5436|PERSTIM|4.860|0.000|0.000|0.000|0.00|0
8311|PESONA|0.215|0.000|0.000|0.000|0.00|0
8311WC|PESONA-WC|0.045|0.000|0.000|0.000|0.00|0
5219|PESTECH|1.160|0.000|0.000|0.000|0.00|0
5219CF|PESTECH-CF|0.005|0.000|0.000|0.000|0.00|0
5681|PETDAG|26.680|0.000|0.000|0.000|0.00|0
5681CW|PETDAG-CW|0.015|0.000|0.000|0.000|0.00|0
5681CX|PETDAG-CX|0.085|0.000|0.000|0.000|0.00|0
6033|PETGAS|17.880|0.000|0.000|0.000|0.00|0
6033CR|PETGAS-CR|0.020|0.000|0.000|0.000|0.00|0
6033CS|PETGAS-CS|0.025|0.000|0.000|0.000|0.00|0
3042|PETRONM|6.800|0.000|0.000|0.000|0.00|0
3042CS|PETRONM-CS|0.035|0.000|0.000|0.000|0.00|0
3611|PGLOBE|1.100|0.000|0.000|0.000|0.00|0
3611WA|PGLOBE-WA|0.110|0.000|0.000|0.000|0.00|0
7081|PHARMA|2.380|0.000|0.000|0.000|0.00|0
4464|PHB|0.020|0.000|0.000|0.000|0.00|0
7201|PICORP|0.130|0.000|0.000|0.000|0.00|0
7095|PIE|1.650|0.000|0.000|0.000|0.00|0
0006|PINEAPP|0.290|0.000|0.000|0.000|0.00|0
1902|PINEPAC|0.330|0.000|0.000|0.000|0.00|0
0527C2|PINGAN-C2|0.075|0.000|0.000|0.000|0.00|0
0527C3|PINGAN-C3|0.410|0.000|0.000|0.000|0.00|0
7163|PJBUMI|0.295|0.000|0.000|0.000|0.00|0
7163WA|PJBUMI-WA|0.080|0.000|0.000|0.000|0.00|0
0171|PLABS|0.300|0.000|0.000|0.000|0.00|0
7055|PLB|1.140|0.000|0.000|0.000|0.00|0
5075|PLENITU|1.480|0.000|0.000|0.000|0.00|0
9695|PLS|0.915|0.000|0.000|0.000|0.00|0
7172|PMBTECH|3.300|0.000|0.000|0.000|0.00|0
7172LA|PMBTECH-LA|3.180|0.000|0.000|0.000|0.00|0
7172WA|PMBTECH-WA|1.450|0.000|0.000|0.000|0.00|0
4081|PMCORP|0.140|0.000|0.000|0.000|0.00|0
8869|PMETAL|4.430|0.000|0.000|0.000|0.00|0
886915|PMETAL-C15|0.055|0.000|0.000|0.000|0.00|0
886916|PMETAL-C16|0.005|0.000|0.000|0.000|0.00|0
886917|PMETAL-C17|0.015|0.000|0.000|0.000|0.00|0
886918|PMETAL-C18|0.120|0.000|0.000|0.000|0.00|0
886919|PMETAL-C19|0.070|0.000|0.000|0.000|0.00|0
886920|PMETAL-C20|0.035|0.000|0.000|0.000|0.00|0
886921|PMETAL-C21|0.040|0.000|0.000|0.000|0.00|0
886922|PMETAL-C22|0.035|0.000|0.000|0.000|0.00|0
886923|PMETAL-C23|0.180|0.000|0.000|0.000|0.00|0
886924|PMETAL-C24|0.070|0.000|0.000|0.000|0.00|0
886925|PMETAL-C25|0.160|0.000|0.000|0.000|0.00|0
8869WC|PMETAL-WC|4.000|0.000|0.000|0.000|0.00|0
1287|PMHLDG|0.050|0.000|0.000|0.000|0.00|0
6637|PNEPCB|0.520|0.000|0.000|0.000|0.00|0
5080|POHKONG|0.480|0.000|0.000|0.000|0.00|0
7088|POHUAT|1.620|0.000|0.000|0.000|0.00|0
7088WB|POHUAT-WB|0.615|0.000|0.000|0.000|0.00|0
8117|POLY|0.435|0.000|0.000|0.000|0.00|0
03007|POLYMER|0.170|0.000|0.000|0.000|0.00|0
4634|POS|1.900|0.000|0.000|0.000|0.00|0
463421|POS-C21|0.005|0.000|0.000|0.000|0.00|0
463422|POS-C22|0.005|0.000|0.000|0.000|0.00|0
463423|POS-C23|0.005|0.000|0.000|0.000|0.00|0
463424|POS-C24|0.005|0.000|0.000|0.000|0.00|0
463425|POS-C25|0.005|0.000|0.000|0.000|0.00|0
463426|POS-C26|0.005|0.000|0.000|0.000|0.00|0
463427|POS-C27|0.010|0.000|0.000|0.000|0.00|0
463428|POS-C28|0.005|0.000|0.000|0.000|0.00|0
463429|POS-C29|0.040|0.000|0.000|0.000|0.00|0
463430|POS-C30|0.055|0.000|0.000|0.000|0.00|0
463431|POS-C31|0.085|0.000|0.000|0.000|0.00|0
463432|POS-C32|0.045|0.000|0.000|0.000|0.00|0
463433|POS-C33|0.135|0.000|0.000|0.000|0.00|0
4065|PPB|18.400|0.000|0.000|0.000|0.00|0
4065CJ|PPB-CJ|0.115|0.000|0.000|0.000|0.00|0
7190|PPG|0.420|0.000|0.000|0.000|0.00|0
8273|PPHB|0.565|0.000|0.000|0.000|0.00|0
5204|PRESBHD|0.440|0.000|0.000|0.000|0.00|0
9873|PRESTAR|0.570|0.000|0.000|0.000|0.00|0
7168|PRG|0.745|0.000|0.000|0.000|0.00|0
7168WA|PRG-WA|0.365|0.000|0.000|0.000|0.00|0
0123|PRIVA|0.065|0.000|0.000|0.000|0.00|0
8346|PRKCORP|0.420|0.000|0.000|0.000|0.00|0
8966|PRLEXUS|0.625|0.000|0.000|0.000|0.00|0
8966WA|PRLEXUS-WA|0.110|0.000|0.000|0.000|0.00|0
5070|PRTASCO|0.260|0.000|0.000|0.000|0.00|0
5070WA|PRTASCO-WA|0.055|0.000|0.000|0.000|0.00|0
7145|PSIPTEK|0.125|0.000|0.000|0.000|0.00|0
7145WA|PSIPTEK-WA|0.030|0.000|0.000|0.000|0.00|0
9598|PTARAS|2.260|0.000|0.000|0.000|0.00|0
0038|PTB|0.140|0.000|0.000|0.000|0.00|0
0186|PTRANS|0.240|0.000|0.000|0.000|0.00|0
0186WA|PTRANS-WA|0.060|0.000|0.000|0.000|0.00|0
0007|PUC|0.095|0.000|0.000|0.000|0.00|0
0007WA|PUC-WA|0.065|0.000|0.000|0.000|0.00|0
6807|PUNCAK|0.370|0.000|0.000|0.000|0.00|0
7134|PWF|0.870|0.000|0.000|0.000|0.00|0
7134WA|PWF-WA|0.390|0.000|0.000|0.000|0.00|0
7123|PWORTH|0.040|0.000|0.000|0.000|0.00|0
7237|PWROOT|1.410|0.000|0.000|0.000|0.00|0
7237WA|PWROOT-WA|0.285|0.000|0.000|0.000|0.00|0
0196|QES|0.235|0.000|0.000|0.000|0.00|0
7084|QL|6.810|0.000|0.000|0.000|0.00|0
7084CL|QL-CL|0.060|0.000|0.000|0.000|0.00|0
7084CM|QL-CM|0.060|0.000|0.000|0.000|0.00|0
7084CN|QL-CN|0.085|0.000|0.000|0.000|0.00|0
7544|QUALITY|0.815|0.000|0.000|0.000|0.00|0
7498|RALCO|0.220|0.000|0.000|0.000|0.00|0
7498WB|RALCO-WB|0.010|0.000|0.000|0.000|0.00|0
5272|RANHILL|1.320|0.000|0.000|0.000|0.00|0
7765|RAPID|5.750|0.000|0.000|0.000|0.00|0
9296|RCECAP|1.660|0.000|0.000|0.000|0.00|0
5256|REACH|0.300|0.000|0.000|0.000|0.00|0
5256WA|REACH-WA|0.060|0.000|0.000|0.000|0.00|0
03002|REDIDEA|0.280|0.000|0.000|0.000|0.00|0
0032|REDTONE|0.215|0.000|0.000|0.000|0.00|0
0032LA|REDTONE-LA|0.130|0.000|0.000|0.000|0.00|0
7232|RESINTC|0.340|0.000|0.000|0.000|0.00|0
0173|REV|0.200|0.000|0.000|0.000|0.00|0
0200|REVENUE|1.210|0.000|0.000|0.000|0.00|0
0200WA|REVENUE-WA|0.425|0.000|0.000|0.000|0.00|0
9946|REX|0.420|0.000|0.000|0.000|0.00|0
0106|REXIT|0.600|0.000|0.000|0.000|0.00|0
0037|RGB|0.215|0.000|0.000|0.000|0.00|0
9954|RGTBHD|0.185|0.000|0.000|0.000|0.00|0
9954WB|RGTBHD-WB|0.120|0.000|0.000|0.000|0.00|0
0202|RGTECH|0.240|0.000|0.000|0.000|0.00|0
1066|RHBBANK|5.540|0.000|0.000|0.000|0.00|0
106610|RHBBANKC10|0.090|0.000|0.000|0.000|0.00|0
106611|RHBBANKC11|0.050|0.000|0.000|0.000|0.00|0
106612|RHBBANKC12|0.085|0.000|0.000|0.000|0.00|0
106613|RHBBANKC13|0.070|0.000|0.000|0.000|0.00|0
5278|RHONEMA|0.750|0.000|0.000|0.000|0.00|0
9741|ROHAS|0.565|0.000|0.000|0.000|0.00|0
5113|RSAWIT|0.195|0.000|0.000|0.000|0.00|0
5270|RSENA|0.505|0.000|0.000|0.000|0.00|0
7803|RUBEREX|0.440|0.000|0.000|0.000|0.00|0
2542|RVIEW|3.020|0.000|0.000|0.000|0.00|0
5134|SAB|3.750|0.000|0.000|0.000|0.00|0
8567|SALCON|0.250|0.000|0.000|0.000|0.00|0
8567WB|SALCON-WB|0.075|0.000|0.000|0.000|0.00|0
0183|SALUTE|0.385|0.000|0.000|0.000|0.00|0
9822|SAM|8.140|0.000|0.000|0.000|0.00|0
5147|SAMCHEM|0.615|0.000|0.000|0.000|0.00|0
9113|SANBUMI|0.330|0.000|0.000|0.000|0.00|0
0541C9|SANDS-C9|0.115|0.000|0.000|0.000|0.00|0
0133|SANICHI|0.055|0.000|0.000|0.000|0.00|0
0133WC|SANICHI-WC|0.005|0.000|0.000|0.000|0.00|0
0133WD|SANICHI-WD|0.005|0.000|0.000|0.000|0.00|0
0133WE|SANICHI-WE|0.020|0.000|0.000|0.000|0.00|0
7811|SAPIND|0.750|0.000|0.000|0.000|0.00|0
5218|SAPNRG|0.320|0.000|0.000|0.000|0.00|0
5218PA|SAPNRG-PA|0.385|0.000|0.000|0.000|0.00|0
5218WA|SAPNRG-WA|0.105|0.000|0.000|0.000|0.00|0
521868|SAPNRGC68|0.005|0.000|0.000|0.000|0.00|0
521869|SAPNRGC69|0.010|0.000|0.000|0.000|0.00|0
521870|SAPNRGC70|0.055|0.000|0.000|0.000|0.00|0
521871|SAPNRGC71|0.005|0.000|0.000|0.000|0.00|0
521872|SAPNRGC72|0.005|0.000|0.000|0.000|0.00|0
521873|SAPNRGC73|0.030|0.000|0.000|0.000|0.00|0
521874|SAPNRGC74|0.035|0.000|0.000|0.000|0.00|0
521875|SAPNRGC75|0.080|0.000|0.000|0.000|0.00|0
4596|SAPRES|0.650|0.000|0.000|0.000|0.00|0
5252|SASBADI|0.225|0.000|0.000|0.000|0.00|0
5157|SAUDEE|0.305|0.000|0.000|0.000|0.00|0
5157WA|SAUDEE-WA|0.110|0.000|0.000|0.000|0.00|0
2569|SBAGAN|3.000|0.000|0.000|0.000|0.00|0
5207|SBCCORP|0.505|0.000|0.000|0.000|0.00|0
5170|SCABLE|0.370|0.000|0.000|0.000|0.00|0
0109|SCBUILD|0.025|0.000|0.000|0.000|0.00|0
0109WB|SCBUILD-WB|0.005|0.000|0.000|0.000|0.00|0
0158|SCC|0.505|0.000|0.000|0.000|0.00|0
7247|SCGM|1.190|0.000|0.000|0.000|0.00|0
7247WA|SCGM-WA|0.120|0.000|0.000|0.000|0.00|0
0161|SCH|0.135|0.000|0.000|0.000|0.00|0
0161WA|SCH-WA|0.040|0.000|0.000|0.000|0.00|0
9237|SCIB|0.470|0.000|0.000|0.000|0.00|0
0099|SCICOM|1.210|0.000|0.000|0.000|0.00|0
4731|SCIENTX|8.400|0.000|0.000|0.000|0.00|0
4731CF|SCIENTX-CF|0.055|0.000|0.000|0.000|0.00|0
7239|SCNWOLF|0.170|0.000|0.000|0.000|0.00|0
7158|SCOMI|0.045|0.000|0.000|0.000|0.00|0
7158WB|SCOMI-WB|0.010|0.000|0.000|0.000|0.00|0
7045|SCOMIES|0.055|0.000|0.000|0.000|0.00|0
0001|SCOMNET|0.840|0.000|0.000|0.000|0.00|0
0028|SCOPE|0.180|0.000|0.000|0.000|0.00|0
0028WA|SCOPE-WA|0.050|0.000|0.000|0.000|0.00|0
2224|SDRED|0.660|0.000|0.000|0.000|0.00|0
7073|SEACERA|0.380|0.000|0.000|0.000|0.00|0
7073WB|SEACERA-WB|0.005|0.000|0.000|0.000|0.00|0
7073WC|SEACERA-WC|0.055|0.000|0.000|0.000|0.00|0
4286|SEAL|0.340|0.000|0.000|0.000|0.00|0
5145|SEALINK|0.135|0.000|0.000|0.000|0.00|0
5163|SEB|0.370|0.000|0.000|0.000|0.00|0
0178|SEDANIA|0.120|0.000|0.000|0.000|0.00|0
7053|SEEHUP|0.920|0.000|0.000|0.000|0.00|0
03009|SEERS|0.100|0.000|0.000|0.000|0.00|0
9792|SEG|0.630|0.000|0.000|0.000|0.00|0
5250|SEM|1.470|0.000|0.000|0.000|0.00|0
5205|SENDAI|0.620|0.000|0.000|0.000|0.00|0
5279|SERBADK|3.890|0.000|0.000|0.000|0.00|0
5279CN|SERBADK-CN|0.030|0.000|0.000|0.000|0.00|0
5279CO|SERBADK-CO|0.020|0.000|0.000|0.000|0.00|0
5279CP|SERBADK-CP|0.090|0.000|0.000|0.000|0.00|0
5279CQ|SERBADK-CQ|0.165|0.000|0.000|0.000|0.00|0
5279CR|SERBADK-CR|0.160|0.000|0.000|0.000|0.00|0
5279CS|SERBADK-CS|0.105|0.000|0.000|0.000|0.00|0
7180|SERNKOU|0.530|0.000|0.000|0.000|0.00|0
7180WA|SERNKOU-WA|0.250|0.000|0.000|0.000|0.00|0
0055|SERSOL|0.105|0.000|0.000|0.000|0.00|0
0055WA|SERSOL-WA|0.045|0.000|0.000|0.000|0.00|0
7165|SGB|0.765|0.000|0.000|0.000|0.00|0
7165PA|SGB-PA|0.210|0.000|0.000|0.000|0.00|0
7165WA|SGB-WA|0.170|0.000|0.000|0.000|0.00|0
5517|SHANG|5.600|0.000|0.000|0.000|0.00|0
4316|SHCHAN|0.440|0.000|0.000|0.000|0.00|0
7412|SHH|0.500|0.000|0.000|0.000|0.00|0
6017|SHL|2.360|0.000|0.000|0.000|0.00|0
5181|SIGGAS|0.860|0.000|0.000|0.000|0.00|0
7246|SIGN|0.390|0.000|0.000|0.000|0.00|0
7246WA|SIGN-WA|0.065|0.000|0.000|0.000|0.00|0
4197|SIME|2.170|0.000|0.000|0.000|0.00|0
419725|SIME-C25|0.030|0.000|0.000|0.000|0.00|0
419727|SIME-C27|0.005|0.000|0.000|0.000|0.00|0
419728|SIME-C28|0.015|0.000|0.000|0.000|0.00|0
419729|SIME-C29|0.040|0.000|0.000|0.000|0.00|0
419730|SIME-C30|0.040|0.000|0.000|0.000|0.00|0
419731|SIME-C31|0.040|0.000|0.000|0.000|0.00|0
419732|SIME-C32|0.090|0.000|0.000|0.000|0.00|0
5285|SIMEPLT|5.130|0.000|0.000|0.000|0.00|0
5285CH|SIMEPLT-CH|0.030|0.000|0.000|0.000|0.00|0
5285CI|SIMEPLT-CI|0.040|0.000|0.000|0.000|0.00|0
5285CJ|SIMEPLT-CJ|0.100|0.000|0.000|0.000|0.00|0
5288|SIMEPROP|1.080|0.000|0.000|0.000|0.00|0
5288CG|SIMEPROP-CG|0.020|0.000|0.000|0.000|0.00|0
5288CH|SIMEPROP-CH|0.050|0.000|0.000|0.000|0.00|0
5288CI|SIMEPROP-CI|0.005|0.000|0.000|0.000|0.00|0
5288CJ|SIMEPROP-CJ|0.020|0.000|0.000|0.000|0.00|0
5288CK|SIMEPROP-CK|0.075|0.000|0.000|0.000|0.00|0
5288CL|SIMEPROP-CL|0.055|0.000|0.000|0.000|0.00|0
8532|SINOTOP|0.290|0.000|0.000|0.000|0.00|0
9431|SJC|0.610|0.000|0.000|0.000|0.00|0
7115|SKBSHUT|0.550|0.000|0.000|0.000|0.00|0
7155|SKPRES|1.280|0.000|0.000|0.000|0.00|0
7155CN|SKPRES-CN|0.040|0.000|0.000|0.000|0.00|0
7155CO|SKPRES-CO|0.050|0.000|0.000|0.000|0.00|0
7155CP|SKPRES-CP|0.055|0.000|0.000|0.000|0.00|0
03008|SLIC|0.420|0.000|0.000|0.000|0.00|0
7248|SLP|1.280|0.000|0.000|0.000|0.00|0
9776|SMCAP|0.160|0.000|0.000|0.000|0.00|0
9776WC|SMCAP-WC|0.080|0.000|0.000|0.000|0.00|0
0203|SMETRIC|0.500|0.000|0.000|0.000|0.00|0
4375|SMI|0.165|0.000|0.000|0.000|0.00|0
7132|SMISCOR|0.460|0.000|0.000|0.000|0.00|0
0117|SMRT|0.120|0.000|0.000|0.000|0.00|0
0169|SMTRACK|0.085|0.000|0.000|0.000|0.00|0
7943|SNC|0.235|0.000|0.000|0.000|0.00|0
5213|SNTORIA|0.410|0.000|0.000|0.000|0.00|0
5213WA|SNTORIA-WA|0.005|0.000|0.000|0.000|0.00|0
5213WB|SNTORIA-WB|0.055|0.000|0.000|0.000|0.00|0
5242|SOLID|0.305|0.000|0.000|0.000|0.00|0
5242WA|SOLID-WA|0.075|0.000|0.000|0.000|0.00|0
0093|SOLUTN|0.095|0.000|0.000|0.000|0.00|0
0093WA|SOLUTN-WA|0.035|0.000|0.000|0.000|0.00|0
5126|SOP|2.780|0.000|0.000|0.000|0.00|0
0656CF|SP500-CF|0.090|0.000|0.000|0.000|0.00|0
0656CG|SP500-CG|0.815|0.000|0.000|0.000|0.00|0
0656CH|SP500-CH|1.440|0.000|0.000|0.000|0.00|0
0656HF|SP500-HF|0.005|0.000|0.000|0.000|0.00|0
0656HG|SP500-HG|0.245|0.000|0.000|0.000|0.00|0
0656HH|SP500-HH|0.350|0.000|0.000|0.000|0.00|0
1783|SPB|6.230|0.000|0.000|0.000|0.00|0
7103|SPRITZER|2.190|0.000|0.000|0.000|0.00|0
8664|SPSETIA|2.190|0.000|0.000|0.000|0.00|0
866410|SPSETIA-C10|0.010|0.000|0.000|0.000|0.00|0
866411|SPSETIA-C11|0.070|0.000|0.000|0.000|0.00|0
866412|SPSETIA-C12|0.105|0.000|0.000|0.000|0.00|0
866413|SPSETIA-C13|0.080|0.000|0.000|0.000|0.00|0
866414|SPSETIA-C14|0.115|0.000|0.000|0.000|0.00|0
866415|SPSETIA-C15|0.150|0.000|0.000|0.000|0.00|0
8664C9|SPSETIA-C9|0.005|0.000|0.000|0.000|0.00|0
8664PA|SPSETIA-PA|0.910|0.000|0.000|0.000|0.00|0
8664PB|SPSETIA-PB|0.775|0.000|0.000|0.000|0.00|0
0129|SRIDGE|0.230|0.000|0.000|0.000|0.00|0
0129WA|SRIDGE-WA|0.075|0.000|0.000|0.000|0.00|0
5665|SSTEEL|0.795|0.000|0.000|0.000|0.00|0
5665LB|SSTEEL-LB|0.760|0.000|0.000|0.000|0.00|0
6084|STAR|0.785|0.000|0.000|0.000|0.00|0
0140|STERPRO|0.175|0.000|0.000|0.000|0.00|0
0140WA|STERPRO-WA|0.040|0.000|0.000|0.000|0.00|0
7143|STONE|0.115|0.000|0.000|0.000|0.00|0
7143WA|STONE-WA|0.010|0.000|0.000|0.000|0.00|0
0080|STRAITS|0.250|0.000|0.000|0.000|0.00|0
0080WA|STRAITS-WA|0.130|0.000|0.000|0.000|0.00|0
6904|SUBUR|0.500|0.000|0.000|0.000|0.00|0
7207|SUCCESS|0.720|0.000|0.000|0.000|0.00|0
9865|SUIWAH|2.670|0.000|0.000|0.000|0.00|0
1201|SUMATEC|0.010|0.000|0.000|0.000|0.00|0
1201WA|SUMATEC-WA|0.005|0.000|0.000|0.000|0.00|0
5263|SUNCON|1.780|0.000|0.000|0.000|0.00|0
5263CT|SUNCON-CT|0.005|0.000|0.000|0.000|0.00|0
5263CU|SUNCON-CU|0.055|0.000|0.000|0.000|0.00|0
5263CV|SUNCON-CV|0.030|0.000|0.000|0.000|0.00|0
5176|SUNREIT|1.760|0.000|0.000|0.000|0.00|0
3743|SUNSURIA|0.640|0.000|0.000|0.000|0.00|0
3743WA|SUNSURIA-WA|0.055|0.000|0.000|0.000|0.00|0
5211|SUNWAY|1.640|0.000|0.000|0.000|0.00|0
5211CR|SUNWAY-CR|0.035|0.000|0.000|0.000|0.00|0
5211CS|SUNWAY-CS|0.035|0.000|0.000|0.000|0.00|0
5211WB|SUNWAY-WB|0.285|0.000|0.000|0.000|0.00|0
0148|SUNZEN|0.170|0.000|0.000|0.000|0.00|0
0148WA|SUNZEN-WA|0.070|0.000|0.000|0.000|0.00|0
0148WB|SUNZEN-WB|0.040|0.000|0.000|0.000|0.00|0
7235|SUPERLN|1.400|0.000|0.000|0.000|0.00|0
7106|SUPERMX|1.520|0.000|0.000|0.000|0.00|0
710648|SUPERMX-C48|0.005|0.000|0.000|0.000|0.00|0
710650|SUPERMX-C50|0.005|0.000|0.000|0.000|0.00|0
710651|SUPERMX-C51|0.005|0.000|0.000|0.000|0.00|0
710652|SUPERMX-C52|0.020|0.000|0.000|0.000|0.00|0
710653|SUPERMX-C53|0.005|0.000|0.000|0.000|0.00|0
710654|SUPERMX-C54|0.095|0.000|0.000|0.000|0.00|0
710655|SUPERMX-C55|0.045|0.000|0.000|0.000|0.00|0
710656|SUPERMX-C56|0.105|0.000|0.000|0.000|0.00|0
710657|SUPERMX-C57|0.095|0.000|0.000|0.000|0.00|0
710658|SUPERMX-C58|0.065|0.000|0.000|0.000|0.00|0
710659|SUPERMX-C59|0.090|0.000|0.000|0.000|0.00|0
710660|SUPERMX-C60|0.040|0.000|0.000|0.000|0.00|0
710661|SUPERMX-C61|0.045|0.000|0.000|0.000|0.00|0
710662|SUPERMX-C62|0.070|0.000|0.000|0.000|0.00|0
710663|SUPERMX-C63|0.070|0.000|0.000|0.000|0.00|0
710664|SUPERMX-C64|0.090|0.000|0.000|0.000|0.00|0
710665|SUPERMX-C65|0.105|0.000|0.000|0.000|0.00|0
03018|SUPREME|0.680|0.000|0.000|0.000|0.00|0
6521|SURIA|1.380|0.000|0.000|0.000|0.00|0
5135|SWKPLNT|1.540|0.000|0.000|0.000|0.00|0
7186|SWSCAP|0.665|0.000|0.000|0.000|0.00|0
7186WB|SWSCAP-WB|0.070|0.000|0.000|0.000|0.00|0
9717|SYCAL|0.225|0.000|0.000|0.000|0.00|0
7082|SYF|0.220|0.000|0.000|0.000|0.00|0
7082WB|SYF-WB|0.015|0.000|0.000|0.000|0.00|0
1538|SYMLIFE|0.410|0.000|0.000|0.000|0.00|0
1538WB|SYMLIFE-WB|0.035|0.000|0.000|0.000|0.00|0
5173|SYSCORP|0.315|0.000|0.000|0.000|0.00|0
0050|SYSTECH|0.230|0.000|0.000|0.000|0.00|0
7228|T7GLOBAL|0.550|0.000|0.000|0.000|0.00|0
4898|TA|0.630|0.000|0.000|0.000|0.00|0
5012|TAANN|2.530|0.000|0.000|0.000|0.00|0
5012CM|TAANN-CM|0.080|0.000|0.000|0.000|0.00|0
4022|TADMAX|0.235|0.000|0.000|0.000|0.00|0
7211|TAFI|0.300|0.000|0.000|0.000|0.00|0
5158|TAGB|0.255|0.000|0.000|0.000|0.00|0
6139|TAKAFUL|4.510|0.000|0.000|0.000|0.00|0
6139CC|TAKAFUL-CC|0.070|0.000|0.000|0.000|0.00|0
2259|TALAMT|0.040|0.000|0.000|0.000|0.00|0
8524|TALIWRK|0.860|0.000|0.000|0.000|0.00|0
5191|TAMBUN|0.760|0.000|0.000|0.000|0.00|0
2429|TANCO|0.055|0.000|0.000|0.000|0.00|0
2429WB|TANCO-WB|0.025|0.000|0.000|0.000|0.00|0
5149|TAS|0.275|0.000|0.000|0.000|0.00|0
5140|TASCO|1.420|0.000|0.000|0.000|0.00|0
4448|TASEK|4.700|0.000|0.000|0.000|0.00|0
4448P|TASEK-PA|10.100|0.000|0.000|0.000|0.00|0
7097|TAWIN|0.475|0.000|0.000|0.000|0.00|0
4405|TCHONG|1.650|0.000|0.000|0.000|0.00|0
0132|TDEX|0.075|0.000|0.000|0.000|0.00|0
2054|TDM|0.185|0.000|0.000|0.000|0.00|0
0084|TECFAST|0.335|0.000|0.000|0.000|0.00|0
7439|TECGUAN|1.200|0.000|0.000|0.000|0.00|0
5289|TECHBND|0.765|0.000|0.000|0.000|0.00|0
7200|TEKSENG|0.260|0.000|0.000|0.000|0.00|0
7200WA|TEKSENG-WA|0.060|0.000|0.000|0.000|0.00|0
5347|TENAGA|12.800|0.000|0.000|0.000|0.00|0
534747|TENAGA-C47|0.050|0.000|0.000|0.000|0.00|0
534749|TENAGA-C49|0.005|0.000|0.000|0.000|0.00|0
534750|TENAGA-C50|0.050|0.000|0.000|0.000|0.00|0
534751|TENAGA-C51|0.040|0.000|0.000|0.000|0.00|0
534752|TENAGA-C52|0.040|0.000|0.000|0.000|0.00|0
534753|TENAGA-C53|0.060|0.000|0.000|0.000|0.00|0
534754|TENAGA-C54|0.120|0.000|0.000|0.000|0.00|0
0546C7|TENCENT-C7|0.195|0.000|0.000|0.000|0.00|0
7252|TEOSENG|1.250|0.000|0.000|0.000|0.00|0
7252WA|TEOSENG-WA|0.295|0.000|0.000|0.000|0.00|0
8702|TEXCHEM|0.625|0.000|0.000|0.000|0.00|0
0089|TEXCYCL|0.555|0.000|0.000|0.000|0.00|0
0145|TFP|0.095|0.000|0.000|0.000|0.00|0
9369|TGL|0.950|0.000|0.000|0.000|0.00|0
7034|TGUAN|2.640|0.000|0.000|0.000|0.00|0
7034LA|TGUAN-LA|2.550|0.000|0.000|0.000|0.00|0
7034WA|TGUAN-WA|1.100|0.000|0.000|0.000|0.00|0
9075|THETA|0.440|0.000|0.000|0.000|0.00|0
7206|THHEAVY|0.060|0.000|0.000|0.000|0.00|0
7206PB|THHEAVY-PB|0.015|0.000|0.000|0.000|0.00|0
5112|THPLANT|0.520|0.000|0.000|0.000|0.00|0
7889|THRIVEN|0.215|0.000|0.000|0.000|0.00|0
7889WB|THRIVEN-WB|0.060|0.000|0.000|0.000|0.00|0
7374|TIENWAH|1.330|0.000|0.000|0.000|0.00|0
7079|TIGER|0.080|0.000|0.000|0.000|0.00|0
7079WC|TIGER-WC|0.020|0.000|0.000|0.000|0.00|0
5031|TIMECOM|8.500|0.000|0.000|0.000|0.00|0
7854|TIMWELL|0.640|0.000|0.000|0.000|0.00|0
5239|TITIJYA|0.320|0.000|0.000|0.000|0.00|0
5239PA|TITIJYA-PA|0.040|0.000|0.000|0.000|0.00|0
4863|TM|3.240|0.000|0.000|0.000|0.00|0
486327|TM-C27|0.005|0.000|0.000|0.000|0.00|0
486328|TM-C28|0.010|0.000|0.000|0.000|0.00|0
486329|TM-C29|0.005|0.000|0.000|0.000|0.00|0
486330|TM-C30|0.045|0.000|0.000|0.000|0.00|0
486331|TM-C31|0.050|0.000|0.000|0.000|0.00|0
486332|TM-C32|0.015|0.000|0.000|0.000|0.00|0
486333|TM-C33|0.065|0.000|0.000|0.000|0.00|0
486334|TM-C34|0.105|0.000|0.000|0.000|0.00|0
486335|TM-C35|0.130|0.000|0.000|0.000|0.00|0
486336|TM-C36|0.205|0.000|0.000|0.000|0.00|0
486337|TM-C37|0.380|0.000|0.000|0.000|0.00|0
486338|TM-C38|0.170|0.000|0.000|0.000|0.00|0
486339|TM-C39|0.250|0.000|0.000|0.000|0.00|0
486340|TM-C40|0.150|0.000|0.000|0.000|0.00|0
0101|TMCLIFE|0.750|0.000|0.000|0.000|0.00|0
0101WB|TMCLIFE-WB|0.030|0.000|0.000|0.000|0.00|0
8397|TNLOGIS|0.620|0.000|0.000|0.000|0.00|0
7218|TOCEAN|0.755|0.000|0.000|0.000|0.00|0
7230|TOMEI|0.535|0.000|0.000|0.000|0.00|0
7285|TOMYPAK|0.505|0.000|0.000|0.000|0.00|0
7285WA|TOMYPAK-WA|0.185|0.000|0.000|0.000|0.00|0
5010|TONGHER|3.680|0.000|0.000|0.000|0.00|0
7113|TOPGLOV|4.580|0.000|0.000|0.000|0.00|0
711333|TOPGLOV-C33|0.005|0.000|0.000|0.000|0.00|0
711340|TOPGLOV-C40|0.010|0.000|0.000|0.000|0.00|0
711341|TOPGLOV-C41|0.010|0.000|0.000|0.000|0.00|0
711342|TOPGLOV-C42|0.030|0.000|0.000|0.000|0.00|0
711343|TOPGLOV-C43|0.040|0.000|0.000|0.000|0.00|0
711344|TOPGLOV-C44|0.040|0.000|0.000|0.000|0.00|0
711345|TOPGLOV-C45|0.100|0.000|0.000|0.000|0.00|0
711346|TOPGLOV-C46|0.090|0.000|0.000|0.000|0.00|0
711347|TOPGLOV-C47|0.115|0.000|0.000|0.000|0.00|0
711348|TOPGLOV-C48|0.080|0.000|0.000|0.000|0.00|0
711349|TOPGLOV-C49|0.150|0.000|0.000|0.000|0.00|0
711350|TOPGLOV-C50|0.110|0.000|0.000|0.000|0.00|0
03013|TOPVISN|0.380|0.000|0.000|0.000|0.00|0
7173|TOYOINK|0.630|0.000|0.000|0.000|0.00|0
7173WB|TOYOINK-WB|0.100|0.000|0.000|0.000|0.00|0
7176|TPC|0.430|0.000|0.000|0.000|0.00|0
7176WA|TPC-WA|0.210|0.000|0.000|0.000|0.00|0
5054|TRC|0.530|0.000|0.000|0.000|0.00|0
0199|TRIMODE|0.450|0.000|0.000|0.000|0.00|0
0118|TRIVE|0.020|0.000|0.000|0.000|0.00|0
0118WB|TRIVE-WB|0.005|0.000|0.000|0.000|0.00|0
5401|TROP|0.870|0.000|0.000|0.000|0.00|0
5401WA|TROP-WA|0.025|0.000|0.000|0.000|0.00|0
9059|TSH|1.120|0.000|0.000|0.000|0.00|0
5042|TSRCAP|0.410|0.000|0.000|0.000|0.00|0
5042WB|TSRCAP-WB|0.035|0.000|0.000|0.000|0.00|0
5230|TUNEPRO|0.655|0.000|0.000|0.000|0.00|0
5167|TURBO|0.730|0.000|0.000|0.000|0.00|0
4359|TURIYA|0.125|0.000|0.000|0.000|0.00|0
5111|TWRREIT|0.900|0.000|0.000|0.000|0.00|0
7100|UCHITEC|2.720|0.000|0.000|0.000|0.00|0
7100CD|UCHITEC-CD|0.005|0.000|0.000|0.000|0.00|0
7100CE|UCHITEC-CE|0.025|0.000|0.000|0.000|0.00|0
0005|UCREST|0.255|0.000|0.000|0.000|0.00|0
5148|UEMS|0.850|0.000|0.000|0.000|0.00|0
514864|UEMS-C64|0.040|0.000|0.000|0.000|0.00|0
514865|UEMS-C65|0.085|0.000|0.000|0.000|0.00|0
514866|UEMS-C66|0.070|0.000|0.000|0.000|0.00|0
7133|ULICORP|0.440|0.000|0.000|0.000|0.00|0
2593|UMCCA|5.510|0.000|0.000|0.000|0.00|0
7137|UMS|2.460|0.000|0.000|0.000|0.00|0
7227|UMSNGB|1.040|0.000|0.000|0.000|0.00|0
4588|UMW|5.730|0.000|0.000|0.000|0.00|0
458810|UMW-C10|0.005|0.000|0.000|0.000|0.00|0
458811|UMW-C11|0.035|0.000|0.000|0.000|0.00|0
458812|UMW-C12|0.220|0.000|0.000|0.000|0.00|0
458813|UMW-C13|0.205|0.000|0.000|0.000|0.00|0
458814|UMW-C14|0.195|0.000|0.000|0.000|0.00|0
458815|UMW-C15|0.205|0.000|0.000|0.000|0.00|0
458816|UMW-C16|0.115|0.000|0.000|0.000|0.00|0
458817|UMW-C17|0.115|0.000|0.000|0.000|0.00|0
4588C9|UMW-C9|0.025|0.000|0.000|0.000|0.00|0
7091|UNIMECH|1.040|0.000|0.000|0.000|0.00|0
5005|UNISEM|2.800|0.000|0.000|0.000|0.00|0
500511|UNISEM-C11|0.220|0.000|0.000|0.000|0.00|0
500512|UNISEM-C12|0.060|0.000|0.000|0.000|0.00|0
500513|UNISEM-C13|0.065|0.000|0.000|0.000|0.00|0
500514|UNISEM-C14|0.045|0.000|0.000|0.000|0.00|0
500515|UNISEM-C15|0.060|0.000|0.000|0.000|0.00|0
03017|UNIWALL|0.300|0.000|0.000|0.000|0.00|0
5200|UOADEV|2.220|0.000|0.000|0.000|0.00|0
5110|UOAREIT|1.360|0.000|0.000|0.000|0.00|0
7757|UPA|2.170|0.000|0.000|0.000|0.00|0
2089|UTDPLT|27.400|0.000|0.000|0.000|0.00|0
5754|UTUSAN|0.145|0.000|0.000|0.000|0.00|0
7250|UZMA|1.020|0.000|0.000|0.000|0.00|0
0060|VC|0.130|0.000|0.000|0.000|0.00|0
5243|VELESTO|0.270|0.000|0.000|0.000|0.00|0
524324|VELESTO-C24|0.215|0.000|0.000|0.000|0.00|0
524325|VELESTO-C25|0.020|0.000|0.000|0.000|0.00|0
524326|VELESTO-C26|0.085|0.000|0.000|0.000|0.00|0
524327|VELESTO-C27|0.090|0.000|0.000|0.000|0.00|0
5243WA|VELESTO-WA|0.100|0.000|0.000|0.000|0.00|0
4995|VERSATL|0.420|0.000|0.000|0.000|0.00|0
7240|VERTICE|0.900|0.000|0.000|0.000|0.00|0
7240WA|VERTICE-WA|0.510|0.000|0.000|0.000|0.00|0
0120|VIS|0.535|0.000|0.000|0.000|0.00|0
0120WB|VIS-WB|0.195|0.000|0.000|0.000|0.00|0
0097|VITROX|7.240|0.000|0.000|0.000|0.00|0
0097CL|VITROX-CL|0.045|0.000|0.000|0.000|0.00|0
0097CM|VITROX-CM|0.065|0.000|0.000|0.000|0.00|0
0069|VIVOCOM|0.020|0.000|0.000|0.000|0.00|0
0069WC|VIVOCOM-WC|0.005|0.000|0.000|0.000|0.00|0
0069WD|VIVOCOM-WD|0.005|0.000|0.000|0.000|0.00|0
0069WE|VIVOCOM-WE|0.010|0.000|0.000|0.000|0.00|0
7070|VIZIONE|0.980|0.000|0.000|0.000|0.00|0
7070LA|VIZIONE-LA|0.070|0.000|0.000|0.000|0.00|0
7070WC|VIZIONE-WC|0.400|0.000|0.000|0.000|0.00|0
6963|VS|1.030|0.000|0.000|0.000|0.00|0
696310|VS-C10|0.110|0.000|0.000|0.000|0.00|0
696311|VS-C11|0.205|0.000|0.000|0.000|0.00|0
696312|VS-C12|0.090|0.000|0.000|0.000|0.00|0
696313|VS-C13|0.115|0.000|0.000|0.000|0.00|0
6963C5|VS-C5|0.010|0.000|0.000|0.000|0.00|0
6963C6|VS-C6|0.005|0.000|0.000|0.000|0.00|0
6963C7|VS-C7|0.005|0.000|0.000|0.000|0.00|0
6963C8|VS-C8|0.185|0.000|0.000|0.000|0.00|0
6963C9|VS-C9|0.150|0.000|0.000|0.000|0.00|0
0066|VSOLAR|0.195|0.000|0.000|0.000|0.00|0
5162|VSTECS|0.980|0.000|0.000|0.000|0.00|0
7203|WANGZNG|1.200|0.000|0.000|0.000|0.00|0
5016|WARISAN|2.130|0.000|0.000|0.000|0.00|0
5142|WASEONG|0.815|0.000|0.000|0.000|0.00|0
7226|WATTA|0.825|0.000|0.000|0.000|0.00|0
3565|WCEHB|0.490|0.000|0.000|0.000|0.00|0
9679|WCT|0.815|0.000|0.000|0.000|0.00|0
967914|WCT-C14|0.010|0.000|0.000|0.000|0.00|0
967915|WCT-C15|0.015|0.000|0.000|0.000|0.00|0
967916|WCT-C16|0.040|0.000|0.000|0.000|0.00|0
9679WE|WCT-WE|0.075|0.000|0.000|0.000|0.00|0
0197|WEGMANS|0.315|0.000|0.000|0.000|0.00|0
0197WA|WEGMANS-WA|0.145|0.000|0.000|0.000|0.00|0
7231|WELLCAL|1.280|0.000|0.000|0.000|0.00|0
0162|WIDAD|0.340|0.000|0.000|0.000|0.00|0
0162WA|WIDAD-WA|0.125|0.000|0.000|0.000|0.00|0
7692|WIDETEC|0.540|0.000|0.000|0.000|0.00|0
0008|WILLOW|0.450|0.000|0.000|0.000|0.00|0
0141|WINTONI|0.035|0.000|0.000|0.000|0.00|0
6378|WMG|0.120|0.000|0.000|0.000|0.00|0
7050|WONG|0.575|0.000|0.000|0.000|0.00|0
7025|WOODLAN|0.750|0.000|0.000|0.000|0.00|0
5246|WPRTS|3.790|0.000|0.000|0.000|0.00|0
5246CX|WPRTS-CX|0.050|0.000|0.000|0.000|0.00|0
5246CY|WPRTS-CY|0.150|0.000|0.000|0.000|0.00|0
5009|WTHORSE|1.270|0.000|0.000|0.000|0.00|0
4243|WTK|0.585|0.000|0.000|0.000|0.00|0
7245|WZSATU|0.325|0.000|0.000|0.000|0.00|0
7245WA|WZSATU-WA|0.125|0.000|0.000|0.000|0.00|0
5156|XDL|0.105|0.000|0.000|0.000|0.00|0
5156WD|XDL-WD|0.020|0.000|0.000|0.000|0.00|0
7121|XIANLNG|0.460|0.000|0.000|0.000|0.00|0
0581C1|XIAOMI-C1|0.025|0.000|0.000|0.000|0.00|0
0581C2|XIAOMI-C2|0.230|0.000|0.000|0.000|0.00|0
0095|XINGHE|0.035|0.000|0.000|0.000|0.00|0
0095WA|XINGHE-WA|0.005|0.000|0.000|0.000|0.00|0
5267|XINHWA|0.880|0.000|0.000|0.000|0.00|0
5155|XINQUAN|0.055|0.000|0.000|0.000|0.00|0
5155WA|XINQUAN-WA|0.005|0.000|0.000|0.000|0.00|0
5155WB|XINQUAN-WB|0.015|0.000|0.000|0.000|0.00|0
0165|XOX|0.050|0.000|0.000|0.000|0.00|0
7003|Y&G|0.910|0.000|0.000|0.000|0.00|0
7003WA|Y&G-WA|0.100|0.000|0.000|0.000|0.00|0
0025|YBS|0.150|0.000|0.000|0.000|0.00|0
5584|YEELEE|1.860|0.000|0.000|0.000|0.00|0
7122|YFG|0.005|0.000|0.000|0.000|0.00|0
0086|YGL|0.115|0.000|0.000|0.000|0.00|0
5048|YILAI|0.620|0.000|0.000|0.000|0.00|0
7293|YINSON|4.460|0.000|0.000|0.000|0.00|0
7293CT|YINSON-CT|0.030|0.000|0.000|0.000|0.00|0
7293CU|YINSON-CU|0.075|0.000|0.000|0.000|0.00|0
7293CV|YINSON-CV|0.055|0.000|0.000|0.000|0.00|0
7020|YKGI|0.105|0.000|0.000|0.000|0.00|0
7020WB|YKGI-WB|0.020|0.000|0.000|0.000|0.00|0
7014|YLI|0.255|0.000|0.000|0.000|0.00|0
3158|YNHPROP|1.210|0.000|0.000|0.000|0.00|0
5159|YOCB|1.220|0.000|0.000|0.000|0.00|0
7066|YONGTAI|0.340|0.000|0.000|0.000|0.00|0
7066PA|YONGTAI-PA|0.200|0.000|0.000|0.000|0.00|0
7066WA|YONGTAI-WA|0.100|0.000|0.000|0.000|0.00|0
7178|YSPSAH|2.830|0.000|0.000|0.000|0.00|0
4677|YTL|1.020|0.000|0.000|0.000|0.00|0
467722|YTL-C22|0.050|0.000|0.000|0.000|0.00|0
467723|YTL-C23|0.050|0.000|0.000|0.000|0.00|0
467724|YTL-C24|0.150|0.000|0.000|0.000|0.00|0
2577|YTLLAND|0.395|0.000|0.000|0.000|0.00|0
2577LA|YTLLAND-LA|0.355|0.000|0.000|0.000|0.00|0
6742|YTLPOWR|0.865|0.000|0.000|0.000|0.00|0
6742C5|YTLPOWR-C5|0.005|0.000|0.000|0.000|0.00|0
6742C6|YTLPOWR-C6|0.055|0.000|0.000|0.000|0.00|0
6742C7|YTLPOWR-C7|0.150|0.000|0.000|0.000|0.00|0
5109|YTLREIT|1.260|0.000|0.000|0.000|0.00|0
7028|ZECON|0.250|0.000|0.000|0.000|0.00|0
2283|ZELAN|0.090|0.000|0.000|0.000|0.00|0
5131|ZHULIAN|1.350|0.000|0.000|0.000|0.00|0
0012|3A|0.840|0.000|0.000|0.000|0.00|0
