070322|A50CHIN-C22|0.300|0.290|0.290|-0.010|-3.33|6,998
070324|A50CHIN-C24|0.910|0.000|0.000|0.000|0.00|0
070326|A50CHIN-C26|0.505|0.000|0.000|0.000|0.00|0
070328|A50CHIN-C28|0.295|0.295|0.290|-0.005|-1.69|10,101
070330|A50CHIN-C30|0.410|0.405|0.405|-0.005|-1.22|155,096
070332|A50CHIN-C32|0.870|0.820|0.820|-0.050|-5.75|133
070334|A50CHIN-C34|1.060|0.000|0.000|0.000|0.00|0
070336|A50CHIN-C36|0.620|0.615|0.610|-0.010|-1.61|1,972
070321|A50CHIN-H21|0.050|0.000|0.000|0.000|0.00|0
070323|A50CHIN-H23|0.005|0.000|0.000|0.000|0.00|0
070325|A50CHIN-H25|0.035|0.000|0.000|0.000|0.00|0
070327|A50CHIN-H27|0.070|0.065|0.065|-0.005|-7.14|21,635
7054|AASIA|0.145|0.150|0.150|+0.005|+3.45|100
5238|AAX|0.245|0.250|0.255|+0.010|+4.08|90,106
523820|AAX-C20|0.005|0.000|0.000|0.000|0.00|0
523821|AAX-C21|0.005|0.000|0.000|0.000|0.00|0
5238WA|AAX-WA|0.055|0.050|0.055|0.000|0.00|28,026
0800EA|ABFMY1|1.167|0.000|0.000|0.000|0.00|0
7086|ABLEGRP|0.070|0.000|0.000|0.000|0.00|0
2488|ABMB|4.230|4.220|4.210|-0.020|-0.47|9,637
2488CY|ABMB-CY|0.100|0.000|0.000|0.000|0.00|0
7131|ACME|0.230|0.000|0.000|0.000|0.00|0
7120|ACOSTEC|0.435|0.440|0.455|+0.020|+4.60|23,742
5281|ADVCON|0.350|0.350|0.350|0.000|0.00|4,602
7191|ADVENTA|0.355|0.355|0.355|0.000|0.00|200
9148|ADVPKG|1.900|0.000|0.000|0.000|0.00|0
7146|AEM|0.120|0.115|0.120|0.000|0.00|3,188
7146WA|AEM-WA|0.005|0.000|0.000|0.000|0.00|0
0181|AEMULUS|0.245|0.245|0.250|+0.005|+2.04|3,897
6599|AEON|1.610|1.610|1.590|-0.020|-1.24|8,324
6599CO|AEON-CO|0.060|0.060|0.055|-0.005|-8.33|1,700
6599CP|AEON-CP|0.050|0.055|0.050|0.000|0.00|2
6599CQ|AEON-CQ|0.030|0.000|0.000|0.000|0.00|0
5139|AEONCR|16.980|17.000|17.200|+0.220|+1.30|1,763
5139LA|AEONCR-LA|1.500|0.000|0.000|0.000|0.00|0
5185|AFFIN|2.310|2.290|2.310|0.000|0.00|999
5198|AFUJIYA|0.535|0.540|0.540|+0.005|+0.93|10
7315|AHB|0.130|0.130|0.130|0.000|0.00|1,805
7315WB|AHB-WB|0.005|0.005|0.005|0.000|0.00|2,400
7090|AHEALTH|9.770|9.740|9.660|-0.110|-1.13|269
4952|AHP|0.735|0.740|0.755|+0.020|+2.72|35
0122|AIM|0.280|0.000|0.000|0.000|0.00|0
5099|AIRASIA|2.790|2.800|2.800|+0.010|+0.36|77,790
509959|AIRASIAC59|0.025|0.000|0.000|0.000|0.00|0
509967|AIRASIAC67|0.095|0.100|0.090|-0.005|-5.26|2,600
509968|AIRASIAC68|0.010|0.000|0.000|0.000|0.00|0
509969|AIRASIAC69|0.030|0.000|0.000|0.000|0.00|0
509970|AIRASIAC70|0.020|0.015|0.015|-0.005|-25.00|9,000
509971|AIRASIAC71|0.085|0.080|0.080|-0.005|-5.88|6,275
509972|AIRASIAC72|0.180|0.180|0.180|0.000|0.00|3,080
509973|AIRASIAC73|0.195|0.195|0.195|0.000|0.00|9,970
509974|AIRASIAC74|0.280|0.000|0.000|0.000|0.00|0
509975|AIRASIAC75|0.130|0.130|0.130|0.000|0.00|800
509976|AIRASIAC76|0.075|0.000|0.000|0.000|0.00|0
509977|AIRASIAC77|0.075|0.075|0.075|0.000|0.00|42,363
509978|AIRASIAC78|0.095|0.095|0.095|0.000|0.00|48,000
509979|AIRASIAC79|0.050|0.055|0.055|+0.005|+10.00|300
509980|AIRASIAC80|0.050|0.000|0.000|0.000|0.00|0
5014|AIRPORT|7.990|7.950|7.870|-0.120|-1.50|43,503
5014C2|AIRPORT-C2|0.025|0.000|0.000|0.000|0.00|0
5014C3|AIRPORT-C3|0.035|0.000|0.000|0.000|0.00|0
5014C4|AIRPORT-C4|0.050|0.050|0.045|-0.005|-10.00|263
5014C5|AIRPORT-C5|0.070|0.065|0.065|-0.005|-7.14|6,472
5014C6|AIRPORT-C6|0.160|0.000|0.000|0.000|0.00|0
5014C7|AIRPORT-C7|0.105|0.095|0.095|-0.010|-9.52|400
2682|AISB|0.260|0.000|0.000|0.000|0.00|0
2658|AJI|18.600|18.680|18.520|-0.080|-0.43|140
7609|AJIYA|0.555|0.545|0.545|-0.010|-1.80|1,770
7609WA|AJIYA-WA|0.095|0.000|0.000|0.000|0.00|0
5115|ALAM|0.105|0.100|0.110|+0.005|+4.76|88,527
5116|ALAQAR|1.370|1.370|1.350|-0.020|-1.46|10,593
2674|ALCOM|0.515|0.520|0.550|+0.035|+6.80|802
1163|ALLIANZ|14.300|14.300|14.300|0.000|0.00|2,347
1163PA|ALLIANZ-PA|14.300|0.000|0.000|0.000|0.00|0
5269|ALSREIT|0.825|0.820|0.820|-0.005|-0.61|320
1015|AMBANK|4.490|4.510|4.500|+0.010|+0.22|20,975
101510|AMBANK-C10|0.190|0.000|0.000|0.000|0.00|0
101511|AMBANK-C11|0.180|0.000|0.000|0.000|0.00|0
101512|AMBANK-C12|0.150|0.000|0.000|0.000|0.00|0
101513|AMBANK-C13|0.095|0.000|0.000|0.000|0.00|0
0159|AMEDIA|0.155|0.155|0.155|0.000|0.00|630
5120|AMFIRST|0.530|0.530|0.530|0.000|0.00|316
03011|AMLEX|0.180|0.000|0.000|0.000|0.00|0
1007|AMPROP|0.530|0.520|0.525|-0.005|-0.94|257
1007PA|AMPROP-PA|0.255|0.250|0.250|-0.005|-1.96|79
1007PB|AMPROP-PB|0.580|0.000|0.000|0.000|0.00|0
7051|AMTEK|0.275|0.000|0.000|0.000|0.00|0
7031|AMTEL|0.665|0.000|0.000|0.000|0.00|0
5959|AMVERTON|1.000|1.000|1.020|+0.020|+2.00|1,027
6351|AMWAY|6.150|6.200|6.250|+0.100|+1.63|64
7083|ANALABS|1.200|0.000|0.000|0.000|0.00|0
4758|ANCOM|0.505|0.500|0.505|0.000|0.00|1,064
0048|ANCOMLB|0.100|0.105|0.095|-0.005|-5.00|9,044
6556|ANNJOO|1.490|1.500|1.560|+0.070|+4.70|11,553
6556PA|ANNJOO-PA|0.500|0.000|0.000|0.000|0.00|0
9342|ANZO|0.035|0.040|0.040|+0.005|+14.29|5,475
9342WA|ANZO-WA|0.005|0.000|0.000|0.000|0.00|0
9342WB|ANZO-WB|0.025|0.000|0.000|0.000|0.00|0
9342WC|ANZO-WC|0.005|0.000|0.000|0.000|0.00|0
5568|APB|0.790|0.000|0.000|0.000|0.00|0
5088|APEX|0.985|1.000|1.000|+0.015|+1.52|110
5194|APFT|0.020|0.020|0.015|-0.005|-25.00|66,351
5015|APM|3.000|3.000|3.000|0.000|0.00|4
6432|APOLLO|3.850|3.860|3.860|+0.010|+0.26|10
0119|APPASIA|0.090|0.085|0.090|0.000|0.00|4,873
0119WA|APPASIA-WA|0.040|0.000|0.000|0.000|0.00|0
7214|ARANK|0.520|0.520|0.520|0.000|0.00|224
7007|ARK|0.495|0.495|0.500|+0.005|+1.01|129
7007WB|ARK-WB|0.090|0.000|0.000|0.000|0.00|0
5210|ARMADA|0.170|0.165|0.165|-0.005|-2.94|442,495
521040|ARMADA-C40|0.005|0.000|0.000|0.000|0.00|0
521043|ARMADA-C43|0.005|0.000|0.000|0.000|0.00|0
521045|ARMADA-C45|0.005|0.000|0.000|0.000|0.00|0
521046|ARMADA-C46|0.005|0.000|0.000|0.000|0.00|0
521047|ARMADA-C47|0.005|0.000|0.000|0.000|0.00|0
521048|ARMADA-C48|0.005|0.000|0.000|0.000|0.00|0
521049|ARMADA-C49|0.005|0.000|0.000|0.000|0.00|0
521050|ARMADA-C50|0.015|0.000|0.000|0.000|0.00|0
5127|ARREIT|0.850|0.850|0.850|0.000|0.00|189
1481|ASB|0.135|0.135|0.130|-0.005|-3.70|17,258
0068|ASDION|0.250|0.250|0.255|+0.005|+2.00|42,667
0068WB|ASDION-WB|0.005|0.000|0.000|0.000|0.00|0
7722|ASIABRN|0.465|0.430|0.430|-0.035|-7.53|300
7129|ASIAFLE|2.600|2.600|2.600|0.000|0.00|80
4057|ASIAPAC|0.115|0.115|0.115|0.000|0.00|1,510
4057LC|ASIAPAC-LC|0.600|0.000|0.000|0.000|0.00|0
4057WB|ASIAPAC-WB|0.055|0.000|0.000|0.000|0.00|0
0105|ASIAPLY|0.080|0.075|0.080|0.000|0.00|3,082
0105PA|ASIAPLY-PA|0.035|0.035|0.040|+0.005|+14.29|23,000
0105WA|ASIAPLY-WA|0.020|0.000|0.000|0.000|0.00|0
0105WB|ASIAPLY-WB|0.025|0.025|0.025|0.000|0.00|37
7162|ASTINO|0.665|0.630|0.640|-0.025|-3.76|1,405
6399|ASTRO|1.650|1.640|1.610|-0.040|-2.42|20,850
639910|ASTRO-C10|0.140|0.135|0.135|-0.005|-3.57|2,772
639911|ASTRO-C11|0.125|0.000|0.000|0.000|0.00|0
639912|ASTRO-C12|0.110|0.000|0.000|0.000|0.00|0
639913|ASTRO-C13|0.100|0.000|0.000|0.000|0.00|0
639914|ASTRO-C14|0.080|0.000|0.000|0.000|0.00|0
0072|AT|0.050|0.050|0.050|0.000|0.00|6,383
0072WB|AT-WB|0.005|0.000|0.000|0.000|0.00|0
8176|ATAIMS|1.730|1.750|1.720|-0.010|-0.58|7,171
7048|ATLAN|4.400|0.000|0.000|0.000|0.00|0
5130|ATRIUM|1.130|1.130|1.130|0.000|0.00|64
7099|ATTA|0.610|0.650|0.630|+0.020|+3.28|350
7099LA|ATTA-LA|0.080|0.075|0.090|+0.010|+12.50|11,105
7099PA|ATTA-PA|0.120|0.130|0.140|+0.020|+16.67|500
7099WB|ATTA-WB|0.090|0.000|0.000|0.000|0.00|0
7099WC|ATTA-WC|0.095|0.000|0.000|0.000|0.00|0
7181|ATURMJU|0.480|0.480|0.455|-0.025|-5.21|36,504
7181PA|ATURMJU-PA|0.150|0.155|0.160|+0.010|+6.67|65,970
8885|AVI|0.240|0.235|0.240|0.000|0.00|501
7579|AWC|0.770|0.765|0.780|+0.010|+1.30|31,997
7579WA|AWC-WA|0.205|0.205|0.220|+0.015|+7.32|12,919
6888|AXIATA|4.140|4.140|4.160|+0.020|+0.48|22,171
688828|AXIATA-C28|0.020|0.000|0.000|0.000|0.00|0
688829|AXIATA-C29|0.005|0.000|0.000|0.000|0.00|0
688830|AXIATA-C30|0.040|0.000|0.000|0.000|0.00|0
688831|AXIATA-C31|0.040|0.000|0.000|0.000|0.00|0
688832|AXIATA-C32|0.125|0.120|0.120|-0.005|-4.00|3
688833|AXIATA-C33|0.175|0.180|0.180|+0.005|+2.86|1,300
688834|AXIATA-C34|0.175|0.000|0.000|0.000|0.00|0
688835|AXIATA-C35|0.155|0.000|0.000|0.000|0.00|0
688836|AXIATA-C36|0.190|0.190|0.185|-0.005|-2.63|2
5106|AXREIT|1.730|1.730|1.730|0.000|0.00|5,909
2305|AYER|4.200|4.500|4.500|+0.300|+7.14|10
5021|AYS|0.350|0.345|0.350|0.000|0.00|185
7078|AZRB|0.430|0.430|0.460|+0.030|+6.98|174,081
7078WA|AZRB-WA|0.200|0.195|0.205|+0.005|+2.50|11,161
0098|BAHVEST|0.615|0.615|0.620|+0.005|+0.81|48,344
0098WA|BAHVEST-WA|0.360|0.360|0.365|+0.005|+1.39|14,726
7251|BARAKAH|0.090|0.090|0.110|+0.020|+22.22|484,596
4162|BAT|33.100|33.500|34.360|+1.260|+3.81|2,978
4162CM|BAT-CM|0.045|0.045|0.065|+0.020|+44.44|10,012
4162CN|BAT-CN|0.130|0.000|0.000|0.000|0.00|0
5248|BAUTO|2.120|2.120|2.150|+0.030|+1.42|18,137
5248C1|BAUTO-C1|0.060|0.000|0.000|0.000|0.00|0
5248CY|BAUTO-CY|0.125|0.000|0.000|0.000|0.00|0
5248CZ|BAUTO-CZ|0.150|0.155|0.155|+0.005|+3.33|1,000
6602|BCB|0.310|0.290|0.280|-0.030|-9.68|4,421
0187|BCMALL|0.200|0.200|0.195|-0.005|-2.50|17,768
6173|BDB|0.330|0.335|0.330|0.000|0.00|200
5190|BENALEC|0.195|0.200|0.195|0.000|0.00|12,029
9814|BERTAM|0.280|0.000|0.000|0.000|0.00|0
8133|BHIC|1.290|1.290|1.290|0.000|0.00|30
7005|BIG|0.385|0.390|0.480|+0.095|+24.68|16,018
5258|BIMB|4.300|4.300|4.180|-0.120|-2.79|2,245
5258WA|BIMB-WA|0.270|0.270|0.260|-0.010|-3.70|6,103
0195|BINACOM|0.405|0.405|0.405|0.000|0.00|3,297
6998|BINTAI|0.135|0.135|0.145|+0.010|+7.41|1,540
6998WA|BINTAI-WA|0.045|0.050|0.050|+0.005|+11.11|4,000
0179|BIOHLDG|0.200|0.200|0.200|0.000|0.00|23,694
0179WA|BIOHLDG-WA|0.080|0.075|0.085|+0.005|+6.25|6,436
7243|BIOOSMO|0.055|0.060|0.060|+0.005|+9.09|7,800
5032|BIPORT|4.600|4.650|4.620|+0.020|+0.43|49
3239|BJASSET|0.290|0.290|0.295|+0.005|+1.72|10,278
3239WB|BJASSET-WB|0.055|0.060|0.060|+0.005|+9.09|1,710
3395|BJCORP|0.270|0.270|0.275|+0.005|+1.85|233,853
339510|BJCORP-C10|0.010|0.000|0.000|0.000|0.00|0
339511|BJCORP-C11|0.030|0.030|0.030|0.000|0.00|1,100
3395LD|BJCORP-LD|0.355|0.355|0.355|0.000|0.00|280
3395LE|BJCORP-LE|0.385|0.000|0.000|0.000|0.00|0
3395WB|BJCORP-WB|0.045|0.050|0.050|+0.005|+11.11|3,000
3395WC|BJCORP-WC|0.070|0.075|0.075|+0.005|+7.14|17,334
5196|BJFOOD|1.390|1.400|1.430|+0.040|+2.88|1,211
4219|BJLAND|0.265|0.270|0.280|+0.015|+5.66|79,054
6025|BJMEDIA|0.210|0.000|0.000|0.000|0.00|0
1562|BJTOTO|2.410|2.410|2.390|-0.020|-0.83|3,082
1562CW|BJTOTO-CW|0.085|0.085|0.080|-0.005|-5.88|300
1562CX|BJTOTO-CX|0.070|0.100|0.100|+0.030|+42.86|2
1899|BKAWAN|17.460|0.000|0.000|0.000|0.00|0
5069|BLDPLNT|6.960|0.000|0.000|0.000|0.00|0
0508C5|BOC-C5|0.100|0.000|0.000|0.000|0.00|0
0168|BOILERM|0.550|0.550|0.550|0.000|0.00|482
9288|BONIA|0.250|0.255|0.255|+0.005|+2.00|2,624
7036|BORNOIL|0.040|0.040|0.045|+0.005|+12.50|50,120
7036WC|BORNOIL-WC|0.020|0.015|0.020|0.000|0.00|810
7036WD|BORNOIL-WD|0.020|0.015|0.020|0.000|0.00|143
6297|BOXPAK|1.090|1.090|1.090|0.000|0.00|220
6297WA|BOXPAK-WA|0.175|0.000|0.000|0.000|0.00|0
5254|BPLANT|0.820|0.830|0.815|-0.005|-0.61|5,163
5100|BPPLAS|1.080|1.090|1.080|0.000|0.00|190
5932|BPURI|0.195|0.195|0.205|+0.010|+5.13|158,868
9474|BRAHIMS|0.110|0.110|0.150|+0.040|+36.36|343,150
8761|BREM|0.750|0.750|0.750|0.000|0.00|1,084
9938|BRIGHT|0.190|0.185|0.190|0.000|0.00|510
7221|BSLCORP|0.340|0.340|0.345|+0.005|+1.47|475
2771|BSTEAD|1.350|1.350|1.350|0.000|0.00|790
0011|BTECH|0.295|0.300|0.300|+0.005|+1.69|8,282
7188|BTM|0.110|0.100|0.110|0.000|0.00|2,009
7188WA|BTM-WA|0.015|0.015|0.015|0.000|0.00|357
7188WB|BTM-WB|0.040|0.000|0.000|0.000|0.00|0
1818|BURSA|7.050|7.090|7.060|+0.010|+0.14|3,319
181820|BURSA-C20|0.020|0.005|0.005|-0.015|-75.00|500
181821|BURSA-C21|0.110|0.000|0.000|0.000|0.00|0
181822|BURSA-C22|0.075|0.000|0.000|0.000|0.00|0
181823|BURSA-C23|0.055|0.060|0.060|+0.005|+9.09|1,500
7174|CAB|0.635|0.635|0.625|-0.010|-1.57|3,883
7174WA|CAB-WA|0.445|0.455|0.440|-0.005|-1.12|96
0191|CABNET|0.295|0.295|0.295|0.000|0.00|1,135
0191WA|CABNET-WA|0.060|0.055|0.055|-0.005|-8.33|1,256
7154|CAELY|0.950|0.950|0.950|0.000|0.00|120
7154WA|CAELY-WA|0.585|0.000|0.000|0.000|0.00|0
7128|CAMRES|0.235|0.250|0.250|+0.015|+6.38|110
5105|CANONE|2.610|2.630|2.760|+0.150|+5.75|2,552
5229|CAP|0.010|0.000|0.000|0.000|0.00|0
0163|CAREPLS|0.180|0.175|0.180|0.000|0.00|4,175
5257|CARIMIN|0.825|0.825|0.830|+0.005|+0.61|127,607
5245|CARING|1.960|1.960|1.960|0.000|0.00|306
2836|CARLSBG|25.560|25.200|25.600|+0.040|+0.16|4,137
7076|CBIP|1.050|1.050|1.050|0.000|0.00|2,452
7076WA|CBIP-WA|0.015|0.010|0.020|+0.005|+33.33|3,487
2925|CCB|1.590|1.590|1.580|-0.010|-0.63|115
7035|CCK|0.660|0.660|0.645|-0.015|-2.27|35,444
7035WA|CCK-WA|0.135|0.135|0.130|-0.005|-3.70|12,191
2879|CCM|1.990|2.030|2.040|+0.050|+2.51|3,133
5195|CENSOF|0.150|0.150|0.155|+0.005|+3.33|3,901
5195WB|CENSOF-WB|0.010|0.005|0.005|-0.005|-50.00|500
8982|CEPAT|0.615|0.615|0.615|0.000|0.00|369
8435|CEPCO|0.630|0.000|0.000|0.000|0.00|0
8044|CFM|1.250|0.000|0.000|0.000|0.00|0
0579C1|CGARDEN-C1|0.100|0.000|0.000|0.000|0.00|0
7209|CHEETAH|0.290|0.350|0.350|+0.060|+20.69|139
7187|CHGP|0.370|0.355|0.355|-0.015|-4.05|1,900
7187WA|CHGP-WA|0.210|0.000|0.000|0.000|0.00|0
5738|CHHB|1.490|1.510|1.490|0.000|0.00|351
5738WB|CHHB-WB|0.380|0.000|0.000|0.000|0.00|0
0829EA|CHINAETF-MYR|5.760|5.760|5.750|-0.010|-0.17|801
0829EB|CHINAETF-USD|1.275|0.000|0.000|0.000|0.00|0
5273|CHINHIN|0.800|0.790|0.800|0.000|0.00|520
1929|CHINTEK|7.000|0.000|0.000|0.000|0.00|0
5007|CHINWEL|1.790|1.790|1.790|0.000|0.00|1,193
0501CG|CHMOBIL-CG|0.180|0.150|0.150|-0.030|-16.67|6,000
5797|CHOOBEE|1.610|1.560|1.600|-0.010|-0.62|60
7016|CHUAN|0.370|0.365|0.385|+0.015|+4.05|1,750
8052|CICB|0.520|0.000|0.000|0.000|0.00|0
2828|CIHLDG|1.450|1.460|1.460|+0.010|+0.69|130
1023|CIMB|5.590|5.620|5.520|-0.070|-1.25|142,766
102340|CIMB-C40|0.025|0.000|0.000|0.000|0.00|0
102341|CIMB-C41|0.075|0.000|0.000|0.000|0.00|0
102342|CIMB-C42|0.050|0.000|0.000|0.000|0.00|0
102343|CIMB-C43|0.025|0.000|0.000|0.000|0.00|0
102344|CIMB-C44|0.075|0.000|0.000|0.000|0.00|0
102345|CIMB-C45|0.090|0.085|0.085|-0.005|-5.56|5,452
102346|CIMB-C46|0.110|0.000|0.000|0.000|0.00|0
102347|CIMB-C47|0.100|0.000|0.000|0.000|0.00|0
0822EA|CIMBA40|1.870|1.870|1.870|0.000|0.00|54
0823EA|CIMBC50|1.635|1.660|1.660|+0.025|+1.53|50
7117|CJCEN|0.420|0.420|0.435|+0.015|+3.57|10,838
0514C3|CKHUTCH-C3|0.075|0.000|0.000|0.000|0.00|0
03001|CLOUD|0.300|0.000|0.000|0.000|0.00|0
7018|CME|0.035|0.000|0.000|0.000|0.00|0
7018LA|CME-LA|0.020|0.000|0.000|0.000|0.00|0
7018WA|CME-WA|0.025|0.000|0.000|0.000|0.00|0
5180|CMMT|1.090|1.100|1.120|+0.030|+2.75|6,641
2852|CMSB|3.150|3.160|3.150|0.000|0.00|17,744
285214|CMSB-C14|0.085|0.000|0.000|0.000|0.00|0
285215|CMSB-C15|0.110|0.000|0.000|0.000|0.00|0
7986|CNASIA|0.410|0.000|0.000|0.000|0.00|0
5104|CNI|0.070|0.070|0.070|0.000|0.00|800
5188|CNOUHUA|0.055|0.055|0.055|0.000|0.00|3,800
5071|COASTAL|1.280|1.280|1.300|+0.020|+1.56|6,069
7205|COCOLND|2.100|2.060|2.040|-0.060|-2.86|447
7195|COMCORP|0.130|0.130|0.135|+0.005|+3.85|1,073
2127|COMFORT|0.835|0.835|0.830|-0.005|-0.60|2,364
5136|COMPLET|0.905|0.890|0.890|-0.015|-1.66|1,120
5037|COMPUGT|0.025|0.025|0.025|0.000|0.00|64,700
0102|CONNECT|0.110|0.110|0.105|-0.005|-4.55|2,540
0102PA|CONNECT-PA|0.035|0.000|0.000|0.000|0.00|0
0102WA|CONNECT-WA|0.025|0.000|0.000|0.000|0.00|0
0102WB|CONNECT-WB|0.025|0.000|0.000|0.000|0.00|0
8591|CRESBLD|0.975|0.975|0.980|+0.005|+0.51|6,346
6718|CRESNDO|1.280|1.280|1.280|0.000|0.00|320
03016|CRG|0.045|0.040|0.045|0.000|0.00|600
7202|CSCENIC|1.140|1.140|1.130|-0.010|-0.88|120
5094|CSCSTEL|1.060|1.050|1.060|0.000|0.00|1,927
5214|CSL|0.010|0.000|0.000|0.000|0.00|0
0051|CUSCAPI|0.190|0.190|0.200|+0.010|+5.26|241,213
5049|CVIEW|1.490|0.000|0.000|0.000|0.00|0
9423|CWG|0.420|0.000|0.000|0.000|0.00|0
7157|CYL|0.430|0.460|0.460|+0.030|+6.98|20
5082|CYMAO|0.380|0.000|0.000|0.000|0.00|0
5184|CYPARK|1.720|1.720|1.730|+0.010|+0.58|3,945
7204|D&O|0.730|0.730|0.725|-0.005|-0.68|67,313
8125|DAIBOCI|1.570|1.570|1.570|0.000|0.00|15,502
8125WB|DAIBOCI-WB|0.120|0.120|0.130|+0.010|+8.33|431
5355|DAIMAN|2.990|0.000|0.000|0.000|0.00|0
5276|DANCO|0.545|0.550|0.580|+0.035|+6.42|85,047
5276WA|DANCO-WA|0.275|0.270|0.295|+0.020|+7.27|25,691
8338|DATAPRP|0.210|0.210|0.210|0.000|0.00|2,158
0091|DAYA|0.005|0.005|0.005|0.000|0.00|14,710
5141|DAYANG|1.310|1.310|1.380|+0.070|+5.34|552,370
7179|DBE|0.030|0.030|0.030|0.000|0.00|36,978
7179WB|DBE-WB|0.010|0.000|0.000|0.000|0.00|0
3484|DBHD|0.420|0.425|0.425|+0.005|+1.19|6,545
3484WA|DBHD-WA|0.075|0.075|0.080|+0.005|+6.67|1,315
7119|DEGEM|1.050|0.000|0.000|0.000|0.00|0
5132|DELEUM|1.140|1.140|1.140|0.000|0.00|5,774
7212|DESTINI|0.220|0.220|0.220|0.000|0.00|18,902
0152|DGB|0.130|0.125|0.125|-0.005|-3.85|85
0152WB|DGB-WB|0.030|0.000|0.000|0.000|0.00|0
0131|DGSB|0.085|0.085|0.085|0.000|0.00|7,828
7277|DIALOG|3.160|3.170|3.200|+0.040|+1.27|47,693
727733|DIALOG-C33|0.020|0.005|0.005|-0.015|-75.00|303
727735|DIALOG-C35|0.005|0.000|0.000|0.000|0.00|0
727736|DIALOG-C36|0.055|0.000|0.000|0.000|0.00|0
727737|DIALOG-C37|0.045|0.045|0.045|0.000|0.00|1,000
727738|DIALOG-C38|0.040|0.000|0.000|0.000|0.00|0
727739|DIALOG-C39|0.050|0.050|0.050|0.000|0.00|2,000
727740|DIALOG-C40|0.120|0.000|0.000|0.000|0.00|0
727741|DIALOG-C41|0.105|0.100|0.100|-0.005|-4.76|48,302
727742|DIALOG-C42|0.140|0.135|0.135|-0.005|-3.57|1,000
727743|DIALOG-C43|0.150|0.000|0.000|0.000|0.00|0
6947|DIGI|4.560|4.560|4.570|+0.010|+0.22|26,438
694724|DIGI-C24|0.045|0.000|0.000|0.000|0.00|0
694725|DIGI-C25|0.105|0.000|0.000|0.000|0.00|0
694726|DIGI-C26|0.115|0.000|0.000|0.000|0.00|0
694727|DIGI-C27|0.115|0.000|0.000|0.000|0.00|0
694728|DIGI-C28|0.065|0.060|0.060|-0.005|-7.69|500
0029|DIGISTA|0.045|0.045|0.050|+0.005|+11.11|1,806
0029WB|DIGISTA-WB|0.020|0.000|0.000|0.000|0.00|0
0400GA|DIN040000223|98.400|0.000|0.000|0.000|0.00|0
0400GC|DIN042300721|98.860|0.000|0.000|0.000|0.00|0
0400GB|DIN045801028|99.000|0.000|0.000|0.000|0.00|0
7528|DKLS|1.790|1.770|1.770|-0.020|-1.12|20
5908|DKSH|2.480|2.500|2.450|-0.030|-1.21|1,513
3026|DLADY|64.280|64.460|64.280|0.000|0.00|61
4456|DNEX|0.285|0.285|0.285|0.000|0.00|170,408
4456WD|DNEX-WD|0.070|0.075|0.070|0.000|0.00|44,644
7114|DNONCE|0.460|0.460|0.465|+0.005|+1.09|3,959
7114WA|DNONCE-WA|0.200|0.205|0.200|0.000|0.00|750
5835|DOLMITE|0.100|0.110|0.110|+0.010|+10.00|80
5265|DOLPHIN|0.140|0.140|0.150|+0.010|+7.14|4,999
5265WA|DOLPHIN-WA|0.040|0.035|0.035|-0.005|-12.50|489
7169|DOMINAN|1.270|1.270|1.270|0.000|0.00|233
7169WA|DOMINAN-WA|0.075|0.080|0.080|+0.005|+6.67|100
7148|DPHARMA|1.150|1.140|1.150|0.000|0.00|2,669
0205|DPIH|0.220|0.220|0.220|0.000|0.00|1,470
7198|DPS|0.065|0.000|0.000|0.000|0.00|0
7198WB|DPS-WB|0.030|0.025|0.030|0.000|0.00|3,500
1619|DRBHCOM|1.850|1.850|1.880|+0.030|+1.62|14,517
161960|DRBHCOMC60|0.025|0.025|0.020|-0.005|-20.00|200
161962|DRBHCOMC62|0.005|0.000|0.000|0.000|0.00|0
161963|DRBHCOMC63|0.055|0.000|0.000|0.000|0.00|0
161964|DRBHCOMC64|0.005|0.005|0.005|0.000|0.00|3,000
161966|DRBHCOMC66|0.005|0.000|0.000|0.000|0.00|0
161967|DRBHCOMC67|0.020|0.020|0.020|0.000|0.00|1,250
161968|DRBHCOMC68|0.090|0.090|0.095|+0.005|+5.56|15,453
161969|DRBHCOMC69|0.135|0.125|0.135|0.000|0.00|15,200
161970|DRBHCOMC70|0.140|0.140|0.150|+0.010|+7.14|5,929
161971|DRBHCOMC71|0.130|0.125|0.125|-0.005|-3.85|300
161972|DRBHCOMC72|0.120|0.120|0.125|+0.005|+4.17|1,000
161973|DRBHCOMC73|0.100|0.000|0.000|0.000|0.00|0
5216|DSONIC|0.470|0.470|0.490|+0.020|+4.26|133,739
5216WA|DSONIC-WA|0.080|0.080|0.090|+0.010|+12.50|18,030
7233|DUFU|1.630|1.640|1.670|+0.040|+2.45|18,736
3948|DUTALND|0.500|0.490|0.500|0.000|0.00|3,420
5178|DYNACIA|0.095|0.095|0.100|+0.005|+5.26|37,370
5178PA|DYNACIA-PA|0.050|0.000|0.000|0.000|0.00|0
5178WA|DYNACIA-WA|0.040|0.045|0.040|0.000|0.00|4,212
3417|E&O|0.830|0.830|0.855|+0.025|+3.01|62,626
3417WB|E&O-WB|0.005|0.005|0.005|0.000|0.00|30
0154|EAH|0.015|0.020|0.015|0.000|0.00|1,268
0154WC|EAH-WC|0.005|0.000|0.000|0.000|0.00|0
0154WD|EAH-WD|0.005|0.000|0.000|0.000|0.00|0
0154WE|EAH-WE|0.010|0.005|0.010|0.000|0.00|198
2097|EASTLND|0.100|0.105|0.105|+0.005|+5.00|1,982
5259|EATECH|0.425|0.425|0.435|+0.010|+2.35|11,173
2143|ECM|0.295|0.300|0.290|-0.005|-1.69|162
3557|ECOFIRS|0.295|0.295|0.300|+0.005|+1.69|4,770
3557WC|ECOFIRS-WC|0.015|0.015|0.020|+0.005|+33.33|680
0059|ECOHLDS|0.265|0.275|0.275|+0.010|+3.77|161
5253|ECONBHD|0.435|0.435|0.440|+0.005|+1.15|196,601
5253WA|ECONBHD-WA|0.110|0.110|0.110|0.000|0.00|10,809
8206|ECOWLD|0.950|0.945|0.950|0.000|0.00|5,083
8206CQ|ECOWLD-CQ|0.005|0.000|0.000|0.000|0.00|0
8206CS|ECOWLD-CS|0.035|0.000|0.000|0.000|0.00|0
8206CT|ECOWLD-CT|0.150|0.000|0.000|0.000|0.00|0
8206WA|ECOWLD-WA|0.180|0.000|0.000|0.000|0.00|0
5036|EDARAN|0.560|0.565|0.580|+0.020|+3.57|73,458
7471|EDEN|0.115|0.110|0.115|0.000|0.00|29,450
7471WB|EDEN-WB|0.040|0.045|0.045|+0.005|+12.50|1,400
1368|EDGENTA|2.890|2.860|2.920|+0.030|+1.04|288
0107|EDUSPEC|0.025|0.030|0.030|+0.005|+20.00|4,187
0064|EFFICEN|0.195|0.175|0.175|-0.020|-10.26|100
0065|EFORCE|0.485|0.485|0.520|+0.035|+7.22|147,004
0065WA|EFORCE-WA|0.140|0.140|0.165|+0.025|+17.86|48,216
8907|EG|0.455|0.455|0.460|+0.005|+1.10|3,425
8907PA|EG-PA|0.445|0.445|0.455|+0.010|+2.25|39
8907WC|EG-WC|0.140|0.140|0.140|0.000|0.00|450
5081|EIG|0.655|0.000|0.000|0.000|0.00|0
5208|EITA|1.360|1.360|1.360|0.000|0.00|480
7182|EKA|0.060|0.000|0.000|0.000|0.00|0
8877|EKOVEST|0.570|0.570|0.575|+0.005|+0.88|74,403
8877CQ|EKOVEST-CQ|0.010|0.000|0.000|0.000|0.00|0
8877CR|EKOVEST-CR|0.005|0.000|0.000|0.000|0.00|0
8877CS|EKOVEST-CS|0.035|0.045|0.045|+0.010|+28.57|300
8877CT|EKOVEST-CT|0.060|0.055|0.060|0.000|0.00|5,450
8877WB|EKOVEST-WB|0.100|0.100|0.095|-0.005|-5.00|45,690
9016|EKSONS|0.820|0.790|0.790|-0.030|-3.66|150
5228|ELKDESA|1.380|1.390|1.370|-0.010|-0.72|1,857
5228LA|ELKDESA-LA|1.080|0.000|0.000|0.000|0.00|0
0090|ELSOFT|1.040|1.040|1.020|-0.020|-1.92|15,963
7217|EMETALL|0.390|0.390|0.385|-0.005|-1.28|1,968
9091|EMICO|0.170|0.175|0.175|+0.005|+2.94|1
6076|ENCORP|0.405|0.380|0.390|-0.015|-3.70|350
7149|ENGKAH|1.040|0.990|0.990|-0.050|-4.81|45
5056|ENGTEX|0.785|0.785|0.780|-0.005|-0.64|484
8613|ENRA|1.550|0.000|0.000|0.000|0.00|0
7773|EPMB|0.400|0.000|0.000|0.000|0.00|0
0190|ESAFE|0.205|0.000|0.000|0.000|0.00|0
0100|ESCERAM|0.150|0.000|0.000|0.000|0.00|0
6815|EUPE|0.600|0.600|0.635|+0.035|+5.83|2,032
7208|EURO|0.140|0.000|0.000|0.000|0.00|0
7094|EUROSP|0.440|0.000|0.000|0.000|0.00|0
5101|EVERGRN|0.360|0.365|0.370|+0.010|+2.78|7,465
7249|EWEIN|0.610|0.605|0.625|+0.015|+2.46|18,217
5283|EWINT|0.730|0.735|0.740|+0.010|+1.37|4,226
5283WA|EWINT-WA|0.145|0.145|0.145|0.000|0.00|3,000
3689|F&N|35.100|35.100|35.080|-0.020|-0.06|4,888
2984|FACBIND|1.310|1.300|1.300|-0.010|-0.76|10
7047|FAJAR|0.385|0.390|0.400|+0.015|+3.90|14,015
7047WB|FAJAR-WB|0.035|0.035|0.040|+0.005|+14.29|4,845
5029|FAREAST|2.800|2.800|2.800|0.000|0.00|60
6041|FARLIM|0.370|0.365|0.375|+0.005|+1.35|480
7229|FAVCO|2.800|2.720|2.790|-0.010|-0.36|450
06505D|FBMKLCI-C5D|0.085|0.000|0.000|0.000|0.00|0
06505I|FBMKLCI-C5I|0.005|0.000|0.000|0.000|0.00|0
06505J|FBMKLCI-C5J|0.040|0.000|0.000|0.000|0.00|0
06505K|FBMKLCI-C5K|0.015|0.010|0.010|-0.005|-33.33|50
06505L|FBMKLCI-C5L|0.070|0.000|0.000|0.000|0.00|0
06505M|FBMKLCI-C5M|0.135|0.000|0.000|0.000|0.00|0
06505N|FBMKLCI-C5N|0.055|0.055|0.055|0.000|0.00|1,350
06505O|FBMKLCI-C5O|0.050|0.045|0.045|-0.005|-10.00|2,456
06505P|FBMKLCI-C5P|0.210|0.205|0.205|-0.005|-2.38|30
06505Q|FBMKLCI-C5Q|0.310|0.300|0.305|-0.005|-1.61|3,000
06505R|FBMKLCI-C5R|0.060|0.060|0.060|0.000|0.00|200
06505S|FBMKLCI-C5S|0.170|0.000|0.000|0.000|0.00|0
06505T|FBMKLCI-C5T|0.260|0.255|0.255|-0.005|-1.92|900
06505U|FBMKLCI-C5U|0.150|0.000|0.000|0.000|0.00|0
06505V|FBMKLCI-C5V|0.065|0.060|0.060|-0.005|-7.69|160
0820EA|FBMKLCI-EA|1.780|1.780|1.780|0.000|0.00|3
06506F|FBMKLCI-H6F|0.025|0.000|0.000|0.000|0.00|0
06506K|FBMKLCI-H6K|0.190|0.195|0.195|+0.005|+2.63|1,500
06506L|FBMKLCI-H6L|0.125|0.000|0.000|0.000|0.00|0
06506M|FBMKLCI-H6M|0.170|0.180|0.180|+0.010|+5.88|100
06506N|FBMKLCI-H6N|0.210|0.000|0.000|0.000|0.00|0
06506O|FBMKLCI-H6O|0.290|0.000|0.000|0.000|0.00|0
06506P|FBMKLCI-H6P|0.055|0.050|0.050|-0.005|-9.09|2,696
06506Q|FBMKLCI-H6Q|0.080|0.085|0.090|+0.010|+12.50|1,481
06506R|FBMKLCI-H6R|0.240|0.000|0.000|0.000|0.00|0
06506S|FBMKLCI-H6S|0.360|0.360|0.360|0.000|0.00|6,900
06506T|FBMKLCI-H6T|0.090|0.090|0.090|0.000|0.00|400
06506U|FBMKLCI-H6U|0.255|0.000|0.000|0.000|0.00|0
06506V|FBMKLCI-H6V|0.255|0.000|0.000|0.000|0.00|0
06506W|FBMKLCI-H6W|0.145|0.000|0.000|0.000|0.00|0
06506X|FBMKLCI-H6X|0.105|0.000|0.000|0.000|0.00|0
2755|FCW|1.020|1.050|1.050|+0.030|+2.94|645
5222|FGV|1.160|1.170|1.200|+0.040|+3.45|302,526
522255|FGV-C55|0.010|0.015|0.015|+0.005|+50.00|1
522256|FGV-C56|0.005|0.000|0.000|0.000|0.00|0
522257|FGV-C57|0.005|0.000|0.000|0.000|0.00|0
522258|FGV-C58|0.010|0.010|0.010|0.000|0.00|100
522259|FGV-C59|0.035|0.000|0.000|0.000|0.00|0
522260|FGV-C60|0.010|0.000|0.000|0.000|0.00|0
522261|FGV-C61|0.030|0.030|0.035|+0.005|+16.67|249
522262|FGV-C62|0.100|0.090|0.100|0.000|0.00|37,444
522263|FGV-C63|0.175|0.180|0.180|+0.005|+2.86|234,264
522264|FGV-C64|0.240|0.000|0.000|0.000|0.00|0
522265|FGV-C65|0.195|0.190|0.195|0.000|0.00|13,100
522266|FGV-C66|0.310|0.000|0.000|0.000|0.00|0
522267|FGV-C67|0.420|0.420|0.440|+0.020|+4.76|614
522268|FGV-C68|0.200|0.000|0.000|0.000|0.00|0
522269|FGV-C69|0.120|0.000|0.000|0.000|0.00|0
522270|FGV-C70|0.120|0.105|0.115|-0.005|-4.17|1,656
522271|FGV-C71|0.050|0.050|0.055|+0.005|+10.00|2,000
6939|FIAMMA|0.520|0.520|0.520|0.000|0.00|380
0149|FIBON|0.440|0.430|0.415|-0.025|-5.68|940
8605|FIHB|0.400|0.415|0.425|+0.025|+6.25|2,328
8605PA|FIHB-PA|0.085|0.000|0.000|0.000|0.00|0
8605PB|FIHB-PB|0.080|0.000|0.000|0.000|0.00|0
3107|FIMACOR|1.930|1.930|1.930|0.000|0.00|10
0150|FINTEC|0.050|0.050|0.050|0.000|0.00|2,758
0150PA|FINTEC-PA|0.030|0.025|0.025|-0.005|-16.67|1,000
0150WA|FINTEC-WA|0.015|0.010|0.015|0.000|0.00|1,200
0150WB|FINTEC-WB|0.020|0.020|0.020|0.000|0.00|1,620
9318|FITTERS|0.535|0.545|0.525|-0.010|-1.87|176,061
9318WB|FITTERS-WB|0.040|0.040|0.025|-0.015|-37.50|42,255
5197|FLBHD|1.670|1.660|1.700|+0.030|+1.80|11,176
0116|FOCUS|0.145|0.140|0.140|-0.005|-3.45|51,571
0116WC|FOCUS-WC|0.095|0.000|0.000|0.000|0.00|0
0157|FOCUSP|0.355|0.380|0.440|+0.085|+23.94|19,639
5277|FPGROUP|0.335|0.345|0.325|-0.010|-2.99|208,251
9172|FPI|1.800|1.800|1.840|+0.040|+2.22|6,997
7210|FREIGHT|0.560|0.560|0.565|+0.005|+0.89|1,040
0128|FRONTKN|0.955|0.965|0.975|+0.020|+2.09|379,956
9377|FSBM|0.095|0.000|0.000|0.000|0.00|0
9377WA|FSBM-WA|0.025|0.000|0.000|0.000|0.00|0
7184|G3|0.790|0.790|0.790|0.000|0.00|335
7184WA|G3-WA|0.770|0.000|0.000|0.000|0.00|0
9261|GADANG|0.580|0.580|0.620|+0.040|+6.90|42,180
9261WB|GADANG-WB|0.125|0.125|0.140|+0.015|+12.00|8,687
5398|GAMUDA|2.970|2.970|2.990|+0.020|+0.67|38,800
539851|GAMUDA-C51|0.015|0.000|0.000|0.000|0.00|0
539853|GAMUDA-C53|0.005|0.000|0.000|0.000|0.00|0
539856|GAMUDA-C56|0.030|0.000|0.000|0.000|0.00|0
539857|GAMUDA-C57|0.050|0.050|0.050|0.000|0.00|70
539858|GAMUDA-C58|0.075|0.085|0.085|+0.010|+13.33|400
539859|GAMUDA-C59|0.185|0.195|0.190|+0.005|+2.70|304
539860|GAMUDA-C60|0.120|0.000|0.000|0.000|0.00|0
539861|GAMUDA-C61|0.095|0.095|0.095|0.000|0.00|14,000
539862|GAMUDA-C62|0.110|0.000|0.000|0.000|0.00|0
539863|GAMUDA-C63|0.120|0.125|0.125|+0.005|+4.17|62
5398WE|GAMUDA-WE|0.230|0.230|0.230|0.000|0.00|9,715
5209|GASMSIA|2.820|2.860|2.830|+0.010|+0.35|292
5226|GBGAQRS|1.160|1.160|1.160|0.000|0.00|6,558
5226WB|GBGAQRS-WB|0.275|0.275|0.280|+0.005|+1.82|11,470
5102|GCB|3.730|3.700|3.710|-0.020|-0.54|3,521
5102CA|GCB-CA|0.285|0.290|0.290|+0.005|+1.75|100
5102CB|GCB-CB|0.190|0.000|0.000|0.000|0.00|0
5592|GCE|0.460|0.460|0.460|0.000|0.00|30
0198|GDB|0.265|0.265|0.270|+0.005|+1.89|4,436
0078|GDEX|0.350|0.350|0.350|0.000|0.00|38,914
0078WB|GDEX-WB|0.060|0.060|0.055|-0.005|-8.33|27,064
0580C1|GEELY-C1|0.075|0.000|0.000|0.000|0.00|0
0104|GENETEC|1.870|1.870|1.820|-0.050|-2.67|2,178
4715|GENM|3.420|3.430|3.420|0.000|0.00|28,348
471538|GENM-C38|0.005|0.000|0.000|0.000|0.00|0
471540|GENM-C40|0.150|0.000|0.000|0.000|0.00|0
471541|GENM-C41|0.005|0.000|0.000|0.000|0.00|0
471542|GENM-C42|0.045|0.000|0.000|0.000|0.00|0
471543|GENM-C43|0.050|0.050|0.050|0.000|0.00|918
471544|GENM-C44|0.075|0.000|0.000|0.000|0.00|0
471545|GENM-C45|0.155|0.155|0.155|0.000|0.00|600
471546|GENM-C46|0.135|0.135|0.135|0.000|0.00|17,200
471547|GENM-C47|0.140|0.135|0.135|-0.005|-3.57|3,000
471548|GENM-C48|0.125|0.000|0.000|0.000|0.00|0
471549|GENM-C49|0.195|0.195|0.195|0.000|0.00|7,400
471550|GENM-C50|0.175|0.175|0.175|0.000|0.00|1,439
471551|GENM-C51|0.135|0.000|0.000|0.000|0.00|0
471552|GENM-C52|0.205|0.000|0.000|0.000|0.00|0
471553|GENM-C53|0.125|0.125|0.125|0.000|0.00|200
2291|GENP|10.420|10.340|10.440|+0.020|+0.19|513
2291WA|GENP-WA|2.500|2.520|2.520|+0.020|+0.80|690
3182|GENTING|7.110|7.170|7.150|+0.040|+0.56|25,261
318251|GENTINGC51|0.005|0.000|0.000|0.000|0.00|0
318255|GENTINGC55|0.050|0.000|0.000|0.000|0.00|0
318256|GENTINGC56|0.030|0.000|0.000|0.000|0.00|0
318257|GENTINGC57|0.115|0.120|0.115|0.000|0.00|5,600
318258|GENTINGC58|0.080|0.000|0.000|0.000|0.00|0
318259|GENTINGC59|0.120|0.120|0.120|0.000|0.00|30,000
318260|GENTINGC60|0.160|0.150|0.150|-0.010|-6.25|1,000
318261|GENTINGC61|0.135|0.140|0.140|+0.005|+3.70|4,400
318262|GENTINGC62|0.175|0.180|0.180|+0.005|+2.86|1,500
318263|GENTINGC63|0.160|0.000|0.000|0.000|0.00|0
318264|GENTINGC64|0.150|0.095|0.095|-0.055|-36.67|1,000
7197|GESHEN|0.625|0.630|0.650|+0.025|+4.00|711
5079|GETS|0.125|0.120|0.125|0.000|0.00|141
0039|GFM|0.500|0.500|0.500|0.000|0.00|14,770
0039WC|GFM-WC|0.195|0.195|0.195|0.000|0.00|23,033
0021|GHLSYS|1.700|1.690|1.660|-0.040|-2.35|162
0021CA|GHLSYS-CA|0.110|0.110|0.110|0.000|0.00|771
3204|GKENT|1.070|1.080|1.110|+0.040|+3.74|60,724
7382|GLBHD|0.385|0.000|0.000|0.000|0.00|0
5020|GLOMAC|0.380|0.380|0.380|0.000|0.00|1,106
5220|GLOTEC|0.475|0.465|0.470|-0.005|-1.05|4,585
5220WA|GLOTEC-WA|0.075|0.075|0.075|0.000|0.00|224
9962|GMUTUAL|0.275|0.280|0.280|+0.005|+1.82|500
0045|GNB|0.050|0.050|0.050|0.000|0.00|1,916
1147|GOB|0.175|0.170|0.180|+0.005|+2.86|2,596
1147WA|GOB-WA|0.010|0.005|0.010|0.000|0.00|8,924
0074|GOCEAN|0.095|0.000|0.000|0.000|0.00|0
0074WA|GOCEAN-WA|0.005|0.005|0.005|0.000|0.00|290
0828EA|GOLDETF|1.730|0.000|0.000|0.000|0.00|0
7192|GOODWAY|0.210|0.210|0.205|-0.005|-2.38|1,205
2135|GOPENG|0.680|0.000|0.000|0.000|0.00|0
7096|GPA|0.085|0.085|0.085|0.000|0.00|500
7096WA|GPA-WA|0.020|0.000|0.000|0.000|0.00|0
0082|GPACKET|0.325|0.325|0.325|0.000|0.00|5,576
0082WB|GPACKET-WB|0.085|0.085|0.085|0.000|0.00|150
5649|GPHAROS|0.220|0.000|0.000|0.000|0.00|0
0056|GRANFLO|0.205|0.200|0.215|+0.010|+4.88|1,080
0136|GREENYB|0.120|0.135|0.135|+0.015|+12.50|1,615
7077|GSB|0.190|0.190|0.195|+0.005|+2.63|23,621
7022|GTRONIC|1.890|1.900|1.950|+0.060|+3.17|22,503
7022CR|GTRONIC-CR|0.005|0.000|0.000|0.000|0.00|0
7022CS|GTRONIC-CS|0.005|0.000|0.000|0.000|0.00|0
7022CT|GTRONIC-CT|0.005|0.000|0.000|0.000|0.00|0
7022CU|GTRONIC-CU|0.030|0.000|0.000|0.000|0.00|0
7022CV|GTRONIC-CV|0.100|0.100|0.105|+0.005|+5.00|700
7022CW|GTRONIC-CW|0.060|0.060|0.065|+0.005|+8.33|1,200
3247|GUH|0.495|0.495|0.515|+0.020|+4.04|1,900
7676|GUNUNG|0.330|0.305|0.320|-0.010|-3.03|548
7676WB|GUNUNG-WB|0.055|0.000|0.000|0.000|0.00|0
1503|GUOCO|0.790|0.760|0.790|0.000|0.00|798
7668|HAIO|2.800|2.820|2.800|0.000|0.00|573
7668CG|HAIO-CG|0.075|0.000|0.000|0.000|0.00|0
5151|HALEX|0.850|0.000|0.000|0.000|0.00|0
7253|HANDAL|0.355|0.340|0.345|-0.010|-2.82|4,030
3034|HAPSENG|9.810|9.810|9.880|+0.070|+0.71|3,161
3034CX|HAPSENG-CX|0.040|0.000|0.000|0.000|0.00|0
2062|HARBOUR|0.680|0.680|0.680|0.000|0.00|710
2062WC|HARBOUR-WC|0.070|0.000|0.000|0.000|0.00|0
5008|HARISON|3.800|3.850|3.810|+0.010|+0.26|30
7501|HARNLEN|0.650|0.655|0.660|+0.010|+1.54|1,756
5168|HARTA|4.960|4.990|4.930|-0.030|-0.60|55,738
516811|HARTA-C11|0.005|0.000|0.000|0.000|0.00|0
516815|HARTA-C15|0.020|0.000|0.000|0.000|0.00|0
516816|HARTA-C16|0.005|0.000|0.000|0.000|0.00|0
516817|HARTA-C17|0.025|0.000|0.000|0.000|0.00|0
516818|HARTA-C18|0.010|0.005|0.005|-0.005|-50.00|1,330
516819|HARTA-C19|0.055|0.000|0.000|0.000|0.00|0
516820|HARTA-C20|0.080|0.080|0.080|0.000|0.00|14,300
516821|HARTA-C21|0.100|0.090|0.090|-0.010|-10.00|6,000
516822|HARTA-C22|0.080|0.080|0.080|0.000|0.00|104
5187|HBGLOB|0.110|0.110|0.110|0.000|0.00|5,299
7105|HCK|1.250|1.240|1.250|0.000|0.00|499
7105WA|HCK-WA|0.295|0.000|0.000|0.000|0.00|0
3255|HEIM|22.600|22.580|22.800|+0.200|+0.88|1,236
5121|HEKTAR|1.160|1.160|1.170|+0.010|+0.86|1,381
4324|HENGYUAN|5.920|5.920|6.250|+0.330|+5.57|14,081
4324C1|HENGYUAN-C1|0.020|0.000|0.000|0.000|0.00|0
4324C2|HENGYUAN-C2|0.010|0.000|0.000|0.000|0.00|0
4324C4|HENGYUAN-C4|0.030|0.000|0.000|0.000|0.00|0
4324C5|HENGYUAN-C5|0.030|0.035|0.035|+0.005|+16.67|500
4324C6|HENGYUAN-C6|0.055|0.060|0.065|+0.010|+18.18|2,500
4324C7|HENGYUAN-C7|0.190|0.215|0.235|+0.045|+23.68|10,302
4324CZ|HENGYUAN-CZ|0.030|0.000|0.000|0.000|0.00|0
5095|HEVEA|0.615|0.620|0.630|+0.015|+2.44|10,008
5095WB|HEVEA-WB|0.450|0.000|0.000|0.000|0.00|0
3298|HEXZA|0.700|0.700|0.700|0.000|0.00|1,016
0175|HHGROUP|0.130|0.130|0.130|0.000|0.00|300
0160|HHHCORP|0.095|0.000|0.000|0.000|0.00|0
5072|HIAPTEK|0.285|0.285|0.285|0.000|0.00|8,613
5072LA|HIAPTEK-LA|0.295|0.000|0.000|0.000|0.00|0
5072WB|HIAPTEK-WB|0.085|0.085|0.085|0.000|0.00|11,891
5199|HIBISCS|1.050|1.060|1.060|+0.010|+0.95|314,893
5199CK|HIBISCS-CK|0.010|0.000|0.000|0.000|0.00|0
5199CM|HIBISCS-CM|0.095|0.095|0.095|0.000|0.00|2,997
5199CN|HIBISCS-CN|0.085|0.080|0.100|+0.015|+17.65|1,515
5199CO|HIBISCS-CO|0.080|0.000|0.000|0.000|0.00|0
5199CP|HIBISCS-CP|0.060|0.060|0.060|0.000|0.00|800
5199CQ|HIBISCS-CQ|0.130|0.130|0.140|+0.010|+7.69|20,400
5199CR|HIBISCS-CR|0.115|0.115|0.120|+0.005|+4.35|13,702
5199CS|HIBISCS-CS|0.110|0.105|0.110|0.000|0.00|12,000
5199CT|HIBISCS-CT|0.145|0.145|0.150|+0.005|+3.45|4,000
5199CU|HIBISCS-CU|0.095|0.095|0.100|+0.005|+5.26|61,055
5199CV|HIBISCS-CV|0.080|0.090|0.090|+0.010|+12.50|1,254
5199WC|HIBISCS-WC|0.470|0.470|0.480|+0.010|+2.13|82,448
7033|HIGHTEC|1.280|0.000|0.000|0.000|0.00|0
8443|HIL|0.500|0.500|0.505|+0.005|+1.00|3,713
8443WB|HIL-WB|0.180|0.000|0.000|0.000|0.00|0
0505CF|HKEX-CF|0.435|0.000|0.000|0.000|0.00|0
5819|HLBANK|21.280|21.160|21.280|0.000|0.00|4,763
5819CN|HLBANK-CN|0.060|0.000|0.000|0.000|0.00|0
5819CO|HLBANK-CO|0.160|0.000|0.000|0.000|0.00|0
5274|HLCAP|9.600|0.000|0.000|0.000|0.00|0
1082|HLFG|19.540|19.600|19.500|-0.040|-0.20|2,153
3301|HLIND|9.860|9.860|9.950|+0.090|+0.91|1,058
0188|HLT|0.135|0.135|0.135|0.000|0.00|3
0188WA|HLT-WA|0.050|0.000|0.000|0.000|0.00|0
5169|HOHUP|0.380|0.375|0.385|+0.005|+1.32|3,844
5165|HOKHENG|0.530|0.550|0.550|+0.020|+3.77|130
5160|HOMERIZ|0.630|0.630|0.620|-0.010|-1.59|180
5160WA|HOMERIZ-WA|0.075|0.000|0.000|0.000|0.00|0
7010|HOOVER|0.605|0.565|0.595|-0.010|-1.65|1,980
06513U|HSI-C3U|0.045|0.045|0.045|0.000|0.00|700
06513V|HSI-C3V|0.145|0.150|0.155|+0.010|+6.90|302,967
06513W|HSI-C3W|0.455|0.470|0.490|+0.035|+7.69|281,558
06513X|HSI-C3X|0.955|0.970|1.010|+0.055|+5.76|2,280
06513Y|HSI-C3Y|0.120|0.120|0.120|0.000|0.00|1,400
06513Z|HSI-C3Z|0.215|0.215|0.235|+0.020|+9.30|19,490
06515A|HSI-C5A|0.455|0.460|0.475|+0.020|+4.40|242,888
06515B|HSI-C5B|0.765|0.760|0.785|+0.020|+2.61|17,461
06515C|HSI-C5C|0.240|0.240|0.255|+0.015|+6.25|180,859
06515D|HSI-C5D|0.385|0.390|0.415|+0.030|+7.79|84,089
06515E|HSI-C5E|0.695|0.720|0.715|+0.020|+2.88|5,802
06515F|HSI-C5F|1.040|0.000|0.000|0.000|0.00|0
06515G|HSI-C5G|0.585|0.560|0.600|+0.015|+2.56|13,514
06515H|HSI-C5H|0.855|0.900|0.900|+0.045|+5.26|500
06515I|HSI-C5I|1.080|0.000|0.000|0.000|0.00|0
06515J|HSI-C5J|0.705|0.735|0.725|+0.020|+2.84|330
06515K|HSI-C5K|1.020|0.000|0.000|0.000|0.00|0
06515L|HSI-C5L|1.340|0.000|0.000|0.000|0.00|0
06515M|HSI-C5M|1.900|0.000|0.000|0.000|0.00|0
06514V|HSI-H4V|0.005|0.005|0.010|+0.005|+100.00|7,859
06514W|HSI-H4W|0.005|0.005|0.005|0.000|0.00|11,727
06514X|HSI-H4X|0.025|0.020|0.020|-0.005|-20.00|31,544
06514Y|HSI-H4Y|0.075|0.080|0.065|-0.010|-13.33|204,798
06514Z|HSI-H4Z|0.020|0.015|0.020|0.000|0.00|993
06516A|HSI-H6A|0.025|0.025|0.025|0.000|0.00|8,789
06516B|HSI-H6B|0.080|0.080|0.080|0.000|0.00|200
06516C|HSI-H6C|0.140|0.140|0.135|-0.005|-3.57|58,210
06516D|HSI-H6D|0.115|0.000|0.000|0.000|0.00|0
06516E|HSI-H6E|0.165|0.170|0.170|+0.005|+3.03|5,914
06516F|HSI-H6F|0.295|0.295|0.285|-0.010|-3.39|374,681
06516G|HSI-H6G|0.510|0.510|0.490|-0.020|-3.92|113,239
06516H|HSI-H6H|0.130|0.125|0.125|-0.005|-3.85|200
06516I|HSI-H6I|0.185|0.000|0.000|0.000|0.00|0
06516J|HSI-H6J|0.300|0.295|0.290|-0.010|-3.33|17,865
06516K|HSI-H6K|0.090|0.000|0.000|0.000|0.00|0
06516L|HSI-H6L|0.160|0.000|0.000|0.000|0.00|0
06516M|HSI-H6M|0.200|0.200|0.195|-0.005|-2.50|1,490
06516N|HSI-H6N|0.325|0.320|0.305|-0.020|-6.15|2,170
6238|HSL|1.550|1.530|1.540|-0.010|-0.65|170
5138|HSPLANT|1.880|1.860|1.940|+0.060|+3.19|112
0185|HSSEB|1.120|1.100|1.090|-0.030|-2.68|9,004
0185WA|HSSEB-WA|0.195|0.195|0.195|0.000|0.00|170
5028|HTPADU|0.700|0.735|0.750|+0.050|+7.14|54,612
2739|HUAAN|0.210|0.215|0.220|+0.010|+4.76|179,210
5062|HUAYANG|0.390|0.390|0.395|+0.005|+1.28|1,254
7013|HUBLINE|0.055|0.060|0.060|+0.005|+9.09|10,160
7013WA|HUBLINE-WA|0.005|0.000|0.000|0.000|0.00|0
7013WB|HUBLINE-WB|0.005|0.000|0.000|0.000|0.00|0
7013WC|HUBLINE-WC|0.020|0.015|0.020|0.000|0.00|7,108
5000|HUMEIND|0.630|0.635|0.735|+0.105|+16.67|6,746
5024|HUPSENG|1.030|1.030|1.030|0.000|0.00|582
8478|HWATAI|0.340|0.000|0.000|0.000|0.00|0
9601|HWGB|0.105|0.100|0.105|0.000|0.00|476
9601WD|HWGB-WD|0.030|0.030|0.055|+0.025|+83.33|91
4251|IBHD|0.415|0.420|0.420|+0.005|+1.20|429
4251LB|IBHD-LB|0.300|0.000|0.000|0.000|0.00|0
4251WA|IBHD-WA|0.010|0.000|0.000|0.000|0.00|0
5084|IBRACO|0.710|0.000|0.000|0.000|0.00|0
5108|ICAP|2.420|2.450|2.410|-0.010|-0.41|21
0502CF|ICBC-CF|0.100|0.000|0.000|0.000|0.00|0
5255|ICON|0.070|0.070|0.090|+0.020|+28.57|147,730
9687|IDEAL|1.200|1.200|1.190|-0.010|-0.83|1,969
9687WB|IDEAL-WB|0.410|0.400|0.400|-0.010|-2.44|596
0174|IDMENSN|0.030|0.000|0.000|0.000|0.00|0
0174WA|IDMENSN-WA|0.005|0.000|0.000|0.000|0.00|0
0023|IFCAMSC|0.400|0.395|0.405|+0.005|+1.25|180,564
5606|IGBB|2.490|2.500|2.490|0.000|0.00|59
5606PA|IGBB-PA|1.110|0.000|0.000|0.000|0.00|0
5606PB|IGBB-PB|3.250|3.280|3.280|+0.030|+0.92|1
5227|IGBREIT|1.770|1.770|1.760|-0.010|-0.56|2,600
5225|IHH|5.880|5.820|5.840|-0.040|-0.68|63,854
522510|IHH-C10|0.135|0.130|0.130|-0.005|-3.70|1,300
5225C7|IHH-C7|0.050|0.000|0.000|0.000|0.00|0
5225C8|IHH-C8|0.130|0.120|0.120|-0.010|-7.69|800
5225C9|IHH-C9|0.095|0.000|0.000|0.000|0.00|0
0401GA|IHS046000824|96.000|0.000|0.000|0.000|0.00|0
3336|IJM|1.800|1.830|1.910|+0.110|+6.11|30,215
333620|IJM-C20|0.045|0.050|0.050|+0.005|+11.11|1,997
333621|IJM-C21|0.045|0.045|0.050|+0.005|+11.11|1,720
333622|IJM-C22|0.005|0.000|0.000|0.000|0.00|0
333624|IJM-C24|0.110|0.120|0.120|+0.010|+9.09|100
333625|IJM-C25|0.125|0.130|0.130|+0.005|+4.00|200
2216|IJMPLNT|1.720|0.000|0.000|0.000|0.00|0
5268|IKHMAS|0.130|0.130|0.145|+0.015|+11.54|46,743
5614|ILB|0.450|0.000|0.000|0.000|0.00|0
7222|IMASPRO|2.200|2.220|2.230|+0.030|+1.36|19,441
0166|INARI|1.580|1.580|1.670|+0.090|+5.70|126,602
016621|INARI-C21|0.010|0.000|0.000|0.000|0.00|0
016622|INARI-C22|0.005|0.000|0.000|0.000|0.00|0
016623|INARI-C23|0.005|0.000|0.000|0.000|0.00|0
016624|INARI-C24|0.005|0.000|0.000|0.000|0.00|0
016625|INARI-C25|0.005|0.000|0.000|0.000|0.00|0
016626|INARI-C26|0.040|0.050|0.055|+0.015|+37.50|1,800
016627|INARI-C27|0.040|0.040|0.050|+0.010|+25.00|35,100
016628|INARI-C28|0.040|0.000|0.000|0.000|0.00|0
016629|INARI-C29|0.075|0.085|0.090|+0.015|+20.00|2,200
016630|INARI-C30|0.070|0.075|0.075|+0.005|+7.14|400
016631|INARI-C31|0.125|0.130|0.150|+0.025|+20.00|60,878
016632|INARI-C32|0.135|0.140|0.155|+0.020|+14.81|8,055
016633|INARI-C33|0.280|0.300|0.310|+0.030|+10.71|4
016634|INARI-C34|0.090|0.100|0.105|+0.015|+16.67|26,737
016635|INARI-C35|0.070|0.075|0.085|+0.015|+21.43|3,778
016636|INARI-C36|0.085|0.095|0.095|+0.010|+11.76|400
0166WB|INARI-WB|1.030|1.030|1.110|+0.080|+7.77|2,997
2607|INCKEN|0.635|0.620|0.620|-0.015|-2.36|4,400
0094|INIX|0.055|0.055|0.055|0.000|0.00|81,757
0094WA|INIX-WA|0.025|0.025|0.025|0.000|0.00|5,677
0147|INNITY|0.615|0.000|0.000|0.000|0.00|0
6262|INNO|0.715|0.715|0.750|+0.035|+4.90|107
3379|INSAS|0.775|0.765|0.775|0.000|0.00|8,920
3379PA|INSAS-PA|0.975|0.000|0.000|0.000|0.00|0
3379WB|INSAS-WB|0.080|0.080|0.085|+0.005|+6.25|1,798
0192|INTA|0.275|0.275|0.275|0.000|0.00|1,390
1961|IOICORP|4.520|4.510|4.530|+0.010|+0.22|15,478
196119|IOICORP-C19|0.060|0.055|0.050|-0.010|-16.67|4
5249|IOIPG|1.460|1.460|1.520|+0.060|+4.11|6,477
5249CU|IOIPG-CU|0.045|0.000|0.000|0.000|0.00|0
5249CV|IOIPG-CV|0.170|0.185|0.185|+0.015|+8.82|490
5673|IPMUDA|0.500|0.000|0.000|0.000|0.00|0
5107|IQGROUP|1.220|1.210|1.220|0.000|0.00|520
8834|IREKA|0.555|0.000|0.000|0.000|0.00|0
8834WB|IREKA-WB|0.005|0.000|0.000|0.000|0.00|0
7183|IRETEX|0.130|0.130|0.130|0.000|0.00|220
7183LA|IRETEX-LA|0.015|0.015|0.015|0.000|0.00|5,502
7183WA|IRETEX-WA|0.005|0.000|0.000|0.000|0.00|0
0010|IRIS|0.130|0.130|0.140|+0.010|+7.69|232,490
9393|ITRONIC|0.100|0.000|0.000|0.000|0.00|0
5175|IVORY|0.220|0.000|0.000|0.000|0.00|0
1589|IWCITY|0.685|0.690|0.715|+0.030|+4.38|278,885
7223|JADI|0.040|0.035|0.035|-0.005|-12.50|5,002
0024|JAG|0.055|0.050|0.050|-0.005|-9.09|6,676
0024WA|JAG-WA|0.005|0.000|0.000|0.000|0.00|0
0024WB|JAG-WB|0.010|0.010|0.010|0.000|0.00|1,173
4723|JAKS|0.610|0.615|0.700|+0.090|+14.75|343,564
4723WB|JAKS-WB|0.325|0.325|0.350|+0.025|+7.69|21,385
8648|JASKITA|0.115|0.115|0.115|0.000|0.00|9,268
7152|JAYCORP|0.830|0.840|0.850|+0.020|+2.41|195
0058|JCBNEXT|1.530|1.510|1.510|-0.020|-1.31|71
5161|JCY|0.200|0.200|0.210|+0.010|+5.00|15,877
8931|JERASIA|0.375|0.355|0.375|0.000|0.00|532
9083|JETSON|0.180|0.190|0.190|+0.010|+5.56|210
0146|JFTECH|0.790|0.790|0.790|0.000|0.00|403
0127|JHM|1.160|1.160|1.160|0.000|0.00|10,911
8923|JIANKUN|0.325|0.000|0.000|0.000|0.00|0
8923WA|JIANKUN-WA|0.075|0.000|0.000|0.000|0.00|0
6769|JKGLAND|0.080|0.000|0.000|0.000|0.00|0
03003|JMEDU|0.535|0.000|0.000|0.000|0.00|0
7043|JMR|0.970|0.960|0.960|-0.010|-1.03|40
3441|JOHAN|0.085|0.085|0.090|+0.005|+5.88|2,906
7167|JOHOTIN|1.410|1.420|1.430|+0.020|+1.42|11,333
4383|JTIASA|0.580|0.590|0.575|-0.005|-0.86|10,135
0111|K1|0.245|0.245|0.240|-0.005|-2.04|24,709
0111WC|K1-WC|0.110|0.115|0.110|0.000|0.00|8,602
0193|KAB|0.220|0.220|0.225|+0.005|+2.27|3,710
8672|KAMDAR|0.290|0.000|0.000|0.000|0.00|0
0170|KANGER|0.045|0.040|0.040|-0.005|-11.11|14,497
0170WA|KANGER-WA|0.020|0.000|0.000|0.000|0.00|0
5247|KAREX|0.420|0.425|0.425|+0.005|+1.19|46,927
0054|KARYON|0.135|0.135|0.135|0.000|0.00|3,302
7216|KAWAN|1.750|1.750|1.750|0.000|0.00|120
3115|KBUNAI|0.080|0.085|0.080|0.000|0.00|4,250
3115WC|KBUNAI-WC|0.020|0.020|0.020|0.000|0.00|28,000
7199|KEINHIN|0.630|0.000|0.000|0.000|0.00|0
7323|KEN|0.700|0.000|0.000|0.000|0.00|0
6483|KENANGA|0.560|0.560|0.555|-0.005|-0.89|270
7161|KERJAYA|1.260|1.260|1.270|+0.010|+0.79|4,891
7161CJ|KERJAYA-CJ|0.020|0.000|0.000|0.000|0.00|0
7161WB|KERJAYA-WB|0.215|0.215|0.205|-0.010|-4.65|3,495
9334|KESM|9.480|9.510|9.750|+0.270|+2.85|211
0143|KEYASIC|0.110|0.110|0.110|0.000|0.00|44,768
6491|KFIMA|1.650|0.000|0.000|0.000|0.00|0
8303|KFM|0.165|0.160|0.160|-0.005|-3.03|30
0151|KGB|1.250|1.250|1.250|0.000|0.00|6,065
0151WA|KGB-WA|0.735|0.735|0.735|0.000|0.00|3,585
0036|KGROUP|0.040|0.040|0.040|0.000|0.00|937
0036WB|KGROUP-WB|0.010|0.000|0.000|0.000|0.00|0
6203|KHEESAN|0.595|0.600|0.600|+0.005|+0.84|50
7062|KHIND|1.700|0.000|0.000|0.000|0.00|0
6211|KIALIM|0.225|0.000|0.000|0.000|0.00|0
3522|KIANJOO|3.050|3.050|3.060|+0.010|+0.33|3,178
5371|KIMHIN|1.220|1.180|1.170|-0.050|-4.10|300
5171|KIMLUN|1.240|1.240|1.220|-0.020|-1.61|214
5171WA|KIMLUN-WA|0.310|0.000|0.000|0.000|0.00|0
5060|KINSTEL|0.005|0.000|0.000|0.000|0.00|0
5280|KIPREIT|0.845|0.835|0.835|-0.010|-1.18|1,422
9466|KKB|1.220|1.230|1.240|+0.020|+1.64|2,296
5235SS|KLCC|7.730|7.900|7.800|+0.070|+0.91|220
2445|KLK|24.720|24.700|24.800|+0.080|+0.32|3,166
2445C2|KLK-C2|0.140|0.000|0.000|0.000|0.00|0
2453|KLUANG|3.600|3.530|3.600|0.000|0.00|20
5027|KMLOONG|1.290|1.280|1.290|0.000|0.00|308
5027WB|KMLOONG-WB|0.210|0.240|0.240|+0.030|+14.29|15
7164|KNM|0.105|0.105|0.105|0.000|0.00|40,925
7164WB|KNM-WB|0.015|0.015|0.015|0.000|0.00|590
5035|KNUSFOR|0.430|0.000|0.000|0.000|0.00|0
6971|KOBAY|1.500|1.500|1.500|0.000|0.00|257
7017|KOMARK|0.190|0.190|0.190|0.000|0.00|1,355
7017WB|KOMARK-WB|0.030|0.030|0.030|0.000|0.00|2,793
7153|KOSSAN|3.750|3.760|3.730|-0.020|-0.53|6,672
7153CY|KOSSAN-CY|0.010|0.000|0.000|0.000|0.00|0
7153CZ|KOSSAN-CZ|0.150|0.000|0.000|0.000|0.00|0
0002|KOTRA|1.760|1.790|1.790|+0.030|+1.70|10
5878|KPJ|1.040|1.040|1.040|0.000|0.00|47,031
5878CR|KPJ-CR|0.020|0.000|0.000|0.000|0.00|0
5878CS|KPJ-CS|0.030|0.000|0.000|0.000|0.00|0
7130|KPOWER|0.480|0.390|0.400|-0.080|-16.67|652
5843|KPS|1.330|1.310|1.330|0.000|0.00|3,488
9121|KPSCB|0.515|0.515|0.510|-0.005|-0.97|1,255
1996|KRETAM|0.400|0.395|0.410|+0.010|+2.50|4,290
0176|KRONO|0.620|0.615|0.620|0.000|0.00|34,621
3476|KSENG|4.700|4.720|4.700|0.000|0.00|451
5038|KSL|0.855|0.855|0.905|+0.050|+5.85|19,738
5192|KSSC|0.550|0.550|0.555|+0.005|+0.91|14,115
5172|KSTAR|0.080|0.080|0.080|0.000|0.00|500
5172WA|KSTAR-WA|0.020|0.000|0.000|0.000|0.00|0
4847|KTB|0.070|0.070|0.070|0.000|0.00|200
0180|KTC|0.185|0.185|0.180|-0.005|-2.70|7,970
6874|KUB|0.435|0.440|0.450|+0.015|+3.45|40,198
2186|KUCHAI|1.600|1.600|1.610|+0.010|+0.63|1,173
6572|KWANTAS|0.830|0.000|0.000|0.000|0.00|0
8362|KYM|0.305|0.340|0.340|+0.035|+11.48|1
3174|L&G|0.150|0.150|0.155|+0.005|+3.33|13,838
3794|LAFMSIA|1.890|1.900|2.000|+0.110|+5.82|3,762
0018|LAMBO|0.145|0.140|0.145|0.000|0.00|43,279
1643|LANDMRK|0.465|0.460|0.480|+0.015|+3.23|402
7006|LATITUD|3.960|3.960|4.030|+0.070|+1.77|425
9385|LAYHONG|0.440|0.440|0.440|0.000|0.00|68,716
9385WA|LAYHONG-WA|0.195|0.195|0.200|+0.005|+2.56|26,691
9326|LBALUM|0.480|0.475|0.485|+0.005|+1.04|360
8494|LBICAP|0.835|0.810|0.815|-0.020|-2.40|1,170
5789|LBS|0.680|0.680|0.680|0.000|0.00|3,906
5789PA|LBS-PA|0.840|0.000|0.000|0.000|0.00|0
5789WB|LBS-WB|0.245|0.250|0.250|+0.005|+2.04|9
5284|LCTITAN|4.280|4.290|4.340|+0.060|+1.40|3,075
9628|LEBTECH|0.860|0.000|0.000|0.000|0.00|0
8079|LEESK|0.935|0.945|0.950|+0.015|+1.60|3,091
5232|LEONFB|0.485|0.485|0.485|0.000|0.00|570
8745|LEWEKO|0.150|0.000|0.000|0.000|0.00|0
8745WB|LEWEKO-WB|0.055|0.000|0.000|0.000|0.00|0
7170|LFECORP|0.110|0.105|0.105|-0.005|-4.55|100
3573|LIENHOE|0.280|0.280|0.280|0.000|0.00|2,280
7089|LIIHEN|2.720|2.720|2.670|-0.050|-1.84|2,609
8486|LIONFIB|0.420|0.440|0.440|+0.020|+4.76|100
4235|LIONIND|0.515|0.515|0.520|+0.005|+0.97|50,486
6645|LITRAK|4.350|4.350|4.330|-0.020|-0.46|1,405
0182|LKL|0.110|0.110|0.110|0.000|0.00|2,742
7126|LONBISC|0.420|0.420|0.415|-0.005|-1.19|63,423
7126WA|LONBISC-WA|0.040|0.040|0.040|0.000|0.00|250
8621|LPI|16.340|16.300|16.260|-0.080|-0.49|250
9881|LSTEEL|0.275|0.270|0.270|-0.005|-1.82|110
7085|LTKM|1.240|1.300|1.260|+0.020|+1.61|1,045
5068|LUSTER|0.080|0.080|0.080|0.000|0.00|35,452
5068WA|LUSTER-WA|0.030|0.025|0.030|0.000|0.00|604
5068WB|LUSTER-WB|0.040|0.000|0.000|0.000|0.00|0
5143|LUXCHEM|0.550|0.550|0.550|0.000|0.00|798
0075|LYC|0.325|0.330|0.330|+0.005|+1.54|220
9199|LYSAGHT|2.690|0.000|0.000|0.000|0.00|0
5078|M&G|0.075|0.000|0.000|0.000|0.00|0
0017|M3TECH|0.045|0.045|0.050|+0.005|+11.11|8,141
0017WA|M3TECH-WA|0.005|0.000|0.000|0.000|0.00|0
1198|MAA|1.000|1.010|1.000|0.000|0.00|3,913
7617|MAGNA|0.880|0.855|0.880|0.000|0.00|45
7617WB|MAGNA-WB|0.180|0.175|0.180|0.000|0.00|175
7087|MAGNI|4.550|4.560|4.610|+0.060|+1.32|896
3859|MAGNUM|2.390|2.380|2.400|+0.010|+0.42|31,308
8583|MAHSING|0.950|0.950|0.950|0.000|0.00|23,085
858317|MAHSING-C17|0.040|0.000|0.000|0.000|0.00|0
858318|MAHSING-C18|0.030|0.000|0.000|0.000|0.00|0
858319|MAHSING-C19|0.035|0.030|0.030|-0.005|-14.29|6,000
8583WC|MAHSING-WC|0.025|0.020|0.015|-0.010|-40.00|106
5264|MALAKOF|0.915|0.925|0.920|+0.005|+0.55|24,079
526412|MALAKOFC12|0.005|0.005|0.005|0.000|0.00|2,240
526413|MALAKOFC13|0.010|0.000|0.000|0.000|0.00|0
526414|MALAKOFC14|0.005|0.000|0.000|0.000|0.00|0
526415|MALAKOFC15|0.035|0.000|0.000|0.000|0.00|0
526416|MALAKOFC16|0.025|0.025|0.020|-0.005|-20.00|1,280
526417|MALAKOFC17|0.090|0.000|0.000|0.000|0.00|0
526418|MALAKOFC18|0.065|0.065|0.060|-0.005|-7.69|18,872
526419|MALAKOFC19|0.125|0.125|0.125|0.000|0.00|1,000
526420|MALAKOFC20|0.095|0.000|0.000|0.000|0.00|0
526421|MALAKOFC21|0.080|0.080|0.080|0.000|0.00|2,100
4936|MALPAC|0.850|0.000|0.000|0.000|0.00|0
6181|MALTON|0.510|0.515|0.515|+0.005|+0.98|8,686
1058|MANULFE|2.550|0.000|0.000|0.000|0.00|0
3514|MARCO|0.120|0.125|0.125|+0.005|+4.17|700
5098|MASTEEL|0.440|0.435|0.450|+0.010|+2.27|23,106
7029|MASTER|0.655|0.655|0.680|+0.025|+3.82|6,321
0189|MATANG|0.070|0.070|0.070|0.000|0.00|10,577
5236|MATRIX|1.960|1.970|1.960|0.000|0.00|5,737
5236WA|MATRIX-WA|0.140|0.130|0.145|+0.005|+3.57|44
6012|MAXIS|5.300|5.310|5.340|+0.040|+0.75|13,246
6012C8|MAXIS-C8|0.065|0.000|0.000|0.000|0.00|0
6012C9|MAXIS-C9|0.045|0.000|0.000|0.000|0.00|0
5189|MAXWELL|0.010|0.000|0.000|0.000|0.00|0
5189WA|MAXWELL-WA|0.005|0.000|0.000|0.000|0.00|0
1155|MAYBANK|9.530|9.560|9.540|+0.010|+0.10|69,424
115543|MAYBANKC43|0.085|0.085|0.085|0.000|0.00|900
115544|MAYBANKC44|0.010|0.005|0.005|-0.005|-50.00|750
115545|MAYBANKC45|0.020|0.000|0.000|0.000|0.00|0
115546|MAYBANKC46|0.015|0.010|0.010|-0.005|-33.33|6,273
115547|MAYBANKC47|0.035|0.000|0.000|0.000|0.00|0
115548|MAYBANKC48|0.030|0.000|0.000|0.000|0.00|0
115549|MAYBANKC49|0.120|0.000|0.000|0.000|0.00|0
115550|MAYBANKC50|0.105|0.105|0.105|0.000|0.00|880
115551|MAYBANKC51|0.105|0.110|0.105|0.000|0.00|899
115552|MAYBANKC52|0.050|0.050|0.050|0.000|0.00|4,230
115553|MAYBANKC53|0.150|0.000|0.000|0.000|0.00|0
5077|MAYBULK|0.605|0.615|0.620|+0.015|+2.48|4,582
5886|MBG|0.800|0.000|0.000|0.000|0.00|0
5152|MBL|1.040|1.040|1.070|+0.030|+2.88|1,958
5152WA|MBL-WA|0.345|0.000|0.000|0.000|0.00|0
5983|MBMR|2.610|2.640|2.620|+0.010|+0.38|5,336
1171|MBSB|0.980|0.985|0.995|+0.015|+1.53|24,980
117115|MBSB-C15|0.010|0.010|0.010|0.000|0.00|2,000
117116|MBSB-C16|0.060|0.060|0.060|0.000|0.00|1,998
117117|MBSB-C17|0.050|0.055|0.060|+0.010|+20.00|6,593
117118|MBSB-C18|0.055|0.000|0.000|0.000|0.00|0
117119|MBSB-C19|0.070|0.000|0.000|0.000|0.00|0
117120|MBSB-C20|0.025|0.000|0.000|0.000|0.00|0
7189|MBWORLD|1.630|0.000|0.000|0.000|0.00|0
7004|MCEHLDG|0.630|0.630|0.630|0.000|0.00|10
0167|MCLEAN|0.090|0.090|0.090|0.000|0.00|200
0167WB|MCLEAN-WB|0.015|0.000|0.000|0.000|0.00|0
5182|MCT|0.660|0.665|0.665|+0.005|+0.76|30
5040|MEDAINC|0.290|0.295|0.305|+0.015|+5.17|29,837
5040WA|MEDAINC-WA|0.095|0.000|0.000|0.000|0.00|0
5040WB|MEDAINC-WB|0.025|0.000|0.000|0.000|0.00|0
5040WC|MEDAINC-WC|0.025|0.000|0.000|0.000|0.00|0
4502|MEDIA|0.515|0.520|0.520|+0.005|+0.97|37,624
5090|MEDIAC|0.225|0.230|0.235|+0.010|+4.44|2,573
0081|MEGASUN|0.160|0.000|0.000|0.000|0.00|0
0081WA|MEGASUN-WA|0.040|0.000|0.000|0.000|0.00|0
5129|MELATI|0.465|0.475|0.475|+0.010|+2.15|220
3778|MELEWAR|0.135|0.135|0.135|0.000|0.00|9,056
3778WB|MELEWAR-WB|0.045|0.045|0.045|0.000|0.00|350
1694|MENANG|0.395|0.375|0.385|-0.010|-2.53|510
1694WB|MENANG-WB|0.010|0.005|0.005|-0.005|-50.00|351
0577C2|MENGNIU-C2|0.155|0.165|0.165|+0.010|+6.45|1,580
5223|MENTIGA|0.510|0.000|0.000|0.000|0.00|0
8192|MERCURY|0.860|0.870|0.900|+0.040|+4.65|352
5006|MERGE|1.400|1.430|1.300|-0.100|-7.14|12,169
7234|MESB|0.320|0.330|0.320|0.000|0.00|2,392
7234WA|MESB-WA|0.105|0.105|0.100|-0.005|-4.76|14,589
0826EA|METFAPA|1.040|0.000|0.000|0.000|0.00|0
0825EA|METFSID|0.826|0.000|0.000|0.000|0.00|0
0827EA|METFUS50|1.065|0.000|0.000|0.000|0.00|0
6149|METROD|1.700|0.000|0.000|0.000|0.00|0
3069|MFCB|3.840|3.820|3.800|-0.040|-1.04|1,056
3069WA|MFCB-WA|1.650|1.670|1.630|-0.020|-1.21|1,377
03015|MFGROUP|0.220|0.000|0.000|0.000|0.00|0
3662|MFLOUR|0.690|0.700|0.705|+0.015|+2.17|292,475
3662LA|MFLOUR-LA|1.330|1.360|1.360|+0.030|+2.26|4,006
3662WC|MFLOUR-WC|0.240|0.240|0.245|+0.005|+2.08|88,696
7595|MGB|0.800|0.810|0.800|0.000|0.00|897
7595WA|MGB-WA|0.300|0.290|0.285|-0.015|-5.00|250
0155|MGRC|0.255|0.250|0.250|-0.005|-1.96|99
5186|MHB|0.760|0.760|0.790|+0.030|+3.95|8,439
518613|MHB-C13|0.030|0.000|0.000|0.000|0.00|0
5026|MHC|0.600|0.640|0.640|+0.040|+6.67|251
03005|MHCARE|0.520|0.000|0.000|0.000|0.00|0
5286|MI|2.310|2.310|2.310|0.000|0.00|4,593
5286CA|MI-CA|0.090|0.000|0.000|0.000|0.00|0
5286CB|MI-CB|0.045|0.000|0.000|0.000|0.00|0
5286CC|MI-CC|0.080|0.070|0.070|-0.010|-12.50|100
5286CD|MI-CD|0.150|0.145|0.150|0.000|0.00|2,200
5286CE|MI-CE|0.150|0.000|0.000|0.000|0.00|0
5286CF|MI-CF|0.125|0.000|0.000|0.000|0.00|0
0126|MICROLN|0.405|0.000|0.000|0.000|0.00|0
5001|MIECO|0.275|0.275|0.280|+0.005|+1.82|5,730
0112|MIKROMB|0.265|0.255|0.255|-0.010|-3.77|1,755
7935|MILUX|0.680|0.000|0.000|0.000|0.00|0
5166|MINDA|0.050|0.050|0.050|0.000|0.00|300
7219|MINETEC|0.050|0.050|0.050|0.000|0.00|3,860
7219WA|MINETEC-WA|0.005|0.000|0.000|0.000|0.00|0
5576|MINHO|0.300|0.295|0.295|-0.005|-1.67|745
5576WC|MINHO-WC|0.075|0.000|0.000|0.000|0.00|0
3816|MISC|6.730|6.700|6.800|+0.070|+1.04|13,007
381619|MISC-C19|0.175|0.160|0.175|0.000|0.00|778
381620|MISC-C20|0.100|0.095|0.095|-0.005|-5.00|1,800
381621|MISC-C21|0.160|0.000|0.000|0.000|0.00|0
9571|MITRA|0.325|0.325|0.335|+0.010|+3.08|8,170
9571WD|MITRA-WD|0.035|0.030|0.035|0.000|0.00|351
9571WE|MITRA-WE|0.070|0.090|0.090|+0.020|+28.57|900
8141|MJPERAK|0.230|0.210|0.210|-0.020|-8.70|705
6114|MKH|1.250|1.250|1.260|+0.010|+0.80|2,032
8893|MKLAND|0.195|0.195|0.195|0.000|0.00|3,768
0085|MLAB|0.040|0.040|0.045|+0.005|+12.50|2,830
0085WA|MLAB-WA|0.010|0.000|0.000|0.000|0.00|0
0085WB|MLAB-WB|0.010|0.005|0.010|0.000|0.00|1,001
0034|MMAG|0.225|0.000|0.000|0.000|0.00|0
0034PA|MMAG-PA|0.090|0.000|0.000|0.000|0.00|0
0034WB|MMAG-WB|0.075|0.000|0.000|0.000|0.00|0
2194|MMCCORP|1.170|1.190|1.160|-0.010|-0.85|55,884
0113|MMSV|0.985|0.985|0.990|+0.005|+0.51|1,643
0103|MNC|0.040|0.000|0.000|0.000|0.00|0
0103WA|MNC-WA|0.010|0.000|0.000|0.000|0.00|0
6459|MNRB|0.985|0.990|1.000|+0.015|+1.52|46,416
0156|MPAY|0.130|0.130|0.125|-0.005|-3.85|97,025
6548|MPCORP|0.045|0.000|0.000|0.000|0.00|0
5237|MPHBCAP|1.110|1.090|1.090|-0.020|-1.80|826
3867|MPI|9.900|9.970|9.950|+0.050|+0.51|1,310
5123|MQREIT|1.100|1.090|1.080|-0.020|-1.82|904
0070|MQTECH|0.030|0.000|0.000|0.000|0.00|0
0070WA|MQTECH-WA|0.010|0.000|0.000|0.000|0.00|0
1651|MRCB|0.790|0.790|0.835|+0.045|+5.70|315,702
165134|MRCB-C34|0.010|0.000|0.000|0.000|0.00|0
165135|MRCB-C35|0.005|0.000|0.000|0.000|0.00|0
165136|MRCB-C36|0.055|0.060|0.065|+0.010|+18.18|1,600
165137|MRCB-C37|0.080|0.080|0.095|+0.015|+18.75|22,304
165138|MRCB-C38|0.065|0.070|0.070|+0.005|+7.69|2,110
165139|MRCB-C39|0.120|0.120|0.135|+0.015|+12.50|43,236
165140|MRCB-C40|0.165|0.170|0.180|+0.015|+9.09|2,169
165141|MRCB-C41|0.130|0.140|0.145|+0.015|+11.54|9,058
165142|MRCB-C42|0.055|0.055|0.060|+0.005|+9.09|8,780
1651WB|MRCB-WB|0.230|0.230|0.245|+0.015|+6.52|11,300
5916|MSC|0.890|0.895|0.925|+0.035|+3.93|4,196
5202|MSM|2.030|2.030|2.000|-0.030|-1.48|3,054
5011|MSNIAGA|1.530|1.580|1.580|+0.050|+3.27|493
5150|MSPORTS|0.010|0.000|0.000|0.000|0.00|0
5924|MTDACPI|0.140|0.150|0.150|+0.010|+7.14|1,344
0092|MTOUCHE|0.060|0.060|0.055|-0.005|-8.33|4,850
0092WB|MTOUCHE-WB|0.025|0.000|0.000|0.000|0.00|0
0092WC|MTOUCHE-WC|0.015|0.000|0.000|0.000|0.00|0
0043|MTRONIC|0.095|0.085|0.085|-0.010|-10.53|24,209
3883|MUDA|1.900|1.900|1.920|+0.020|+1.05|12,077
5085|MUDAJYA|0.295|0.295|0.295|0.000|0.00|1,666
9539|MUH|0.450|0.450|0.480|+0.030|+6.67|810
5703|MUHIBAH|2.970|3.000|2.970|0.000|0.00|3,741
3891|MUIIND|0.165|0.165|0.170|+0.005|+3.03|11,103
3913|MUIPROP|0.185|0.185|0.180|-0.005|-2.70|26,395
3905|MULPHA|2.600|2.600|2.600|0.000|0.00|7,158
5087|MYCRON|0.270|0.260|0.285|+0.015|+5.56|3,190
5087WA|MYCRON-WA|0.110|0.000|0.000|0.000|0.00|0
0138|MYEG|1.010|1.030|1.190|+0.180|+17.82|2,638,625
013844|MYEG-C44|0.070|0.085|0.110|+0.040|+57.14|3,862
013846|MYEG-C46|0.010|0.000|0.000|0.000|0.00|0
013847|MYEG-C47|0.015|0.000|0.000|0.000|0.00|0
013848|MYEG-C48|0.005|0.000|0.000|0.000|0.00|0
013849|MYEG-C49|0.005|0.005|0.005|0.000|0.00|5,802
013850|MYEG-C50|0.055|0.000|0.000|0.000|0.00|0
013851|MYEG-C51|0.005|0.000|0.000|0.000|0.00|0
013852|MYEG-C52|0.005|0.000|0.000|0.000|0.00|0
013853|MYEG-C53|0.010|0.015|0.025|+0.015|+150.00|4,038
013854|MYEG-C54|0.005|0.005|0.010|+0.005|+100.00|41,120
013855|MYEG-C55|0.060|0.065|0.100|+0.040|+66.67|147,014
013856|MYEG-C56|0.225|0.240|0.325|+0.100|+44.44|55,269
013857|MYEG-C57|0.120|0.130|0.170|+0.050|+41.67|27,317
013858|MYEG-C58|0.070|0.070|0.105|+0.035|+50.00|74,479
013859|MYEG-C59|0.110|0.115|0.160|+0.050|+45.45|167,466
013860|MYEG-C60|0.115|0.145|0.170|+0.055|+47.83|10
013861|MYEG-C61|0.075|0.080|0.110|+0.035|+46.67|47,422
013862|MYEG-C62|0.100|0.105|0.145|+0.045|+45.00|3,384
013863|MYEG-C63|0.090|0.110|0.130|+0.040|+44.44|36,650
0821EA|MYETFDJ|1.125|1.125|1.125|0.000|0.00|1
0824EA|MYETFID|1.140|0.000|0.000|0.000|0.00|0
03010|MYKRIS|0.300|0.000|0.000|0.000|0.00|0
5275|MYNEWS|1.390|1.360|1.380|-0.010|-0.72|971
0108|N2N|0.900|0.895|0.905|+0.005|+0.56|3,738
0108WB|N2N-WB|0.245|0.245|0.245|0.000|0.00|1,340
0206|NADIBHD|0.260|0.255|0.260|0.000|0.00|15,751
5073|NAIM|0.935|0.935|0.950|+0.015|+1.60|55,757
9806|NATWIDE|0.320|0.000|0.000|0.000|0.00|0
4707|NESTLE|147.000|146.500|147.300|+0.300|+0.20|518
4707CE|NESTLE-CE|0.045|0.045|0.045|0.000|0.00|4
0020|NETX|0.020|0.015|0.015|-0.005|-25.00|182,237
0020WB|NETX-WB|0.005|0.000|0.000|0.000|0.00|0
0096|NEXGRAM|0.020|0.015|0.020|0.000|0.00|1,220
0096WA|NEXGRAM-WA|0.005|0.000|0.000|0.000|0.00|0
0096WB|NEXGRAM-WB|0.005|0.000|0.000|0.000|0.00|0
0096WC|NEXGRAM-WC|0.005|0.000|0.000|0.000|0.00|0
7241|NGGB|0.480|0.485|0.475|-0.005|-1.04|7,450
7241WA|NGGB-WA|0.190|0.190|0.185|-0.005|-2.63|11,128
7060|NHFATT|2.700|2.700|2.700|0.000|0.00|19
7139|NICE|0.035|0.035|0.035|0.000|0.00|500
7139WB|NICE-WB|0.015|0.010|0.010|-0.005|-33.33|100
7215|NIHSIN|0.280|0.280|0.290|+0.010|+3.57|33,759
0083|NOTION|0.570|0.570|0.595|+0.025|+4.39|38,914
0083WC|NOTION-WC|0.255|0.265|0.265|+0.010|+3.92|1,893
0201|NOVA|0.490|0.490|0.490|0.000|0.00|2,126
0026|NOVAMSC|0.125|0.125|0.120|-0.005|-4.00|75,348
5047|NPC|2.000|0.000|0.000|0.000|0.00|0
03006|NPS|0.230|0.250|0.250|+0.020|+8.70|60
2038|NSOP|3.270|0.000|0.000|0.000|0.00|0
5066|NTPM|0.500|0.510|0.510|+0.010|+2.00|260
5025|NWP|0.060|0.060|0.065|+0.005|+8.33|7,807
4944|NYLEX|0.670|0.675|0.665|-0.005|-0.75|562
5533|OCB|0.390|0.000|0.000|0.000|0.00|0
0172|OCK|0.555|0.555|0.560|+0.005|+0.90|24,699
0172WA|OCK-WA|0.095|0.095|0.100|+0.005|+5.26|13,930
0049|OCNCASH|0.415|0.425|0.435|+0.020|+4.82|6,937
7071|OCR|0.240|0.240|0.240|0.000|0.00|13,292
7071PA|OCR-PA|0.020|0.025|0.020|0.000|0.00|49
7071WC|OCR-WC|0.025|0.025|0.025|0.000|0.00|472
7071WD|OCR-WD|0.055|0.050|0.055|0.000|0.00|18,556
7107|OFI|0.760|0.770|0.785|+0.025|+3.29|1,940
5827|OIB|2.050|0.000|0.000|0.000|0.00|0
7140|OKA|0.630|0.630|0.640|+0.010|+1.59|1,045
3018|OLYMPIA|0.110|0.105|0.110|0.000|0.00|2,570
9008|OMESTI|0.380|0.370|0.375|-0.005|-1.32|2,481
0035|OPCOM|0.625|0.630|0.645|+0.020|+3.20|8,424
0040|OPENSYS|0.340|0.340|0.340|0.000|0.00|2,303
4006|ORIENT|6.850|6.870|6.820|-0.030|-0.44|909
0079|ORION|0.160|0.165|0.170|+0.010|+6.25|98,798
0079WA|ORION-WA|0.070|0.075|0.075|+0.005|+7.14|39,856
5065|ORNA|1.020|1.020|1.010|-0.010|-0.98|187
5053|OSK|0.975|0.965|0.955|-0.020|-2.05|3,590
5053WC|OSK-WC|0.045|0.045|0.045|0.000|0.00|4,357
0053|OSKVI|0.475|0.475|0.475|0.000|0.00|900
0153|OVERSEA|0.120|0.000|0.000|0.000|0.00|0
5260|OWG|0.630|0.630|0.615|-0.015|-2.38|7,042
5260WA|OWG-WA|0.175|0.170|0.170|-0.005|-2.86|850
6009|P&O|1.000|1.000|1.000|0.000|0.00|406
7225|PA|0.055|0.055|0.055|0.000|0.00|4,550
7225WB|PA-WB|0.040|0.035|0.040|0.000|0.00|4,387
7052|PADINI|3.810|3.830|3.880|+0.070|+1.84|23,786
7052CV|PADINI-CV|0.005|0.000|0.000|0.000|0.00|0
7052CW|PADINI-CW|0.010|0.000|0.000|0.000|0.00|0
7052CX|PADINI-CX|0.135|0.135|0.140|+0.005|+3.70|12,202
7052CY|PADINI-CY|0.095|0.095|0.100|+0.005|+5.26|6,199
7052CZ|PADINI-CZ|0.125|0.000|0.000|0.000|0.00|0
3719|PANAMY|38.100|38.000|37.960|-0.140|-0.37|61
0041|PANPAGE|0.230|0.230|0.230|0.000|0.00|590
8419|PANSAR|0.840|0.845|0.845|+0.005|+0.60|7,263
8419WA|PANSAR-WA|0.315|0.310|0.315|0.000|0.00|5,211
5125|PANTECH|0.570|0.565|0.590|+0.020|+3.51|33,072
5125WA|PANTECH-WA|0.130|0.130|0.130|0.000|0.00|2,702
5125WB|PANTECH-WB|0.135|0.135|0.135|0.000|0.00|1,205
5022|PAOS|0.330|0.315|0.330|0.000|0.00|170
5022WA|PAOS-WA|0.050|0.000|0.000|0.000|0.00|0
9407|PARAGON|0.260|0.260|0.270|+0.010|+3.85|80
1724|PARAMON|2.160|2.170|2.130|-0.030|-1.39|987
5657|PARKSON|0.240|0.240|0.250|+0.010|+4.17|88,065
0022|PARLO|0.080|0.080|0.075|-0.005|-6.25|1,432
6912|PASDEC|0.405|0.000|0.000|0.000|0.00|0
6912WA|PASDEC-WA|0.075|0.070|0.070|-0.005|-6.67|2,029
0177|PASUKGB|0.055|0.055|0.055|0.000|0.00|27,552
5212|PAVREIT|1.730|1.730|1.740|+0.010|+0.58|1,195
5041|PBA|1.150|1.140|1.140|-0.010|-0.87|522
1295|PBBANK|24.600|24.660|24.520|-0.080|-0.33|49,349
129526|PBBANK-C26|0.050|0.000|0.000|0.000|0.00|0
129527|PBBANK-C27|0.035|0.035|0.030|-0.005|-14.29|4,207
129528|PBBANK-C28|0.105|0.000|0.000|0.000|0.00|0
129529|PBBANK-C29|0.180|0.170|0.170|-0.010|-5.56|100
129530|PBBANK-C30|0.125|0.000|0.000|0.000|0.00|0
129531|PBBANK-C31|0.175|0.175|0.170|-0.005|-2.86|3,800
6068|PCCS|0.295|0.295|0.300|+0.005|+1.69|32,948
6068WA|PCCS-WA|0.070|0.070|0.070|0.000|0.00|8,259
5183|PCHEM|9.190|9.220|9.300|+0.110|+1.20|139,760
518322|PCHEM-C22|0.030|0.000|0.000|0.000|0.00|0
518323|PCHEM-C23|0.015|0.000|0.000|0.000|0.00|0
518324|PCHEM-C24|0.020|0.010|0.010|-0.010|-50.00|500
518325|PCHEM-C25|0.050|0.000|0.000|0.000|0.00|0
518326|PCHEM-C26|0.120|0.115|0.115|-0.005|-4.17|10,800
518327|PCHEM-C27|0.135|0.165|0.165|+0.030|+22.22|200
518328|PCHEM-C28|0.145|0.000|0.000|0.000|0.00|0
518329|PCHEM-C29|0.145|0.150|0.145|0.000|0.00|2,056
518330|PCHEM-C30|0.180|0.185|0.185|+0.005|+2.78|12,000
6254|PDZ|0.035|0.030|0.035|0.000|0.00|8,598
6254WB|PDZ-WB|0.010|0.010|0.010|0.000|0.00|5,715
5622|PEB|0.840|0.840|0.850|+0.010|+1.19|80
5271|PECCA|1.090|1.100|1.060|-0.030|-2.75|12,819
5231|PELIKAN|0.355|0.360|0.345|-0.010|-2.82|1,068
5133|PENERGY|1.110|1.090|1.160|+0.050|+4.50|38,355
9997|PENSONI|0.385|0.380|0.405|+0.020|+5.19|609
9997WB|PENSONI-WB|0.125|0.000|0.000|0.000|0.00|0
7160|PENTA|3.480|3.480|3.480|0.000|0.00|11,282
7108|PERDANA|0.290|0.290|0.295|+0.005|+1.72|157,905
0047|PERISAI|0.005|0.000|0.000|0.000|0.00|0
7080|PERMAJU|0.410|0.410|0.415|+0.005|+1.22|97,228
5436|PERSTIM|4.850|4.860|4.860|+0.010|+0.21|100
8311|PESONA|0.210|0.205|0.215|+0.005|+2.38|13,007
8311WC|PESONA-WC|0.045|0.045|0.045|0.000|0.00|100
5219|PESTECH|1.150|1.160|1.160|+0.010|+0.87|1,167
5219CF|PESTECH-CF|0.005|0.000|0.000|0.000|0.00|0
5681|PETDAG|26.400|26.200|26.680|+0.280|+1.06|3,300
5681CW|PETDAG-CW|0.015|0.000|0.000|0.000|0.00|0
5681CX|PETDAG-CX|0.080|0.085|0.085|+0.005|+6.25|400
6033|PETGAS|17.720|17.600|17.880|+0.160|+0.90|4,896
6033CR|PETGAS-CR|0.020|0.000|0.000|0.000|0.00|0
6033CS|PETGAS-CS|0.025|0.000|0.000|0.000|0.00|0
3042|PETRONM|6.690|6.650|6.800|+0.110|+1.64|1,506
3042CS|PETRONM-CS|0.035|0.000|0.000|0.000|0.00|0
3611|PGLOBE|1.100|0.000|0.000|0.000|0.00|0
3611WA|PGLOBE-WA|0.110|0.000|0.000|0.000|0.00|0
7081|PHARMA|2.360|2.380|2.380|+0.020|+0.85|2,310
4464|PHB|0.015|0.015|0.020|+0.005|+33.33|17,660
7201|PICORP|0.130|0.130|0.130|0.000|0.00|2,550
7095|PIE|1.640|1.620|1.650|+0.010|+0.61|5,345
0006|PINEAPP|0.260|0.290|0.290|+0.030|+11.54|10
1902|PINEPAC|0.340|0.330|0.330|-0.010|-2.94|400
0527C2|PINGAN-C2|0.075|0.000|0.000|0.000|0.00|0
0527C3|PINGAN-C3|0.405|0.405|0.410|+0.005|+1.23|4,336
7163|PJBUMI|0.290|0.295|0.295|+0.005|+1.72|310
7163WA|PJBUMI-WA|0.080|0.000|0.000|0.000|0.00|0
0171|PLABS|0.295|0.315|0.300|+0.005|+1.69|16,128
7055|PLB|1.140|0.000|0.000|0.000|0.00|0
5075|PLENITU|1.490|1.490|1.480|-0.010|-0.67|100
9695|PLS|0.915|0.000|0.000|0.000|0.00|0
7172|PMBTECH|3.200|3.200|3.300|+0.100|+3.13|1,453
7172LA|PMBTECH-LA|3.180|0.000|0.000|0.000|0.00|0
7172WA|PMBTECH-WA|1.450|1.450|1.450|0.000|0.00|80
4081|PMCORP|0.140|0.000|0.000|0.000|0.00|0
8869|PMETAL|4.310|4.310|4.430|+0.120|+2.78|20,506
886915|PMETAL-C15|0.045|0.045|0.055|+0.010|+22.22|2,210
886916|PMETAL-C16|0.005|0.000|0.000|0.000|0.00|0
886917|PMETAL-C17|0.030|0.020|0.015|-0.015|-50.00|8,200
886918|PMETAL-C18|0.120|0.000|0.000|0.000|0.00|0
886919|PMETAL-C19|0.070|0.000|0.000|0.000|0.00|0
886920|PMETAL-C20|0.025|0.030|0.035|+0.010|+40.00|700
886921|PMETAL-C21|0.040|0.000|0.000|0.000|0.00|0
886922|PMETAL-C22|0.035|0.000|0.000|0.000|0.00|0
886923|PMETAL-C23|0.180|0.000|0.000|0.000|0.00|0
886924|PMETAL-C24|0.070|0.000|0.000|0.000|0.00|0
886925|PMETAL-C25|0.150|0.155|0.160|+0.010|+6.67|10,572
8869WC|PMETAL-WC|3.910|3.800|4.000|+0.090|+2.30|1,420
1287|PMHLDG|0.055|0.055|0.050|-0.005|-9.09|111,710
6637|PNEPCB|0.495|0.500|0.520|+0.025|+5.05|2,401
5080|POHKONG|0.480|0.495|0.480|0.000|0.00|1,839
7088|POHUAT|1.580|1.580|1.620|+0.040|+2.53|10,237
7088WB|POHUAT-WB|0.555|0.570|0.615|+0.060|+10.81|5,538
8117|POLY|0.435|0.000|0.000|0.000|0.00|0
03007|POLYMER|0.170|0.000|0.000|0.000|0.00|0
4634|POS|1.900|1.900|1.900|0.000|0.00|32,125
463421|POS-C21|0.005|0.000|0.000|0.000|0.00|0
463422|POS-C22|0.005|0.000|0.000|0.000|0.00|0
463423|POS-C23|0.005|0.000|0.000|0.000|0.00|0
463424|POS-C24|0.005|0.000|0.000|0.000|0.00|0
463425|POS-C25|0.005|0.000|0.000|0.000|0.00|0
463426|POS-C26|0.005|0.000|0.000|0.000|0.00|0
463427|POS-C27|0.005|0.010|0.010|+0.005|+100.00|1,500
463428|POS-C28|0.005|0.000|0.000|0.000|0.00|0
463429|POS-C29|0.040|0.040|0.040|0.000|0.00|3,300
463430|POS-C30|0.055|0.055|0.055|0.000|0.00|2
463431|POS-C31|0.090|0.085|0.085|-0.005|-5.56|27,104
463432|POS-C32|0.045|0.000|0.000|0.000|0.00|0
463433|POS-C33|0.130|0.140|0.135|+0.005|+3.85|6,554
4065|PPB|18.420|18.280|18.400|-0.020|-0.11|7,569
4065CJ|PPB-CJ|0.115|0.000|0.000|0.000|0.00|0
7190|PPG|0.420|0.000|0.000|0.000|0.00|0
8273|PPHB|0.540|0.535|0.565|+0.025|+4.63|4,255
5204|PRESBHD|0.440|0.440|0.440|0.000|0.00|231,368
9873|PRESTAR|0.590|0.580|0.570|-0.020|-3.39|1,113
7168|PRG|0.745|0.740|0.745|0.000|0.00|3,040
7168WA|PRG-WA|0.400|0.335|0.365|-0.035|-8.75|341
0123|PRIVA|0.065|0.065|0.065|0.000|0.00|6,236
8346|PRKCORP|0.395|0.415|0.420|+0.025|+6.33|380
8966|PRLEXUS|0.585|0.585|0.625|+0.040|+6.84|8,465
8966WA|PRLEXUS-WA|0.105|0.105|0.110|+0.005|+4.76|10,273
5070|PRTASCO|0.245|0.245|0.260|+0.015|+6.12|25,381
5070WA|PRTASCO-WA|0.050|0.050|0.055|+0.005|+10.00|6,864
7145|PSIPTEK|0.130|0.125|0.125|-0.005|-3.85|878
7145WA|PSIPTEK-WA|0.030|0.000|0.000|0.000|0.00|0
9598|PTARAS|2.240|2.270|2.260|+0.020|+0.89|90
0038|PTB|0.140|0.000|0.000|0.000|0.00|0
0186|PTRANS|0.240|0.245|0.240|0.000|0.00|35,475
0186WA|PTRANS-WA|0.060|0.055|0.060|0.000|0.00|14,515
0007|PUC|0.095|0.100|0.095|0.000|0.00|177,518
0007WA|PUC-WA|0.065|0.065|0.065|0.000|0.00|7,072
6807|PUNCAK|0.360|0.365|0.370|+0.010|+2.78|10,060
7134|PWF|0.890|0.820|0.870|-0.020|-2.25|200
7134WA|PWF-WA|0.390|0.000|0.000|0.000|0.00|0
7123|PWORTH|0.040|0.045|0.040|0.000|0.00|66,553
7237|PWROOT|1.420|1.410|1.410|-0.010|-0.70|906
7237WA|PWROOT-WA|0.280|0.280|0.285|+0.005|+1.79|3,430
0196|QES|0.225|0.230|0.235|+0.010|+4.44|18,604
7084|QL|6.820|6.800|6.810|-0.010|-0.15|1,057
7084CL|QL-CL|0.060|0.000|0.000|0.000|0.00|0
7084CM|QL-CM|0.060|0.000|0.000|0.000|0.00|0
7084CN|QL-CN|0.085|0.000|0.000|0.000|0.00|0
7544|QUALITY|0.815|0.000|0.000|0.000|0.00|0
7498|RALCO|0.220|0.000|0.000|0.000|0.00|0
7498WB|RALCO-WB|0.010|0.000|0.000|0.000|0.00|0
5272|RANHILL|1.320|1.310|1.320|0.000|0.00|2,461
7765|RAPID|5.830|5.750|5.750|-0.080|-1.37|27,526
9296|RCECAP|1.670|1.670|1.660|-0.010|-0.60|2,429
5256|REACH|0.295|0.295|0.300|+0.005|+1.69|39,924
5256WA|REACH-WA|0.065|0.060|0.060|-0.005|-7.69|264,093
03002|REDIDEA|0.280|0.000|0.000|0.000|0.00|0
0032|REDTONE|0.210|0.210|0.215|+0.005|+2.38|3,569
0032LA|REDTONE-LA|0.130|0.000|0.000|0.000|0.00|0
7232|RESINTC|0.340|0.340|0.340|0.000|0.00|100
0173|REV|0.205|0.200|0.200|-0.005|-2.44|2,920
0200|REVENUE|1.220|1.220|1.210|-0.010|-0.82|9,015
0200WA|REVENUE-WA|0.425|0.440|0.425|0.000|0.00|13,022
9946|REX|0.405|0.420|0.420|+0.015|+3.70|20
0106|REXIT|0.600|0.600|0.600|0.000|0.00|80
0037|RGB|0.215|0.215|0.215|0.000|0.00|12,879
9954|RGTBHD|0.185|0.185|0.185|0.000|0.00|20,049
9954WB|RGTBHD-WB|0.115|0.115|0.120|+0.005|+4.35|3,701
0202|RGTECH|0.240|0.240|0.240|0.000|0.00|13,560
1066|RHBBANK|5.710|5.500|5.540|-0.170|-2.98|232,590
106610|RHBBANKC10|0.090|0.000|0.000|0.000|0.00|0
106611|RHBBANKC11|0.070|0.045|0.050|-0.020|-28.57|800
106612|RHBBANKC12|0.120|0.080|0.085|-0.035|-29.17|26,700
106613|RHBBANKC13|0.085|0.060|0.070|-0.015|-17.65|14,500
5278|RHONEMA|0.775|0.780|0.750|-0.025|-3.23|220
9741|ROHAS|0.545|0.555|0.565|+0.020|+3.67|3,460
5113|RSAWIT|0.200|0.200|0.195|-0.005|-2.50|5,220
5270|RSENA|0.505|0.000|0.000|0.000|0.00|0
7803|RUBEREX|0.455|0.440|0.440|-0.015|-3.30|55
2542|RVIEW|3.020|0.000|0.000|0.000|0.00|0
5134|SAB|3.750|0.000|0.000|0.000|0.00|0
8567|SALCON|0.250|0.250|0.250|0.000|0.00|4,190
8567WB|SALCON-WB|0.075|0.075|0.075|0.000|0.00|9,898
0183|SALUTE|0.365|0.365|0.385|+0.020|+5.48|4,116
9822|SAM|8.110|8.190|8.140|+0.030|+0.37|49
5147|SAMCHEM|0.615|0.625|0.615|0.000|0.00|3,216
9113|SANBUMI|0.335|0.325|0.330|-0.005|-1.49|4,824
0541C9|SANDS-C9|0.115|0.000|0.000|0.000|0.00|0
0133|SANICHI|0.060|0.055|0.055|-0.005|-8.33|8,148
0133WC|SANICHI-WC|0.005|0.000|0.000|0.000|0.00|0
0133WD|SANICHI-WD|0.005|0.000|0.000|0.000|0.00|0
0133WE|SANICHI-WE|0.020|0.000|0.000|0.000|0.00|0
7811|SAPIND|0.750|0.000|0.000|0.000|0.00|0
5218|SAPNRG|0.315|0.315|0.320|+0.005|+1.59|2,016,380
5218PA|SAPNRG-PA|0.385|0.385|0.385|0.000|0.00|5
5218WA|SAPNRG-WA|0.100|0.100|0.105|+0.005|+5.00|713,879
521868|SAPNRGC68|0.005|0.000|0.000|0.000|0.00|0
521869|SAPNRGC69|0.010|0.000|0.000|0.000|0.00|0
521870|SAPNRGC70|0.055|0.055|0.055|0.000|0.00|3,998
521871|SAPNRGC71|0.005|0.000|0.000|0.000|0.00|0
521872|SAPNRGC72|0.005|0.000|0.000|0.000|0.00|0
521873|SAPNRGC73|0.030|0.030|0.030|0.000|0.00|54,180
521874|SAPNRGC74|0.030|0.035|0.035|+0.005|+16.67|1,900
521875|SAPNRGC75|0.075|0.080|0.080|+0.005|+6.67|61,301
4596|SAPRES|0.650|0.620|0.650|0.000|0.00|11
5252|SASBADI|0.225|0.225|0.225|0.000|0.00|3,865
5157|SAUDEE|0.310|0.310|0.305|-0.005|-1.61|500
5157WA|SAUDEE-WA|0.115|0.100|0.110|-0.005|-4.35|830
2569|SBAGAN|3.000|3.000|3.000|0.000|0.00|25
5207|SBCCORP|0.510|0.485|0.505|-0.005|-0.98|627
5170|SCABLE|0.275|0.275|0.370|+0.095|+34.55|46,178
0109|SCBUILD|0.025|0.025|0.025|0.000|0.00|14,798
0109WB|SCBUILD-WB|0.005|0.000|0.000|0.000|0.00|0
0158|SCC|0.510|0.505|0.505|-0.005|-0.98|40
7247|SCGM|1.190|1.200|1.190|0.000|0.00|2,849
7247WA|SCGM-WA|0.120|0.000|0.000|0.000|0.00|0
0161|SCH|0.135|0.135|0.135|0.000|0.00|1,170
0161WA|SCH-WA|0.040|0.040|0.040|0.000|0.00|940
9237|SCIB|0.465|0.465|0.470|+0.005|+1.08|534
0099|SCICOM|1.240|1.220|1.210|-0.030|-2.42|1,110
4731|SCIENTX|8.430|8.400|8.400|-0.030|-0.36|14,476
4731CF|SCIENTX-CF|0.070|0.060|0.055|-0.015|-21.43|8
7239|SCNWOLF|0.170|0.000|0.000|0.000|0.00|0
7158|SCOMI|0.045|0.040|0.045|0.000|0.00|1,490
7158WB|SCOMI-WB|0.010|0.010|0.010|0.000|0.00|187
7045|SCOMIES|0.055|0.050|0.055|0.000|0.00|28,282
0001|SCOMNET|0.750|0.750|0.840|+0.090|+12.00|47,164
0028|SCOPE|0.160|0.165|0.180|+0.020|+12.50|14,618
0028WA|SCOPE-WA|0.035|0.040|0.050|+0.015|+42.86|4,676
2224|SDRED|0.655|0.655|0.660|+0.005|+0.76|118
7073|SEACERA|0.360|0.360|0.380|+0.020|+5.56|627,983
7073WB|SEACERA-WB|0.005|0.000|0.000|0.000|0.00|0
7073WC|SEACERA-WC|0.045|0.045|0.055|+0.010|+22.22|218,092
4286|SEAL|0.340|0.330|0.340|0.000|0.00|150
5145|SEALINK|0.130|0.130|0.135|+0.005|+3.85|11,581
5163|SEB|0.300|0.330|0.370|+0.070|+23.33|1,071
0178|SEDANIA|0.115|0.120|0.120|+0.005|+4.35|200
7053|SEEHUP|0.920|0.000|0.000|0.000|0.00|0
03009|SEERS|0.100|0.000|0.000|0.000|0.00|0
9792|SEG|0.640|0.635|0.630|-0.010|-1.56|1,464
5250|SEM|1.470|1.460|1.470|0.000|0.00|2,551
5205|SENDAI|0.580|0.585|0.620|+0.040|+6.90|121,988
5279|SERBADK|3.900|3.900|3.890|-0.010|-0.26|3,596
5279CN|SERBADK-CN|0.030|0.000|0.000|0.000|0.00|0
5279CO|SERBADK-CO|0.020|0.000|0.000|0.000|0.00|0
5279CP|SERBADK-CP|0.090|0.000|0.000|0.000|0.00|0
5279CQ|SERBADK-CQ|0.175|0.165|0.165|-0.010|-5.71|4
5279CR|SERBADK-CR|0.160|0.000|0.000|0.000|0.00|0
5279CS|SERBADK-CS|0.105|0.000|0.000|0.000|0.00|0
7180|SERNKOU|0.530|0.000|0.000|0.000|0.00|0
7180WA|SERNKOU-WA|0.250|0.000|0.000|0.000|0.00|0
0055|SERSOL|0.105|0.090|0.105|0.000|0.00|5,501
0055WA|SERSOL-WA|0.045|0.000|0.000|0.000|0.00|0
7165|SGB|0.765|0.000|0.000|0.000|0.00|0
7165PA|SGB-PA|0.210|0.000|0.000|0.000|0.00|0
7165WA|SGB-WA|0.170|0.000|0.000|0.000|0.00|0
5517|SHANG|5.600|5.520|5.600|0.000|0.00|491
4316|SHCHAN|0.440|0.000|0.000|0.000|0.00|0
7412|SHH|0.500|0.000|0.000|0.000|0.00|0
6017|SHL|2.360|0.000|0.000|0.000|0.00|0
5181|SIGGAS|0.835|0.835|0.860|+0.025|+2.99|5,323
7246|SIGN|0.385|0.380|0.390|+0.005|+1.30|5,410
7246WA|SIGN-WA|0.070|0.065|0.065|-0.005|-7.14|500
4197|SIME|2.150|2.180|2.170|+0.020|+0.93|65,270
419725|SIME-C25|0.030|0.000|0.000|0.000|0.00|0
419727|SIME-C27|0.005|0.005|0.005|0.000|0.00|2,000
419728|SIME-C28|0.015|0.000|0.000|0.000|0.00|0
419729|SIME-C29|0.040|0.000|0.000|0.000|0.00|0
419730|SIME-C30|0.035|0.040|0.040|+0.005|+14.29|22,201
419731|SIME-C31|0.040|0.040|0.040|0.000|0.00|5,000
419732|SIME-C32|0.090|0.090|0.090|0.000|0.00|1,855
5285|SIMEPLT|5.090|5.090|5.130|+0.040|+0.79|9,399
5285CH|SIMEPLT-CH|0.030|0.000|0.000|0.000|0.00|0
5285CI|SIMEPLT-CI|0.040|0.000|0.000|0.000|0.00|0
5285CJ|SIMEPLT-CJ|0.100|0.100|0.100|0.000|0.00|2,997
5288|SIMEPROP|1.050|1.060|1.080|+0.030|+2.86|11,399
5288CG|SIMEPROP-CG|0.020|0.000|0.000|0.000|0.00|0
5288CH|SIMEPROP-CH|0.050|0.000|0.000|0.000|0.00|0
5288CI|SIMEPROP-CI|0.005|0.000|0.000|0.000|0.00|0
5288CJ|SIMEPROP-CJ|0.020|0.000|0.000|0.000|0.00|0
5288CK|SIMEPROP-CK|0.075|0.000|0.000|0.000|0.00|0
5288CL|SIMEPROP-CL|0.055|0.000|0.000|0.000|0.00|0
8532|SINOTOP|0.280|0.290|0.290|+0.010|+3.57|5
9431|SJC|0.610|0.000|0.000|0.000|0.00|0
7115|SKBSHUT|0.550|0.000|0.000|0.000|0.00|0
7155|SKPRES|1.310|1.310|1.280|-0.030|-2.29|37,874
7155CN|SKPRES-CN|0.040|0.000|0.000|0.000|0.00|0
7155CO|SKPRES-CO|0.055|0.050|0.050|-0.005|-9.09|11,300
7155CP|SKPRES-CP|0.065|0.055|0.055|-0.010|-15.38|400
03008|SLIC|0.420|0.000|0.000|0.000|0.00|0
7248|SLP|1.280|1.250|1.280|0.000|0.00|1,112
9776|SMCAP|0.160|0.165|0.160|0.000|0.00|16,614
9776WC|SMCAP-WC|0.080|0.080|0.080|0.000|0.00|1,745
0203|SMETRIC|0.505|0.500|0.500|-0.005|-0.99|7,077
4375|SMI|0.170|0.165|0.165|-0.005|-2.94|690
7132|SMISCOR|0.460|0.000|0.000|0.000|0.00|0
0117|SMRT|0.120|0.120|0.120|0.000|0.00|800
0169|SMTRACK|0.065|0.075|0.085|+0.020|+30.77|25,255
7943|SNC|0.250|0.250|0.235|-0.015|-6.00|294
5213|SNTORIA|0.405|0.430|0.410|+0.005|+1.23|175
5213WA|SNTORIA-WA|0.005|0.000|0.000|0.000|0.00|0
5213WB|SNTORIA-WB|0.055|0.000|0.000|0.000|0.00|0
5242|SOLID|0.310|0.290|0.305|-0.005|-1.61|326
5242WA|SOLID-WA|0.090|0.075|0.075|-0.015|-16.67|501
0093|SOLUTN|0.095|0.095|0.095|0.000|0.00|2,286
0093WA|SOLUTN-WA|0.035|0.030|0.035|0.000|0.00|520
5126|SOP|2.620|2.650|2.780|+0.160|+6.11|2,500
0656CF|SP500-CF|0.090|0.000|0.000|0.000|0.00|0
0656CG|SP500-CG|0.820|0.805|0.815|-0.005|-0.61|235
0656CH|SP500-CH|1.440|0.000|0.000|0.000|0.00|0
0656HF|SP500-HF|0.005|0.000|0.000|0.000|0.00|0
0656HG|SP500-HG|0.245|0.250|0.245|0.000|0.00|3,427
0656HH|SP500-HH|0.340|0.350|0.350|+0.010|+2.94|220
1783|SPB|6.230|6.230|6.230|0.000|0.00|708
7103|SPRITZER|2.190|2.180|2.190|0.000|0.00|45
8664|SPSETIA|2.190|2.190|2.190|0.000|0.00|16,724
866410|SPSETIA-C10|0.010|0.000|0.000|0.000|0.00|0
866411|SPSETIA-C11|0.070|0.070|0.070|0.000|0.00|1,500
866412|SPSETIA-C12|0.105|0.000|0.000|0.000|0.00|0
866413|SPSETIA-C13|0.080|0.080|0.080|0.000|0.00|5,200
866414|SPSETIA-C14|0.115|0.120|0.115|0.000|0.00|4
866415|SPSETIA-C15|0.150|0.000|0.000|0.000|0.00|0
8664C9|SPSETIA-C9|0.005|0.000|0.000|0.000|0.00|0
8664PA|SPSETIA-PA|0.910|0.000|0.000|0.000|0.00|0
8664PB|SPSETIA-PB|0.775|0.000|0.000|0.000|0.00|0
0129|SRIDGE|0.230|0.230|0.230|0.000|0.00|28,240
0129WA|SRIDGE-WA|0.075|0.000|0.000|0.000|0.00|0
5665|SSTEEL|0.780|0.785|0.795|+0.015|+1.92|1,251
5665LB|SSTEEL-LB|0.760|0.000|0.000|0.000|0.00|0
6084|STAR|0.780|0.795|0.785|+0.005|+0.64|2,654
0140|STERPRO|0.175|0.000|0.000|0.000|0.00|0
0140WA|STERPRO-WA|0.040|0.030|0.040|0.000|0.00|626
7143|STONE|0.100|0.100|0.115|+0.015|+15.00|110
7143WA|STONE-WA|0.010|0.000|0.000|0.000|0.00|0
0080|STRAITS|0.250|0.250|0.250|0.000|0.00|58,360
0080WA|STRAITS-WA|0.130|0.130|0.130|0.000|0.00|11,850
6904|SUBUR|0.520|0.500|0.500|-0.020|-3.85|50
7207|SUCCESS|0.680|0.700|0.720|+0.040|+5.88|13,124
9865|SUIWAH|2.670|2.670|2.670|0.000|0.00|183
1201|SUMATEC|0.005|0.010|0.010|+0.005|+100.00|14,523
1201WA|SUMATEC-WA|0.005|0.000|0.000|0.000|0.00|0
5263|SUNCON|1.730|1.730|1.780|+0.050|+2.89|7,749
5263CT|SUNCON-CT|0.005|0.000|0.000|0.000|0.00|0
5263CU|SUNCON-CU|0.055|0.000|0.000|0.000|0.00|0
5263CV|SUNCON-CV|0.030|0.000|0.000|0.000|0.00|0
5176|SUNREIT|1.770|1.770|1.760|-0.010|-0.56|3,770
3743|SUNSURIA|0.625|0.620|0.640|+0.015|+2.40|90
3743WA|SUNSURIA-WA|0.055|0.000|0.000|0.000|0.00|0
5211|SUNWAY|1.650|1.650|1.640|-0.010|-0.61|21,526
5211CR|SUNWAY-CR|0.035|0.000|0.000|0.000|0.00|0
5211CS|SUNWAY-CS|0.035|0.000|0.000|0.000|0.00|0
5211WB|SUNWAY-WB|0.280|0.280|0.285|+0.005|+1.79|6,987
0148|SUNZEN|0.180|0.180|0.170|-0.010|-5.56|4,384
0148WA|SUNZEN-WA|0.075|0.070|0.070|-0.005|-6.67|176
0148WB|SUNZEN-WB|0.040|0.040|0.040|0.000|0.00|4,090
7235|SUPERLN|1.370|1.380|1.400|+0.030|+2.19|6,416
7106|SUPERMX|1.540|1.540|1.520|-0.020|-1.30|40,602
710648|SUPERMX-C48|0.005|0.000|0.000|0.000|0.00|0
710650|SUPERMX-C50|0.005|0.000|0.000|0.000|0.00|0
710651|SUPERMX-C51|0.005|0.000|0.000|0.000|0.00|0
710652|SUPERMX-C52|0.025|0.020|0.020|-0.005|-20.00|2,400
710653|SUPERMX-C53|0.005|0.000|0.000|0.000|0.00|0
710654|SUPERMX-C54|0.095|0.000|0.000|0.000|0.00|0
710655|SUPERMX-C55|0.045|0.045|0.045|0.000|0.00|380
710656|SUPERMX-C56|0.105|0.105|0.105|0.000|0.00|14,850
710657|SUPERMX-C57|0.100|0.095|0.095|-0.005|-5.00|200
710658|SUPERMX-C58|0.065|0.000|0.000|0.000|0.00|0
710659|SUPERMX-C59|0.090|0.000|0.000|0.000|0.00|0
710660|SUPERMX-C60|0.040|0.000|0.000|0.000|0.00|0
710661|SUPERMX-C61|0.045|0.000|0.000|0.000|0.00|0
710662|SUPERMX-C62|0.075|0.075|0.070|-0.005|-6.67|2,590
710663|SUPERMX-C63|0.070|0.000|0.000|0.000|0.00|0
710664|SUPERMX-C64|0.090|0.090|0.090|0.000|0.00|600
710665|SUPERMX-C65|0.110|0.105|0.105|-0.005|-4.55|9,000
03018|SUPREME|0.680|0.000|0.000|0.000|0.00|0
6521|SURIA|1.380|1.410|1.380|0.000|0.00|206
5135|SWKPLNT|1.540|1.540|1.540|0.000|0.00|110
7186|SWSCAP|0.670|0.640|0.665|-0.005|-0.75|105
7186WB|SWSCAP-WB|0.070|0.000|0.000|0.000|0.00|0
9717|SYCAL|0.235|0.225|0.225|-0.010|-4.26|295
7082|SYF|0.220|0.225|0.220|0.000|0.00|1,403
7082WB|SYF-WB|0.010|0.015|0.015|+0.005|+50.00|1,730
1538|SYMLIFE|0.390|0.395|0.410|+0.020|+5.13|4,124
1538WB|SYMLIFE-WB|0.030|0.030|0.035|+0.005|+16.67|5,716
5173|SYSCORP|0.295|0.300|0.315|+0.020|+6.78|9,874
0050|SYSTECH|0.230|0.230|0.230|0.000|0.00|170
7228|T7GLOBAL|0.540|0.555|0.550|+0.010|+1.85|99,300
4898|TA|0.640|0.630|0.630|-0.010|-1.56|5,263
5012|TAANN|2.450|2.450|2.530|+0.080|+3.27|867
5012CM|TAANN-CM|0.080|0.000|0.000|0.000|0.00|0
4022|TADMAX|0.235|0.240|0.235|0.000|0.00|13,140
7211|TAFI|0.325|0.300|0.300|-0.025|-7.69|31
5158|TAGB|0.250|0.255|0.255|+0.005|+2.00|3,158
6139|TAKAFUL|4.550|4.550|4.510|-0.040|-0.88|8,758
6139CC|TAKAFUL-CC|0.060|0.075|0.070|+0.010|+16.67|5,078
2259|TALAMT|0.035|0.035|0.040|+0.005|+14.29|109,120
8524|TALIWRK|0.845|0.845|0.860|+0.015|+1.78|1,218
5191|TAMBUN|0.765|0.765|0.760|-0.005|-0.65|2,685
2429|TANCO|0.055|0.055|0.055|0.000|0.00|12,240
2429WB|TANCO-WB|0.025|0.025|0.025|0.000|0.00|1,000
5149|TAS|0.265|0.265|0.275|+0.010|+3.77|920
5140|TASCO|1.410|1.420|1.420|+0.010|+0.71|492
4448|TASEK|4.750|4.700|4.700|-0.050|-1.05|134
4448P|TASEK-PA|10.100|0.000|0.000|0.000|0.00|0
7097|TAWIN|0.470|0.465|0.475|+0.005|+1.06|2,096
4405|TCHONG|1.620|1.620|1.650|+0.030|+1.85|192
0132|TDEX|0.080|0.070|0.075|-0.005|-6.25|8,780
2054|TDM|0.175|0.180|0.185|+0.010|+5.71|34,599
0084|TECFAST|0.325|0.330|0.335|+0.010|+3.08|5,638
7439|TECGUAN|0.900|0.960|1.200|+0.300|+33.33|3,513
5289|TECHBND|0.785|0.785|0.765|-0.020|-2.55|4,872
7200|TEKSENG|0.255|0.245|0.260|+0.005|+1.96|500
7200WA|TEKSENG-WA|0.065|0.065|0.060|-0.005|-7.69|1,160
5347|TENAGA|12.800|12.780|12.800|0.000|0.00|52,282
534747|TENAGA-C47|0.050|0.000|0.000|0.000|0.00|0
534749|TENAGA-C49|0.010|0.005|0.005|-0.005|-50.00|2,100
534750|TENAGA-C50|0.050|0.050|0.050|0.000|0.00|14,000
534751|TENAGA-C51|0.040|0.040|0.040|0.000|0.00|8,656
534752|TENAGA-C52|0.040|0.000|0.000|0.000|0.00|0
534753|TENAGA-C53|0.060|0.060|0.060|0.000|0.00|9,000
534754|TENAGA-C54|0.120|0.120|0.120|0.000|0.00|3,500
0546C7|TENCENT-C7|0.185|0.220|0.195|+0.010|+5.41|14,080
7252|TEOSENG|1.290|1.280|1.250|-0.040|-3.10|10,349
7252WA|TEOSENG-WA|0.305|0.295|0.295|-0.010|-3.28|437
8702|TEXCHEM|0.625|0.000|0.000|0.000|0.00|0
0089|TEXCYCL|0.555|0.000|0.000|0.000|0.00|0
0145|TFP|0.095|0.000|0.000|0.000|0.00|0
9369|TGL|0.950|0.000|0.000|0.000|0.00|0
7034|TGUAN|2.650|2.650|2.640|-0.010|-0.38|874
7034LA|TGUAN-LA|2.250|2.550|2.550|+0.300|+13.33|30
7034WA|TGUAN-WA|1.130|1.130|1.100|-0.030|-2.65|146
9075|THETA|0.440|0.450|0.440|0.000|0.00|590
7206|THHEAVY|0.050|0.050|0.060|+0.010|+20.00|98,140
7206PB|THHEAVY-PB|0.015|0.000|0.000|0.000|0.00|0
5112|THPLANT|0.530|0.530|0.520|-0.010|-1.89|2,631
7889|THRIVEN|0.215|0.215|0.215|0.000|0.00|980
7889WB|THRIVEN-WB|0.060|0.060|0.060|0.000|0.00|3,371
7374|TIENWAH|1.320|1.320|1.330|+0.010|+0.76|98
7079|TIGER|0.080|0.080|0.080|0.000|0.00|83,776
7079WC|TIGER-WC|0.020|0.020|0.020|0.000|0.00|3,240
5031|TIMECOM|8.540|8.500|8.500|-0.040|-0.47|1,439
7854|TIMWELL|0.640|0.000|0.000|0.000|0.00|0
5239|TITIJYA|0.315|0.315|0.320|+0.005|+1.59|5,410
5239PA|TITIJYA-PA|0.035|0.030|0.040|+0.005|+14.29|30,436
4863|TM|3.190|3.190|3.240|+0.050|+1.57|39,435
486327|TM-C27|0.005|0.005|0.005|0.000|0.00|300
486328|TM-C28|0.005|0.005|0.010|+0.005|+100.00|1,300
486329|TM-C29|0.005|0.000|0.000|0.000|0.00|0
486330|TM-C30|0.045|0.000|0.000|0.000|0.00|0
486331|TM-C31|0.050|0.000|0.000|0.000|0.00|0
486332|TM-C32|0.015|0.000|0.000|0.000|0.00|0
486333|TM-C33|0.065|0.000|0.000|0.000|0.00|0
486334|TM-C34|0.095|0.095|0.105|+0.010|+10.53|4
486335|TM-C35|0.125|0.130|0.130|+0.005|+4.00|2,000
486336|TM-C36|0.205|0.000|0.000|0.000|0.00|0
486337|TM-C37|0.370|0.365|0.380|+0.010|+2.70|708
486338|TM-C38|0.170|0.000|0.000|0.000|0.00|0
486339|TM-C39|0.245|0.240|0.250|+0.005|+2.04|2,000
486340|TM-C40|0.150|0.000|0.000|0.000|0.00|0
0101|TMCLIFE|0.740|0.750|0.750|+0.010|+1.35|21,281
0101WB|TMCLIFE-WB|0.030|0.035|0.030|0.000|0.00|92,028
8397|TNLOGIS|0.610|0.615|0.620|+0.010|+1.64|1,256
7218|TOCEAN|0.755|0.000|0.000|0.000|0.00|0
7230|TOMEI|0.585|0.530|0.535|-0.050|-8.55|218
7285|TOMYPAK|0.530|0.530|0.505|-0.025|-4.72|5,917
7285WA|TOMYPAK-WA|0.195|0.175|0.185|-0.010|-5.13|160
5010|TONGHER|3.600|3.600|3.680|+0.080|+2.22|2,105
7113|TOPGLOV|4.600|4.630|4.580|-0.020|-0.43|55,656
711333|TOPGLOV-C33|0.005|0.000|0.000|0.000|0.00|0
711340|TOPGLOV-C40|0.010|0.000|0.000|0.000|0.00|0
711341|TOPGLOV-C41|0.010|0.010|0.010|0.000|0.00|5,000
711342|TOPGLOV-C42|0.030|0.030|0.030|0.000|0.00|16,400
711343|TOPGLOV-C43|0.050|0.045|0.040|-0.010|-20.00|2,000
711344|TOPGLOV-C44|0.035|0.035|0.040|+0.005|+14.29|1,020
711345|TOPGLOV-C45|0.095|0.100|0.100|+0.005|+5.26|3,035
711346|TOPGLOV-C46|0.090|0.095|0.090|0.000|0.00|30,802
711347|TOPGLOV-C47|0.115|0.115|0.115|0.000|0.00|4,761
711348|TOPGLOV-C48|0.075|0.080|0.080|+0.005|+6.67|1,400
711349|TOPGLOV-C49|0.155|0.155|0.150|-0.005|-3.23|1,100
711350|TOPGLOV-C50|0.110|0.000|0.000|0.000|0.00|0
03013|TOPVISN|0.380|0.000|0.000|0.000|0.00|0
7173|TOYOINK|0.620|0.620|0.630|+0.010|+1.61|1,130
7173WB|TOYOINK-WB|0.095|0.095|0.100|+0.005|+5.26|2,392
7176|TPC|0.435|0.430|0.430|-0.005|-1.15|370
7176WA|TPC-WA|0.215|0.210|0.210|-0.005|-2.33|1,150
5054|TRC|0.535|0.535|0.530|-0.005|-0.93|184,108
0199|TRIMODE|0.450|0.000|0.000|0.000|0.00|0
0118|TRIVE|0.020|0.015|0.020|0.000|0.00|9,746
0118WB|TRIVE-WB|0.005|0.005|0.005|0.000|0.00|1,000
5401|TROP|0.860|0.860|0.870|+0.010|+1.16|3,628
5401WA|TROP-WA|0.025|0.020|0.025|0.000|0.00|2,096
9059|TSH|1.110|1.110|1.120|+0.010|+0.90|1,545
5042|TSRCAP|0.410|0.000|0.000|0.000|0.00|0
5042WB|TSRCAP-WB|0.035|0.000|0.000|0.000|0.00|0
5230|TUNEPRO|0.645|0.650|0.655|+0.010|+1.55|7,202
5167|TURBO|0.755|0.725|0.730|-0.025|-3.31|620
4359|TURIYA|0.125|0.000|0.000|0.000|0.00|0
5111|TWRREIT|0.900|0.900|0.900|0.000|0.00|749
7100|UCHITEC|2.750|2.750|2.720|-0.030|-1.09|765
7100CD|UCHITEC-CD|0.005|0.000|0.000|0.000|0.00|0
7100CE|UCHITEC-CE|0.025|0.000|0.000|0.000|0.00|0
0005|UCREST|0.250|0.255|0.255|+0.005|+2.00|20,163
5148|UEMS|0.840|0.840|0.850|+0.010|+1.19|11,781
514864|UEMS-C64|0.040|0.000|0.000|0.000|0.00|0
514865|UEMS-C65|0.085|0.085|0.085|0.000|0.00|1,600
514866|UEMS-C66|0.070|0.070|0.070|0.000|0.00|600
7133|ULICORP|0.440|0.435|0.440|0.000|0.00|7,365
2593|UMCCA|5.500|5.500|5.510|+0.010|+0.18|404
7137|UMS|2.470|2.460|2.460|-0.010|-0.40|54
7227|UMSNGB|1.080|1.100|1.040|-0.040|-3.70|380
4588|UMW|5.740|5.710|5.730|-0.010|-0.17|19,972
458810|UMW-C10|0.005|0.000|0.000|0.000|0.00|0
458811|UMW-C11|0.035|0.040|0.035|0.000|0.00|4
458812|UMW-C12|0.240|0.220|0.220|-0.020|-8.33|200
458813|UMW-C13|0.205|0.000|0.000|0.000|0.00|0
458814|UMW-C14|0.195|0.000|0.000|0.000|0.00|0
458815|UMW-C15|0.205|0.200|0.205|0.000|0.00|400
458816|UMW-C16|0.115|0.000|0.000|0.000|0.00|0
458817|UMW-C17|0.115|0.115|0.115|0.000|0.00|2,196
4588C9|UMW-C9|0.025|0.000|0.000|0.000|0.00|0
7091|UNIMECH|1.000|1.000|1.040|+0.040|+4.00|5,060
5005|UNISEM|2.820|2.810|2.800|-0.020|-0.71|265
500511|UNISEM-C11|0.220|0.000|0.000|0.000|0.00|0
500512|UNISEM-C12|0.060|0.000|0.000|0.000|0.00|0
500513|UNISEM-C13|0.065|0.000|0.000|0.000|0.00|0
500514|UNISEM-C14|0.045|0.000|0.000|0.000|0.00|0
500515|UNISEM-C15|0.075|0.060|0.060|-0.015|-20.00|143
03017|UNIWALL|0.300|0.000|0.000|0.000|0.00|0
5200|UOADEV|2.220|2.240|2.220|0.000|0.00|2,905
5110|UOAREIT|1.350|1.360|1.360|+0.010|+0.74|93
7757|UPA|2.170|2.170|2.170|0.000|0.00|10
2089|UTDPLT|27.300|27.320|27.400|+0.100|+0.37|188
5754|UTUSAN|0.155|0.165|0.145|-0.010|-6.45|135
7250|UZMA|1.000|1.000|1.020|+0.020|+2.00|40,388
0060|VC|0.130|0.130|0.130|0.000|0.00|4,571
5243|VELESTO|0.260|0.255|0.270|+0.010|+3.85|801,802
524324|VELESTO-C24|0.215|0.000|0.000|0.000|0.00|0
524325|VELESTO-C25|0.020|0.000|0.000|0.000|0.00|0
524326|VELESTO-C26|0.065|0.075|0.085|+0.020|+30.77|2,200
524327|VELESTO-C27|0.080|0.080|0.090|+0.010|+12.50|8,552
5243WA|VELESTO-WA|0.095|0.090|0.100|+0.005|+5.26|130,495
4995|VERSATL|0.410|0.420|0.420|+0.010|+2.44|10
7240|VERTICE|0.860|0.885|0.900|+0.040|+4.65|8,406
7240WA|VERTICE-WA|0.500|0.510|0.510|+0.010|+2.00|110
0120|VIS|0.515|0.515|0.535|+0.020|+3.88|22,788
0120WB|VIS-WB|0.190|0.200|0.195|+0.005|+2.63|1,934
0097|VITROX|7.190|7.200|7.240|+0.050|+0.70|5,641
0097CL|VITROX-CL|0.045|0.000|0.000|0.000|0.00|0
0097CM|VITROX-CM|0.065|0.000|0.000|0.000|0.00|0
0069|VIVOCOM|0.020|0.020|0.020|0.000|0.00|58,327
0069WC|VIVOCOM-WC|0.005|0.000|0.000|0.000|0.00|0
0069WD|VIVOCOM-WD|0.005|0.000|0.000|0.000|0.00|0
0069WE|VIVOCOM-WE|0.010|0.005|0.010|0.000|0.00|4,401
7070|VIZIONE|0.985|0.985|0.980|-0.005|-0.51|7,791
7070LA|VIZIONE-LA|0.070|0.000|0.000|0.000|0.00|0
7070WC|VIZIONE-WC|0.400|0.400|0.400|0.000|0.00|30
6963|VS|1.080|1.100|1.030|-0.050|-4.63|801,487
696310|VS-C10|0.120|0.125|0.110|-0.010|-8.33|358,375
696311|VS-C11|0.205|0.000|0.000|0.000|0.00|0
696312|VS-C12|0.100|0.100|0.090|-0.010|-10.00|33,700
696313|VS-C13|0.120|0.125|0.115|-0.005|-4.17|77,048
6963C5|VS-C5|0.010|0.000|0.000|0.000|0.00|0
6963C6|VS-C6|0.005|0.000|0.000|0.000|0.00|0
6963C7|VS-C7|0.005|0.005|0.005|0.000|0.00|100
6963C8|VS-C8|0.195|0.185|0.185|-0.010|-5.13|2,150
6963C9|VS-C9|0.160|0.160|0.150|-0.010|-6.25|52,907
0066|VSOLAR|0.185|0.190|0.195|+0.010|+5.41|182,515
5162|VSTECS|0.980|0.980|0.980|0.000|0.00|280
7203|WANGZNG|1.200|1.200|1.200|0.000|0.00|205
5016|WARISAN|2.130|2.130|2.130|0.000|0.00|1
5142|WASEONG|0.810|0.810|0.815|+0.005|+0.62|9,934
7226|WATTA|0.840|0.840|0.825|-0.015|-1.79|643
3565|WCEHB|0.510|0.510|0.490|-0.020|-3.92|807
9679|WCT|0.800|0.800|0.815|+0.015|+1.88|17,611
967914|WCT-C14|0.010|0.000|0.000|0.000|0.00|0
967915|WCT-C15|0.015|0.000|0.000|0.000|0.00|0
967916|WCT-C16|0.050|0.040|0.040|-0.010|-20.00|700
9679WE|WCT-WE|0.065|0.065|0.075|+0.010|+15.38|11,146
0197|WEGMANS|0.325|0.320|0.315|-0.010|-3.08|10,675
0197WA|WEGMANS-WA|0.150|0.150|0.145|-0.005|-3.33|2,820
7231|WELLCAL|1.280|1.280|1.280|0.000|0.00|60
0162|WIDAD|0.345|0.340|0.340|-0.005|-1.45|42,526
0162WA|WIDAD-WA|0.125|0.125|0.125|0.000|0.00|3,436
7692|WIDETEC|0.540|0.000|0.000|0.000|0.00|0
0008|WILLOW|0.455|0.450|0.450|-0.005|-1.10|2,018
0141|WINTONI|0.035|0.000|0.000|0.000|0.00|0
6378|WMG|0.120|0.000|0.000|0.000|0.00|0
7050|WONG|0.625|0.575|0.575|-0.050|-8.00|73
7025|WOODLAN|0.750|0.000|0.000|0.000|0.00|0
5246|WPRTS|3.740|3.720|3.790|+0.050|+1.34|2,085
5246CX|WPRTS-CX|0.050|0.000|0.000|0.000|0.00|0
5246CY|WPRTS-CY|0.150|0.000|0.000|0.000|0.00|0
5009|WTHORSE|1.280|1.260|1.270|-0.010|-0.78|70
4243|WTK|0.585|0.600|0.585|0.000|0.00|39,647
7245|WZSATU|0.335|0.335|0.325|-0.010|-2.99|9,082
7245WA|WZSATU-WA|0.130|0.125|0.125|-0.005|-3.85|859
5156|XDL|0.105|0.105|0.105|0.000|0.00|190,198
5156WD|XDL-WD|0.020|0.015|0.020|0.000|0.00|4,150
7121|XIANLNG|0.460|0.460|0.460|0.000|0.00|2,500
0581C1|XIAOMI-C1|0.025|0.000|0.000|0.000|0.00|0
0581C2|XIAOMI-C2|0.230|0.230|0.230|0.000|0.00|8,893
0095|XINGHE|0.035|0.035|0.035|0.000|0.00|2,562
0095WA|XINGHE-WA|0.005|0.000|0.000|0.000|0.00|0
5267|XINHWA|0.840|0.850|0.880|+0.040|+4.76|35,239
5155|XINQUAN|0.055|0.000|0.000|0.000|0.00|0
5155WA|XINQUAN-WA|0.005|0.000|0.000|0.000|0.00|0
5155WB|XINQUAN-WB|0.015|0.000|0.000|0.000|0.00|0
0165|XOX|0.050|0.050|0.050|0.000|0.00|3,140
7003|Y&G|0.910|0.000|0.000|0.000|0.00|0
7003WA|Y&G-WA|0.100|0.000|0.000|0.000|0.00|0
0025|YBS|0.140|0.140|0.150|+0.010|+7.14|5,401
5584|YEELEE|1.860|1.850|1.860|0.000|0.00|70
7122|YFG|0.005|0.000|0.000|0.000|0.00|0
0086|YGL|0.110|0.115|0.115|+0.005|+4.55|650
5048|YILAI|0.620|0.000|0.000|0.000|0.00|0
7293|YINSON|4.500|4.450|4.460|-0.040|-0.89|8,022
7293CT|YINSON-CT|0.030|0.000|0.000|0.000|0.00|0
7293CU|YINSON-CU|0.075|0.000|0.000|0.000|0.00|0
7293CV|YINSON-CV|0.055|0.000|0.000|0.000|0.00|0
7020|YKGI|0.100|0.100|0.105|+0.005|+5.00|25,055
7020WB|YKGI-WB|0.015|0.020|0.020|+0.005|+33.33|1,453
7014|YLI|0.240|0.240|0.255|+0.015|+6.25|1,062
3158|YNHPROP|1.150|1.130|1.210|+0.060|+5.22|15,304
5159|YOCB|1.170|1.160|1.220|+0.050|+4.27|6,881
7066|YONGTAI|0.335|0.335|0.340|+0.005|+1.49|24,138
7066PA|YONGTAI-PA|0.200|0.200|0.200|0.000|0.00|1,976
7066WA|YONGTAI-WA|0.095|0.095|0.100|+0.005|+5.26|8,422
7178|YSPSAH|2.900|2.880|2.830|-0.070|-2.41|435
4677|YTL|1.020|1.030|1.020|0.000|0.00|50,101
467722|YTL-C22|0.050|0.000|0.000|0.000|0.00|0
467723|YTL-C23|0.050|0.050|0.050|0.000|0.00|2,702
467724|YTL-C24|0.150|0.000|0.000|0.000|0.00|0
2577|YTLLAND|0.400|0.400|0.395|-0.005|-1.25|242
2577LA|YTLLAND-LA|0.355|0.000|0.000|0.000|0.00|0
6742|YTLPOWR|0.860|0.865|0.865|+0.005|+0.58|12,550
6742C5|YTLPOWR-C5|0.005|0.000|0.000|0.000|0.00|0
6742C6|YTLPOWR-C6|0.055|0.055|0.055|0.000|0.00|1,200
6742C7|YTLPOWR-C7|0.150|0.000|0.000|0.000|0.00|0
5109|YTLREIT|1.270|1.270|1.260|-0.010|-0.79|6,508
7028|ZECON|0.230|0.235|0.250|+0.020|+8.70|35,821
2283|ZELAN|0.085|0.085|0.090|+0.005|+5.88|450,369
5131|ZHULIAN|1.360|1.350|1.350|-0.010|-0.74|677
0012|3A|0.855|0.845|0.840|-0.015|-1.75|1,748
