070322|A50CHIN-C22|0.215|0.000|0.000|0.000|0.00|0
070324|A50CHIN-C24|0.815|0.000|0.000|0.000|0.00|0
070326|A50CHIN-C26|0.495|0.000|0.000|0.000|0.00|0
070328|A50CHIN-C28|0.250|0.255|0.250|0.000|0.00|3,768
070330|A50CHIN-C30|0.340|0.345|0.335|-0.005|-1.47|5,784
070332|A50CHIN-C32|0.720|0.000|0.000|0.000|0.00|0
070334|A50CHIN-C34|1.010|0.000|0.000|0.000|0.00|0
070336|A50CHIN-C36|0.565|0.570|0.560|-0.005|-0.88|4,254
070338|A50CHIN-C38|0.235|0.235|0.230|-0.005|-2.13|170,190
070321|A50CHIN-H21|0.050|0.000|0.000|0.000|0.00|0
070323|A50CHIN-H23|0.005|0.000|0.000|0.000|0.00|0
070325|A50CHIN-H25|0.035|0.000|0.000|0.000|0.00|0
070327|A50CHIN-H27|0.070|0.060|0.065|-0.005|-7.14|5,083
070329|A50CHIN-H29|0.375|0.375|0.380|+0.005|+1.33|177,715
7054|AASIA|0.160|0.160|0.160|0.000|0.00|221
5238|AAX|0.250|0.255|0.255|+0.005|+2.00|79,270
523820|AAX-C20|0.005|0.000|0.000|0.000|0.00|0
523821|AAX-C21|0.005|0.000|0.000|0.000|0.00|0
5238WA|AAX-WA|0.050|0.050|0.050|0.000|0.00|8,000
0800EA|ABFMY1|1.173|0.000|0.000|0.000|0.00|0
7086|ABLEGRP|0.070|0.075|0.075|+0.005|+7.14|1,500
2488|ABMB|4.200|4.170|4.160|-0.040|-0.95|4,815
2488CY|ABMB-CY|0.100|0.000|0.000|0.000|0.00|0
7131|ACME|0.250|0.000|0.000|0.000|0.00|0
7120|ACOSTEC|0.430|0.425|0.430|0.000|0.00|13,870
5281|ADVCON|0.420|0.420|0.425|+0.005|+1.19|9,909
7191|ADVENTA|0.350|0.350|0.360|+0.010|+2.86|25
9148|ADVPKG|1.810|1.850|1.860|+0.050|+2.76|1,419
7146|AEM|0.110|0.105|0.105|-0.005|-4.55|1,000
7146WA|AEM-WA|0.005|0.005|0.005|0.000|0.00|2,000
0181|AEMULUS|0.255|0.255|0.255|0.000|0.00|7,963
6599|AEON|1.540|1.540|1.530|-0.010|-0.65|263
6599CO|AEON-CO|0.035|0.045|0.040|+0.005|+14.29|3,051
6599CP|AEON-CP|0.050|0.000|0.000|0.000|0.00|0
6599CQ|AEON-CQ|0.030|0.000|0.000|0.000|0.00|0
5139|AEONCR|17.100|17.100|17.120|+0.020|+0.12|231
5139LA|AEONCR-LA|1.560|0.000|0.000|0.000|0.00|0
5185|AFFIN|2.240|2.240|2.240|0.000|0.00|732
5198|AFUJIYA|0.505|0.495|0.520|+0.015|+2.97|160
7315|AHB|0.135|0.145|0.150|+0.015|+11.11|77,600
7315WB|AHB-WB|0.010|0.015|0.015|+0.005|+50.00|163,141
7090|AHEALTH|9.200|9.400|9.250|+0.050|+0.54|77
4952|AHP|0.760|0.765|0.765|+0.005|+0.66|47
0122|AIM|0.250|0.000|0.000|0.000|0.00|0
5099|AIRASIA|2.770|2.800|2.790|+0.020|+0.72|39,986
509959|AIRASIAC59|0.020|0.000|0.000|0.000|0.00|0
509967|AIRASIAC67|0.095|0.100|0.090|-0.005|-5.26|6,654
509968|AIRASIAC68|0.005|0.000|0.000|0.000|0.00|0
509969|AIRASIAC69|0.005|0.000|0.000|0.000|0.00|0
509970|AIRASIAC70|0.010|0.005|0.005|-0.005|-50.00|6,000
509971|AIRASIAC71|0.080|0.080|0.075|-0.005|-6.25|10,184
509972|AIRASIAC72|0.190|0.000|0.000|0.000|0.00|0
509973|AIRASIAC73|0.205|0.000|0.000|0.000|0.00|0
509974|AIRASIAC74|0.340|0.335|0.325|-0.015|-4.41|300
509975|AIRASIAC75|0.145|0.000|0.000|0.000|0.00|0
509976|AIRASIAC76|0.070|0.000|0.000|0.000|0.00|0
509977|AIRASIAC77|0.075|0.075|0.075|0.000|0.00|4,280
509978|AIRASIAC78|0.105|0.100|0.100|-0.005|-4.76|9,000
509979|AIRASIAC79|0.050|0.045|0.045|-0.005|-10.00|2,090
509980|AIRASIAC80|0.050|0.050|0.050|0.000|0.00|7,000
5014|AIRPORT|7.650|7.730|7.690|+0.040|+0.52|19,253
5014C2|AIRPORT-C2|0.005|0.000|0.000|0.000|0.00|0
5014C4|AIRPORT-C4|0.035|0.000|0.000|0.000|0.00|0
5014C5|AIRPORT-C5|0.055|0.000|0.000|0.000|0.00|0
5014C6|AIRPORT-C6|0.120|0.000|0.000|0.000|0.00|0
5014C7|AIRPORT-C7|0.080|0.080|0.075|-0.005|-6.25|4,100
2682|AISB|0.255|0.255|0.255|0.000|0.00|41
2658|AJI|18.140|18.100|18.120|-0.020|-0.11|270
7609|AJIYA|0.540|0.000|0.000|0.000|0.00|0
7609WA|AJIYA-WA|0.095|0.000|0.000|0.000|0.00|0
5115|ALAM|0.120|0.120|0.110|-0.010|-8.33|180,436
5116|ALAQAR|1.340|1.340|1.340|0.000|0.00|390
2674|ALCOM|0.550|0.540|0.540|-0.010|-1.82|100
1163|ALLIANZ|14.480|14.580|14.300|-0.180|-1.24|216
1163PA|ALLIANZ-PA|14.300|0.000|0.000|0.000|0.00|0
5269|ALSREIT|0.850|0.850|0.850|0.000|0.00|73
1015|AMBANK|4.470|4.490|4.520|+0.050|+1.12|36,571
101510|AMBANK-C10|0.150|0.160|0.165|+0.015|+10.00|602
101511|AMBANK-C11|0.165|0.000|0.000|0.000|0.00|0
101512|AMBANK-C12|0.140|0.130|0.130|-0.010|-7.14|3,998
101513|AMBANK-C13|0.095|0.090|0.090|-0.005|-5.26|622
0159|AMEDIA|0.150|0.150|0.155|+0.005|+3.33|342
5120|AMFIRST|0.530|0.535|0.535|+0.005|+0.94|1,075
03011|AMLEX|0.180|0.000|0.000|0.000|0.00|0
1007|AMPROP|0.515|0.515|0.520|+0.005|+0.97|193
1007PA|AMPROP-PA|0.250|0.250|0.250|0.000|0.00|28
1007PB|AMPROP-PB|0.580|0.000|0.000|0.000|0.00|0
7031|AMTEL|0.665|0.665|0.665|0.000|0.00|10
5959|AMVERTON|1.230|1.200|1.200|-0.030|-2.44|2,330
6351|AMWAY|5.920|5.930|5.920|0.000|0.00|1,528
7083|ANALABS|1.180|0.000|0.000|0.000|0.00|0
4758|ANCOM|0.480|0.475|0.480|0.000|0.00|523
0048|ANCOMLB|0.085|0.085|0.085|0.000|0.00|570
6556|ANNJOO|1.520|1.530|1.530|+0.010|+0.66|3,667
6556PA|ANNJOO-PA|0.490|0.000|0.000|0.000|0.00|0
9342|ANZO|0.040|0.035|0.035|-0.005|-12.50|44,621
9342WA|ANZO-WA|0.005|0.000|0.000|0.000|0.00|0
9342WB|ANZO-WB|0.025|0.000|0.000|0.000|0.00|0
9342WC|ANZO-WC|0.005|0.005|0.005|0.000|0.00|3,100
5568|APB|0.700|0.665|0.665|-0.035|-5.00|59
5088|APEX|1.080|1.060|1.060|-0.020|-1.85|40
5194|APFT|0.020|0.020|0.020|0.000|0.00|112,044
5015|APM|3.000|3.000|3.010|+0.010|+0.33|111
6432|APOLLO|3.900|3.880|3.900|0.000|0.00|72
0119|APPASIA|0.090|0.090|0.090|0.000|0.00|100
0119WA|APPASIA-WA|0.035|0.000|0.000|0.000|0.00|0
7214|ARANK|0.550|0.535|0.530|-0.020|-3.64|389
7007|ARK|0.360|0.000|0.000|0.000|0.00|0
7007WB|ARK-WB|0.090|0.000|0.000|0.000|0.00|0
5210|ARMADA|0.185|0.190|0.185|0.000|0.00|262,290
521040|ARMADA-C40|0.005|0.000|0.000|0.000|0.00|0
521043|ARMADA-C43|0.005|0.000|0.000|0.000|0.00|0
521045|ARMADA-C45|0.005|0.000|0.000|0.000|0.00|0
521046|ARMADA-C46|0.005|0.000|0.000|0.000|0.00|0
521047|ARMADA-C47|0.005|0.000|0.000|0.000|0.00|0
521048|ARMADA-C48|0.005|0.000|0.000|0.000|0.00|0
521049|ARMADA-C49|0.005|0.000|0.000|0.000|0.00|0
521050|ARMADA-C50|0.015|0.000|0.000|0.000|0.00|0
5127|ARREIT|0.835|0.835|0.835|0.000|0.00|236
1481|ASB|0.140|0.140|0.140|0.000|0.00|5,482
0068|ASDION|0.270|0.270|0.275|+0.005|+1.85|19,205
0068WB|ASDION-WB|0.005|0.000|0.000|0.000|0.00|0
7722|ASIABRN|0.500|0.440|0.440|-0.060|-12.00|50
7129|ASIAFLE|2.560|2.550|2.500|-0.060|-2.34|462
4057|ASIAPAC|0.120|0.120|0.120|0.000|0.00|1,400
4057LC|ASIAPAC-LC|0.580|0.000|0.000|0.000|0.00|0
4057WB|ASIAPAC-WB|0.045|0.000|0.000|0.000|0.00|0
0105|ASIAPLY|0.080|0.000|0.000|0.000|0.00|0
0105PA|ASIAPLY-PA|0.035|0.000|0.000|0.000|0.00|0
0105WA|ASIAPLY-WA|0.015|0.015|0.015|0.000|0.00|2,455
0105WB|ASIAPLY-WB|0.025|0.000|0.000|0.000|0.00|0
7162|ASTINO|0.700|0.655|0.655|-0.045|-6.43|124
6399|ASTRO|1.570|1.550|1.550|-0.020|-1.27|16,013
639910|ASTRO-C10|0.115|0.000|0.000|0.000|0.00|0
639911|ASTRO-C11|0.110|0.000|0.000|0.000|0.00|0
639912|ASTRO-C12|0.080|0.075|0.075|-0.005|-6.25|100
639913|ASTRO-C13|0.075|0.070|0.070|-0.005|-6.67|2,000
639914|ASTRO-C14|0.065|0.000|0.000|0.000|0.00|0
0072|AT|0.045|0.050|0.050|+0.005|+11.11|200
0072WB|AT-WB|0.005|0.005|0.005|0.000|0.00|227
8176|ATAIMS|1.780|1.760|1.770|-0.010|-0.56|13,896
7048|ATLAN|4.480|4.450|4.500|+0.020|+0.45|113
5130|ATRIUM|1.110|1.110|1.110|0.000|0.00|687
7099|ATTA|0.620|0.620|0.610|-0.010|-1.61|250
7099LA|ATTA-LA|0.080|0.075|0.075|-0.005|-6.25|1
7099PA|ATTA-PA|0.130|0.125|0.125|-0.005|-3.85|609
7099WB|ATTA-WB|0.135|0.110|0.110|-0.025|-18.52|200
7099WC|ATTA-WC|0.090|0.000|0.000|0.000|0.00|0
7181|ATURMJU|0.340|0.335|0.365|+0.025|+7.35|37,899
7181PA|ATURMJU-PA|0.175|0.170|0.185|+0.010|+5.71|20,993
8885|AVI|0.200|0.195|0.150|-0.050|-25.00|265,990
7579|AWC|0.760|0.770|0.790|+0.030|+3.95|20,661
7579WA|AWC-WA|0.250|0.255|0.280|+0.030|+12.00|13,848
6888|AXIATA|4.210|4.180|4.270|+0.060|+1.43|34,880
688828|AXIATA-C28|0.020|0.000|0.000|0.000|0.00|0
688830|AXIATA-C30|0.040|0.000|0.000|0.000|0.00|0
688831|AXIATA-C31|0.040|0.000|0.000|0.000|0.00|0
688832|AXIATA-C32|0.110|0.000|0.000|0.000|0.00|0
688833|AXIATA-C33|0.180|0.180|0.180|0.000|0.00|300
688834|AXIATA-C34|0.180|0.180|0.180|0.000|0.00|4
688835|AXIATA-C35|0.145|0.000|0.000|0.000|0.00|0
688836|AXIATA-C36|0.200|0.000|0.000|0.000|0.00|0
688837|AXIATA-C37|0.090|0.090|0.085|-0.005|-5.56|4
5106|AXREIT|1.750|1.760|1.800|+0.050|+2.86|18,532
2305|AYER|4.600|4.400|4.310|-0.290|-6.30|19
5021|AYS|0.340|0.340|0.345|+0.005|+1.47|5,393
7078|AZRB|0.490|0.490|0.505|+0.015|+3.06|48,598
7078WA|AZRB-WA|0.240|0.240|0.250|+0.010|+4.17|3,171
0098|BAHVEST|0.660|0.665|0.675|+0.015|+2.27|71,377
0098WA|BAHVEST-WA|0.415|0.420|0.435|+0.020|+4.82|34,868
7251|BARAKAH|0.110|0.110|0.105|-0.005|-4.55|161,557
4162|BAT|34.720|35.000|35.480|+0.760|+2.19|2,633
4162CM|BAT-CM|0.065|0.065|0.065|0.000|0.00|52
4162CN|BAT-CN|0.130|0.000|0.000|0.000|0.00|0
4162CO|BAT-CO|0.075|0.075|0.070|-0.005|-6.67|4
5248|BAUTO|2.320|2.310|2.330|+0.010|+0.43|122,657
5248C1|BAUTO-C1|0.080|0.090|0.080|0.000|0.00|900
5248CY|BAUTO-CY|0.140|0.000|0.000|0.000|0.00|0
5248CZ|BAUTO-CZ|0.205|0.200|0.210|+0.005|+2.44|3,600
6602|BCB|0.295|0.290|0.290|-0.005|-1.69|2,071
0187|BCMALL|0.195|0.195|0.200|+0.005|+2.56|4,700
6173|BDB|0.455|0.465|0.465|+0.010|+2.20|5,182
5190|BENALEC|0.195|0.195|0.195|0.000|0.00|1,634
9814|BERTAM|0.275|0.000|0.000|0.000|0.00|0
8133|BHIC|1.200|1.210|1.180|-0.020|-1.67|55
7005|BIG|0.410|0.420|0.410|0.000|0.00|1,319
5258|BIMB|4.200|4.200|4.190|-0.010|-0.24|513
5258WA|BIMB-WA|0.250|0.250|0.250|0.000|0.00|1,611
0195|BINACOM|0.390|0.390|0.390|0.000|0.00|1,916
6998|BINTAI|0.135|0.135|0.135|0.000|0.00|4,680
6998WA|BINTAI-WA|0.045|0.000|0.000|0.000|0.00|0
0179|BIOHLDG|0.205|0.205|0.210|+0.005|+2.44|1,421
0179WA|BIOHLDG-WA|0.085|0.080|0.080|-0.005|-5.88|800
7243|BIOOSMO|0.055|0.055|0.055|0.000|0.00|33,606
5032|BIPORT|4.790|4.800|4.810|+0.020|+0.42|70
3239|BJASSET|0.300|0.300|0.305|+0.005|+1.67|1,098
3239WB|BJASSET-WB|0.060|0.000|0.000|0.000|0.00|0
3395|BJCORP|0.265|0.265|0.265|0.000|0.00|2,445,263
339510|BJCORP-C10|0.005|0.000|0.000|0.000|0.00|0
339511|BJCORP-C11|0.020|0.015|0.015|-0.005|-25.00|2,000
3395LD|BJCORP-LD|0.345|0.345|0.340|-0.005|-1.45|2,832
3395LE|BJCORP-LE|0.385|0.000|0.000|0.000|0.00|0
3395WB|BJCORP-WB|0.040|0.045|0.045|+0.005|+12.50|3,050
3395WC|BJCORP-WC|0.075|0.070|0.075|0.000|0.00|7,520
5196|BJFOOD|1.640|1.630|1.620|-0.020|-1.22|2,933
4219|BJLAND|0.270|0.265|0.260|-0.010|-3.70|22,921
6025|BJMEDIA|0.150|0.000|0.000|0.000|0.00|0
1562|BJTOTO|2.320|2.340|2.340|+0.020|+0.86|3,024
1562CW|BJTOTO-CW|0.060|0.000|0.000|0.000|0.00|0
1562CX|BJTOTO-CX|0.090|0.000|0.000|0.000|0.00|0
1899|BKAWAN|16.980|16.980|17.040|+0.060|+0.35|255
5069|BLDPLNT|6.720|0.000|0.000|0.000|0.00|0
0508C5|BOC-C5|0.130|0.000|0.000|0.000|0.00|0
0168|BOILERM|0.530|0.530|0.530|0.000|0.00|965
9288|BONIA|0.260|0.255|0.250|-0.010|-3.85|3,256
7036|BORNOIL|0.040|0.045|0.045|+0.005|+12.50|19,090
7036WC|BORNOIL-WC|0.020|0.000|0.000|0.000|0.00|0
7036WD|BORNOIL-WD|0.015|0.020|0.020|+0.005|+33.33|660
6297|BOXPAK|1.080|0.000|0.000|0.000|0.00|0
6297WA|BOXPAK-WA|0.175|0.000|0.000|0.000|0.00|0
5254|BPLANT|0.805|0.805|0.805|0.000|0.00|1,019
5100|BPPLAS|1.100|1.100|1.100|0.000|0.00|20
5932|BPURI|0.185|0.185|0.185|0.000|0.00|31,548
9474|BRAHIMS|0.155|0.155|0.145|-0.010|-6.45|19,498
8761|BREM|0.770|0.765|0.790|+0.020|+2.60|205
9938|BRIGHT|0.195|0.200|0.200|+0.005|+2.56|660
7221|BSLCORP|0.405|0.360|0.370|-0.035|-8.64|182
2771|BSTEAD|1.340|1.330|1.300|-0.040|-2.99|5,047
0011|BTECH|0.305|0.305|0.350|+0.045|+14.75|48,686
7188|BTM|0.105|0.105|0.105|0.000|0.00|1
7188WA|BTM-WA|0.010|0.010|0.010|0.000|0.00|6,732
7188WB|BTM-WB|0.040|0.000|0.000|0.000|0.00|0
1818|BURSA|6.890|6.870|6.900|+0.010|+0.15|4,900
181820|BURSA-C20|0.005|0.000|0.000|0.000|0.00|0
181821|BURSA-C21|0.075|0.000|0.000|0.000|0.00|0
181822|BURSA-C22|0.050|0.000|0.000|0.000|0.00|0
181823|BURSA-C23|0.045|0.040|0.040|-0.005|-11.11|2,304
7174|CAB|0.600|0.605|0.605|+0.005|+0.83|2,987
7174WA|CAB-WA|0.450|0.000|0.000|0.000|0.00|0
0191|CABNET|0.285|0.285|0.285|0.000|0.00|1,267
0191WA|CABNET-WA|0.055|0.000|0.000|0.000|0.00|0
7154|CAELY|0.940|0.915|0.935|-0.005|-0.53|2,755
7154WA|CAELY-WA|0.550|0.000|0.000|0.000|0.00|0
7128|CAMRES|0.260|0.000|0.000|0.000|0.00|0
5105|CANONE|2.990|3.060|2.990|0.000|0.00|2,297
5229|CAP|0.010|0.000|0.000|0.000|0.00|0
0163|CAREPLS|0.160|0.160|0.160|0.000|0.00|3,850
5257|CARIMIN|0.875|0.885|0.860|-0.015|-1.71|63,671
5245|CARING|1.950|1.910|1.950|0.000|0.00|150
2836|CARLSBG|25.600|25.580|26.500|+0.900|+3.52|3,863
7076|CBIP|1.070|1.070|1.080|+0.010|+0.93|380
7076WA|CBIP-WA|0.010|0.000|0.000|0.000|0.00|0
2925|CCB|1.560|1.580|1.580|+0.020|+1.28|14
7035|CCK|0.610|0.615|0.615|+0.005|+0.82|10,994
7035WA|CCK-WA|0.130|0.125|0.125|-0.005|-3.85|4,054
2879|CCM|1.910|1.910|1.910|0.000|0.00|30
5195|CENSOF|0.150|0.150|0.145|-0.005|-3.33|2,998
5195WB|CENSOF-WB|0.005|0.000|0.000|0.000|0.00|0
8982|CEPAT|0.590|0.595|0.590|0.000|0.00|490
8435|CEPCO|0.645|0.000|0.000|0.000|0.00|0
8044|CFM|1.260|0.000|0.000|0.000|0.00|0
0579C1|CGARDEN-C1|0.105|0.000|0.000|0.000|0.00|0
7209|CHEETAH|0.310|0.000|0.000|0.000|0.00|0
7187|CHGP|0.365|0.000|0.000|0.000|0.00|0
7187WA|CHGP-WA|0.175|0.000|0.000|0.000|0.00|0
5738|CHHB|1.540|1.540|1.550|+0.010|+0.65|1,608
5738WB|CHHB-WB|0.400|0.000|0.000|0.000|0.00|0
0829EA|CHINAETF-MYR|5.830|5.790|5.790|-0.040|-0.69|2
0829EB|CHINAETF-USD|1.275|0.000|0.000|0.000|0.00|0
5273|CHINHIN|0.800|0.790|0.800|0.000|0.00|300
1929|CHINTEK|6.600|0.000|0.000|0.000|0.00|0
5007|CHINWEL|1.790|1.790|1.800|+0.010|+0.56|293
0501CG|CHMOBIL-CG|0.185|0.000|0.000|0.000|0.00|0
5797|CHOOBEE|1.610|0.000|0.000|0.000|0.00|0
7016|CHUAN|0.410|0.400|0.400|-0.010|-2.44|100
8052|CICB|0.590|0.000|0.000|0.000|0.00|0
2828|CIHLDG|1.450|1.440|1.400|-0.050|-3.45|26
1023|CIMB|5.330|5.380|5.330|0.000|0.00|102,305
102340|CIMB-C40|0.025|0.005|0.005|-0.020|-80.00|300
102341|CIMB-C41|0.075|0.000|0.000|0.000|0.00|0
102342|CIMB-C42|0.050|0.000|0.000|0.000|0.00|0
102343|CIMB-C43|0.025|0.000|0.000|0.000|0.00|0
102344|CIMB-C44|0.035|0.000|0.000|0.000|0.00|0
102345|CIMB-C45|0.060|0.055|0.055|-0.005|-8.33|12,376
102346|CIMB-C46|0.080|0.000|0.000|0.000|0.00|0
102347|CIMB-C47|0.070|0.000|0.000|0.000|0.00|0
0822EA|CIMBA40|1.855|1.830|1.830|-0.025|-1.35|3
0823EA|CIMBC50|1.630|1.600|1.595|-0.035|-2.15|560
7117|CJCEN|0.435|0.440|0.450|+0.015|+3.45|3,090
0514C3|CKHUTCH-C3|0.075|0.000|0.000|0.000|0.00|0
03001|CLOUD|0.300|0.000|0.000|0.000|0.00|0
7018|CME|0.040|0.000|0.000|0.000|0.00|0
7018LA|CME-LA|0.025|0.000|0.000|0.000|0.00|0
7018WA|CME-WA|0.025|0.000|0.000|0.000|0.00|0
5180|CMMT|1.110|1.120|1.120|+0.010|+0.90|12,753
2852|CMSB|3.350|3.350|3.300|-0.050|-1.49|5,139
285214|CMSB-C14|0.085|0.000|0.000|0.000|0.00|0
285215|CMSB-C15|0.120|0.110|0.110|-0.010|-8.33|5
7986|CNASIA|0.450|0.000|0.000|0.000|0.00|0
5104|CNI|0.070|0.070|0.070|0.000|0.00|2,033
5188|CNOUHUA|0.050|0.000|0.000|0.000|0.00|0
5071|COASTAL|1.120|1.120|1.100|-0.020|-1.79|1,142
7205|COCOLND|1.990|2.000|1.990|0.000|0.00|57
7195|COMCORP|0.105|0.125|0.110|+0.005|+4.76|112
2127|COMFORT|0.810|0.805|0.805|-0.005|-0.62|3,970
5136|COMPLET|0.880|0.880|0.885|+0.005|+0.57|630
5037|COMPUGT|0.025|0.025|0.025|0.000|0.00|42,963
0102|CONNECT|0.105|0.105|0.105|0.000|0.00|530
0102PA|CONNECT-PA|0.030|0.000|0.000|0.000|0.00|0
0102WA|CONNECT-WA|0.030|0.000|0.000|0.000|0.00|0
0102WB|CONNECT-WB|0.040|0.000|0.000|0.000|0.00|0
8591|CRESBLD|1.170|1.180|1.170|0.000|0.00|26,320
6718|CRESNDO|1.320|1.280|1.280|-0.040|-3.03|53
03016|CRG|0.045|0.045|0.045|0.000|0.00|1,040
7202|CSCENIC|1.110|1.110|1.110|0.000|0.00|500
5094|CSCSTEL|1.070|1.070|1.060|-0.010|-0.93|2,559
5214|CSL|0.010|0.000|0.000|0.000|0.00|0
0051|CUSCAPI|0.215|0.215|0.210|-0.005|-2.33|59,092
5049|CVIEW|1.520|1.510|1.510|-0.010|-0.66|1
9423|CWG|0.415|0.000|0.000|0.000|0.00|0
7157|CYL|0.465|0.430|0.400|-0.065|-13.98|1,160
5082|CYMAO|0.345|0.000|0.000|0.000|0.00|0
5184|CYPARK|1.700|1.700|1.690|-0.010|-0.59|3,451
7204|D&O|0.695|0.700|0.690|-0.005|-0.72|17,756
8125|DAIBOCI|1.600|1.600|1.580|-0.020|-1.25|6,383
8125WB|DAIBOCI-WB|0.130|0.130|0.130|0.000|0.00|29
5355|DAIMAN|2.990|0.000|0.000|0.000|0.00|0
5276|DANCO|0.605|0.605|0.630|+0.025|+4.13|39,760
5276WA|DANCO-WA|0.355|0.355|0.385|+0.030|+8.45|34,206
8338|DATAPRP|0.220|0.225|0.220|0.000|0.00|9,898
0091|DAYA|0.010|0.010|0.005|-0.005|-50.00|6,000
5141|DAYANG|1.390|1.400|1.330|-0.060|-4.32|513,045
7179|DBE|0.030|0.030|0.030|0.000|0.00|2,330
7179WB|DBE-WB|0.010|0.005|0.010|0.000|0.00|5,010
3484|DBHD|0.505|0.510|0.520|+0.015|+2.97|44,295
3484WA|DBHD-WA|0.120|0.120|0.120|0.000|0.00|10,688
7119|DEGEM|1.050|0.000|0.000|0.000|0.00|0
5132|DELEUM|1.100|1.080|1.080|-0.020|-1.82|555
7212|DESTINI|0.320|0.320|0.310|-0.010|-3.13|118,857
0152|DGB|0.125|0.120|0.120|-0.005|-4.00|400
0152WB|DGB-WB|0.030|0.000|0.000|0.000|0.00|0
0131|DGSB|0.080|0.080|0.080|0.000|0.00|8,521
7277|DIALOG|3.180|3.160|3.200|+0.020|+0.63|65,887
727733|DIALOG-C33|0.005|0.000|0.000|0.000|0.00|0
727735|DIALOG-C35|0.005|0.000|0.000|0.000|0.00|0
727736|DIALOG-C36|0.040|0.000|0.000|0.000|0.00|0
727737|DIALOG-C37|0.040|0.035|0.035|-0.005|-12.50|5,500
727738|DIALOG-C38|0.025|0.000|0.000|0.000|0.00|0
727739|DIALOG-C39|0.050|0.000|0.000|0.000|0.00|0
727740|DIALOG-C40|0.100|0.100|0.100|0.000|0.00|6,835
727741|DIALOG-C41|0.090|0.085|0.090|0.000|0.00|16,500
727742|DIALOG-C42|0.135|0.000|0.000|0.000|0.00|0
727743|DIALOG-C43|0.100|0.000|0.000|0.000|0.00|0
727744|DIALOG-C44|0.060|0.000|0.000|0.000|0.00|0
6947|DIGI|4.610|4.560|4.650|+0.040|+0.87|19,996
694724|DIGI-C24|0.035|0.000|0.000|0.000|0.00|0
694725|DIGI-C25|0.105|0.000|0.000|0.000|0.00|0
694726|DIGI-C26|0.115|0.000|0.000|0.000|0.00|0
694727|DIGI-C27|0.110|0.000|0.000|0.000|0.00|0
694728|DIGI-C28|0.050|0.000|0.000|0.000|0.00|0
0029|DIGISTA|0.045|0.050|0.050|+0.005|+11.11|5,644
0029WB|DIGISTA-WB|0.015|0.000|0.000|0.000|0.00|0
0400GA|DIN040000223|99.500|99.400|99.700|+0.200|+0.20|11
0400GC|DIN042300721|100.500|0.000|0.000|0.000|0.00|0
0400GB|DIN045801028|100.700|0.000|0.000|0.000|0.00|0
7528|DKLS|1.750|0.000|0.000|0.000|0.00|0
5908|DKSH|2.400|2.410|2.410|+0.010|+0.42|693
3026|DLADY|64.000|63.800|64.100|+0.100|+0.16|279
4456|DNEX|0.285|0.290|0.295|+0.010|+3.51|138,038
4456WD|DNEX-WD|0.075|0.075|0.075|0.000|0.00|16,396
7114|DNONCE|0.455|0.460|0.440|-0.015|-3.30|2,648
7114WA|DNONCE-WA|0.195|0.195|0.175|-0.020|-10.26|2,960
5835|DOLMITE|0.110|0.000|0.000|0.000|0.00|0
5265|DOLPHIN|0.140|0.140|0.145|+0.005|+3.57|500
5265WA|DOLPHIN-WA|0.030|0.000|0.000|0.000|0.00|0
7169|DOMINAN|1.260|1.260|1.260|0.000|0.00|168
7169WA|DOMINAN-WA|0.075|0.090|0.090|+0.015|+20.00|1,300
7148|DPHARMA|1.200|1.200|1.200|0.000|0.00|26,318
0205|DPIH|0.200|0.200|0.200|0.000|0.00|5,466
7198|DPS|0.075|0.000|0.000|0.000|0.00|0
7198WB|DPS-WB|0.030|0.000|0.000|0.000|0.00|0
1619|DRBHCOM|1.870|1.880|1.900|+0.030|+1.60|15,647
161960|DRBHCOMC60|0.020|0.020|0.020|0.000|0.00|1,343
161962|DRBHCOMC62|0.005|0.000|0.000|0.000|0.00|0
161963|DRBHCOMC63|0.005|0.000|0.000|0.000|0.00|0
161964|DRBHCOMC64|0.005|0.005|0.005|0.000|0.00|4,000
161966|DRBHCOMC66|0.005|0.000|0.000|0.000|0.00|0
161967|DRBHCOMC67|0.015|0.000|0.000|0.000|0.00|0
161968|DRBHCOMC68|0.085|0.085|0.085|0.000|0.00|15,786
161969|DRBHCOMC69|0.125|0.000|0.000|0.000|0.00|0
161970|DRBHCOMC70|0.155|0.150|0.155|0.000|0.00|6,754
161971|DRBHCOMC71|0.130|0.000|0.000|0.000|0.00|0
161972|DRBHCOMC72|0.120|0.000|0.000|0.000|0.00|0
161973|DRBHCOMC73|0.095|0.000|0.000|0.000|0.00|0
161974|DRBHCOMC74|0.085|0.080|0.085|0.000|0.00|29,858
161975|DRBHCOMC75|0.075|0.080|0.080|+0.005|+6.67|504
5216|DSONIC|0.505|0.510|0.515|+0.010|+1.98|27,152
5216WA|DSONIC-WA|0.090|0.090|0.090|0.000|0.00|3,219
7233|DUFU|1.560|1.580|1.590|+0.030|+1.92|12,022
3948|DUTALND|0.490|0.490|0.495|+0.005|+1.02|3,812
7165|DWL|0.785|0.000|0.000|0.000|0.00|0
7165PA|DWL-PA|0.205|0.000|0.000|0.000|0.00|0
7165WA|DWL-WA|0.225|0.225|0.225|0.000|0.00|200
5178|DYNACIA|0.100|0.100|0.095|-0.005|-5.00|618,992
5178PA|DYNACIA-PA|0.050|0.050|0.045|-0.005|-10.00|2,005
5178WA|DYNACIA-WA|0.040|0.040|0.040|0.000|0.00|3,401
3417|E&O|0.915|0.915|0.910|-0.005|-0.55|27,933
341713|E&O-C13|0.105|0.000|0.000|0.000|0.00|0
341714|E&O-C14|0.150|0.000|0.000|0.000|0.00|0
3417WB|E&O-WB|0.005|0.000|0.000|0.000|0.00|0
0154|EAH|0.020|0.020|0.020|0.000|0.00|1
0154WC|EAH-WC|0.005|0.000|0.000|0.000|0.00|0
0154WD|EAH-WD|0.005|0.005|0.005|0.000|0.00|18,000
0154WE|EAH-WE|0.010|0.005|0.010|0.000|0.00|9,750
2097|EASTLND|0.100|0.100|0.100|0.000|0.00|3,020
5259|EATECH|0.455|0.455|0.460|+0.005|+1.10|6,334
2143|ECM|0.270|0.000|0.000|0.000|0.00|0
3557|ECOFIRS|0.300|0.295|0.295|-0.005|-1.67|3,423
3557WC|ECOFIRS-WC|0.020|0.010|0.015|-0.005|-25.00|23
0059|ECOHLDS|0.300|0.295|0.300|0.000|0.00|2,199
5253|ECONBHD|0.470|0.470|0.465|-0.005|-1.06|86,617
5253WA|ECONBHD-WA|0.115|0.115|0.110|-0.005|-4.35|8,391
8206|ECOWLD|0.940|0.940|0.925|-0.015|-1.60|4,868
8206CQ|ECOWLD-CQ|0.005|0.000|0.000|0.000|0.00|0
8206CS|ECOWLD-CS|0.035|0.000|0.000|0.000|0.00|0
8206CT|ECOWLD-CT|0.150|0.000|0.000|0.000|0.00|0
8206WA|ECOWLD-WA|0.180|0.180|0.180|0.000|0.00|100
5036|EDARAN|0.535|0.540|0.545|+0.010|+1.87|6,431
7471|EDEN|0.135|0.130|0.130|-0.005|-3.70|18,653
7471WB|EDEN-WB|0.050|0.050|0.045|-0.005|-10.00|12,260
1368|EDGENTA|2.820|2.830|2.820|0.000|0.00|2,494
0107|EDUSPEC|0.030|0.030|0.030|0.000|0.00|6,901
0064|EFFICEN|0.200|0.195|0.190|-0.010|-5.00|4,422
0065|EFORCE|0.475|0.480|0.480|+0.005|+1.05|103,829
0065WA|EFORCE-WA|0.135|0.130|0.130|-0.005|-3.70|19,423
8907|EG|0.465|0.470|0.475|+0.010|+2.15|2,660
8907PA|EG-PA|0.500|0.000|0.000|0.000|0.00|0
8907WC|EG-WC|0.140|0.140|0.140|0.000|0.00|50
5081|EIG|0.590|0.660|0.660|+0.070|+11.86|100
5208|EITA|1.320|1.360|1.300|-0.020|-1.52|161
7182|EKA|0.060|0.060|0.060|0.000|0.00|1,000
8877|EKOVEST|0.520|0.525|0.520|0.000|0.00|69,746
8877CQ|EKOVEST-CQ|0.005|0.000|0.000|0.000|0.00|0
8877CS|EKOVEST-CS|0.035|0.000|0.000|0.000|0.00|0
8877CT|EKOVEST-CT|0.035|0.035|0.035|0.000|0.00|7,000
8877WB|EKOVEST-WB|0.075|0.075|0.070|-0.005|-6.67|28,321
9016|EKSONS|0.810|0.810|0.820|+0.010|+1.23|40
5228|ELKDESA|1.380|1.380|1.380|0.000|0.00|257
5228LA|ELKDESA-LA|1.170|0.000|0.000|0.000|0.00|0
0090|ELSOFT|1.010|1.020|1.000|-0.010|-0.99|6,149
7217|EMETALL|0.430|0.445|0.435|+0.005|+1.16|1,688
9091|EMICO|0.175|0.180|0.180|+0.005|+2.86|1
6076|ENCORP|0.380|0.360|0.360|-0.020|-5.26|670
7149|ENGKAH|1.010|0.935|1.000|-0.010|-0.99|1,132
5056|ENGTEX|0.840|0.840|0.845|+0.005|+0.60|1,738
8613|ENRA|1.450|0.000|0.000|0.000|0.00|0
7773|EPMB|0.370|0.370|0.400|+0.030|+8.11|479
0190|ESAFE|0.205|0.000|0.000|0.000|0.00|0
0100|ESCERAM|0.150|0.150|0.160|+0.010|+6.67|279
03021|ETH|0.185|0.170|0.170|-0.015|-8.11|250
6815|EUPE|0.660|0.000|0.000|0.000|0.00|0
7208|EURO|0.140|0.000|0.000|0.000|0.00|0
7094|EUROSP|0.405|0.000|0.000|0.000|0.00|0
5101|EVERGRN|0.375|0.375|0.375|0.000|0.00|3,864
7249|EWEIN|0.600|0.600|0.590|-0.010|-1.67|8,313
5283|EWINT|0.770|0.770|0.760|-0.010|-1.30|666
5283WA|EWINT-WA|0.145|0.140|0.145|0.000|0.00|12,290
3689|F&N|34.900|34.900|34.800|-0.100|-0.29|1,237
2984|FACBIND|1.250|1.270|1.270|+0.020|+1.60|20
7047|FAJAR|0.420|0.420|0.405|-0.015|-3.57|31,033
7047WB|FAJAR-WB|0.035|0.030|0.030|-0.005|-14.29|3,022
5029|FAREAST|2.760|0.000|0.000|0.000|0.00|0
6041|FARLIM|0.370|0.365|0.375|+0.005|+1.35|615
7229|FAVCO|2.760|0.000|0.000|0.000|0.00|0
06505D|FBMKLCI-C5D|0.085|0.000|0.000|0.000|0.00|0
06505I|FBMKLCI-C5I|0.005|0.000|0.000|0.000|0.00|0
06505J|FBMKLCI-C5J|0.020|0.000|0.000|0.000|0.00|0
06505K|FBMKLCI-C5K|0.005|0.000|0.000|0.000|0.00|0
06505L|FBMKLCI-C5L|0.070|0.000|0.000|0.000|0.00|0
06505M|FBMKLCI-C5M|0.100|0.000|0.000|0.000|0.00|0
06505N|FBMKLCI-C5N|0.035|0.030|0.030|-0.005|-14.29|500
06505O|FBMKLCI-C5O|0.035|0.030|0.030|-0.005|-14.29|4,550
06505P|FBMKLCI-C5P|0.155|0.155|0.150|-0.005|-3.23|447
06505Q|FBMKLCI-C5Q|0.250|0.255|0.235|-0.015|-6.00|3,992
06505R|FBMKLCI-C5R|0.045|0.050|0.045|0.000|0.00|6,200
06505S|FBMKLCI-C5S|0.135|0.125|0.125|-0.010|-7.41|2,500
06505T|FBMKLCI-C5T|0.210|0.220|0.200|-0.010|-4.76|700
06505U|FBMKLCI-C5U|0.150|0.000|0.000|0.000|0.00|0
06505V|FBMKLCI-C5V|0.050|0.050|0.050|0.000|0.00|10,700
06505W|FBMKLCI-C5W|0.030|0.030|0.025|-0.005|-16.67|4,750
0820EA|FBMKLCI-EA|1.780|1.770|1.770|-0.010|-0.56|1
06506F|FBMKLCI-H6F|0.015|0.020|0.020|+0.005|+33.33|300
06506K|FBMKLCI-H6K|0.205|0.230|0.230|+0.025|+12.20|700
06506L|FBMKLCI-H6L|0.140|0.140|0.140|0.000|0.00|1,100
06506M|FBMKLCI-H6M|0.205|0.210|0.210|+0.005|+2.44|3,460
06506N|FBMKLCI-H6N|0.225|0.000|0.000|0.000|0.00|0
06506O|FBMKLCI-H6O|0.355|0.355|0.360|+0.005|+1.41|10,300
06506P|FBMKLCI-H6P|0.055|0.055|0.055|0.000|0.00|30,210
06506Q|FBMKLCI-H6Q|0.115|0.110|0.110|-0.005|-4.35|8,090
06506R|FBMKLCI-H6R|0.240|0.000|0.000|0.000|0.00|0
06506S|FBMKLCI-H6S|0.325|0.000|0.000|0.000|0.00|0
06506T|FBMKLCI-H6T|0.105|0.110|0.110|+0.005|+4.76|500
06506U|FBMKLCI-H6U|0.255|0.000|0.000|0.000|0.00|0
06506V|FBMKLCI-H6V|0.265|0.280|0.275|+0.010|+3.77|500
06506W|FBMKLCI-H6W|0.155|0.160|0.160|+0.005|+3.23|500
06506X|FBMKLCI-H6X|0.125|0.000|0.000|0.000|0.00|0
06506Y|FBMKLCI-H6Y|0.150|0.000|0.000|0.000|0.00|0
2755|FCW|0.715|0.000|0.000|0.000|0.00|0
5222|FGV|1.220|1.220|1.190|-0.030|-2.46|94,163
522255|FGV-C55|0.005|0.005|0.010|+0.005|+100.00|5,001
522256|FGV-C56|0.005|0.000|0.000|0.000|0.00|0
522257|FGV-C57|0.005|0.000|0.000|0.000|0.00|0
522258|FGV-C58|0.010|0.000|0.000|0.000|0.00|0
522259|FGV-C59|0.035|0.000|0.000|0.000|0.00|0
522260|FGV-C60|0.005|0.000|0.000|0.000|0.00|0
522261|FGV-C61|0.025|0.000|0.000|0.000|0.00|0
522262|FGV-C62|0.095|0.090|0.090|-0.005|-5.26|31,549
522263|FGV-C63|0.190|0.190|0.185|-0.005|-2.63|4,770
522264|FGV-C64|0.250|0.000|0.000|0.000|0.00|0
522265|FGV-C65|0.205|0.195|0.195|-0.010|-4.88|2,264
522266|FGV-C66|0.320|0.000|0.000|0.000|0.00|0
522267|FGV-C67|0.470|0.470|0.440|-0.030|-6.38|2,523
522268|FGV-C68|0.150|0.000|0.000|0.000|0.00|0
522269|FGV-C69|0.140|0.125|0.125|-0.015|-10.71|20,000
522270|FGV-C70|0.125|0.125|0.110|-0.015|-12.00|3,106
522271|FGV-C71|0.050|0.050|0.050|0.000|0.00|26,700
522272|FGV-C72|0.045|0.045|0.040|-0.005|-11.11|16,010
522273|FGV-C73|0.095|0.100|0.090|-0.005|-5.26|46,254
6939|FIAMMA|0.490|0.000|0.000|0.000|0.00|0
0149|FIBON|0.410|0.000|0.000|0.000|0.00|0
8605|FIHB|0.485|0.480|0.500|+0.015|+3.09|3,038
8605PA|FIHB-PA|0.085|0.000|0.000|0.000|0.00|0
8605PB|FIHB-PB|0.080|0.000|0.000|0.000|0.00|0
3107|FIMACOR|1.950|1.950|1.950|0.000|0.00|10
0150|FINTEC|0.055|0.055|0.050|-0.005|-9.09|3,989
0150PA|FINTEC-PA|0.025|0.025|0.025|0.000|0.00|1,111
0150WA|FINTEC-WA|0.015|0.010|0.010|-0.005|-33.33|110
0150WB|FINTEC-WB|0.020|0.000|0.000|0.000|0.00|0
9318|FITTERS|0.480|0.485|0.480|0.000|0.00|35,730
9318WB|FITTERS-WB|0.020|0.020|0.025|+0.005|+25.00|751
5197|FLBHD|1.650|1.650|1.650|0.000|0.00|4,022
0116|FOCUS|0.135|0.140|0.140|+0.005|+3.70|41,350
0116WC|FOCUS-WC|0.080|0.000|0.000|0.000|0.00|0
0157|FOCUSP|0.365|0.360|0.355|-0.010|-2.74|2,725
5277|FPGROUP|0.300|0.305|0.305|+0.005|+1.67|28,098
9172|FPI|1.810|1.800|1.810|0.000|0.00|1,215
7210|FREIGHT|0.600|0.600|0.595|-0.005|-0.83|461
0128|FRONTKN|0.950|0.955|0.965|+0.015|+1.58|46,422
9377|FSBM|0.095|0.000|0.000|0.000|0.00|0
9377WA|FSBM-WA|0.025|0.000|0.000|0.000|0.00|0
7184|G3|0.710|0.000|0.000|0.000|0.00|0
7184WA|G3-WA|0.700|0.000|0.000|0.000|0.00|0
9261|GADANG|0.655|0.660|0.655|0.000|0.00|21,868
9261WB|GADANG-WB|0.205|0.205|0.200|-0.005|-2.44|7,048
5398|GAMUDA|2.930|2.930|2.890|-0.040|-1.37|43,435
539851|GAMUDA-C51|0.005|0.000|0.000|0.000|0.00|0
539853|GAMUDA-C53|0.005|0.000|0.000|0.000|0.00|0
539856|GAMUDA-C56|0.030|0.000|0.000|0.000|0.00|0
539857|GAMUDA-C57|0.045|0.000|0.000|0.000|0.00|0
539858|GAMUDA-C58|0.065|0.000|0.000|0.000|0.00|0
539859|GAMUDA-C59|0.175|0.170|0.170|-0.005|-2.86|1,000
539860|GAMUDA-C60|0.105|0.000|0.000|0.000|0.00|0
539861|GAMUDA-C61|0.075|0.000|0.000|0.000|0.00|0
539862|GAMUDA-C62|0.100|0.000|0.000|0.000|0.00|0
539863|GAMUDA-C63|0.100|0.000|0.000|0.000|0.00|0
539864|GAMUDA-C64|0.150|0.000|0.000|0.000|0.00|0
5398WE|GAMUDA-WE|0.225|0.225|0.220|-0.005|-2.22|3,008
5209|GASMSIA|2.890|2.850|2.880|-0.010|-0.35|518
5226|GBGAQRS|1.250|1.240|1.250|0.000|0.00|10,882
5226WB|GBGAQRS-WB|0.300|0.295|0.320|+0.020|+6.67|59,040
5102|GCB|3.730|3.710|3.690|-0.040|-1.07|912
5102CA|GCB-CA|0.280|0.000|0.000|0.000|0.00|0
5102CB|GCB-CB|0.185|0.000|0.000|0.000|0.00|0
5102CC|GCB-CC|0.140|0.000|0.000|0.000|0.00|0
5102CD|GCB-CD|0.110|0.000|0.000|0.000|0.00|0
5102CE|GCB-CE|0.150|0.000|0.000|0.000|0.00|0
5592|GCE|0.465|0.470|0.470|+0.005|+1.08|182
0198|GDB|0.275|0.275|0.275|0.000|0.00|4,857
0078|GDEX|0.355|0.365|0.360|+0.005|+1.41|20,511
0078WB|GDEX-WB|0.060|0.060|0.065|+0.005|+8.33|70,525
0580C1|GEELY-C1|0.050|0.065|0.065|+0.015|+30.00|50
0104|GENETEC|1.650|1.650|1.700|+0.050|+3.03|490
4715|GENM|3.360|3.380|3.380|+0.020|+0.60|51,286
471538|GENM-C38|0.005|0.000|0.000|0.000|0.00|0
471540|GENM-C40|0.150|0.000|0.000|0.000|0.00|0
471541|GENM-C41|0.005|0.000|0.000|0.000|0.00|0
471542|GENM-C42|0.040|0.030|0.030|-0.010|-25.00|100
471543|GENM-C43|0.040|0.000|0.000|0.000|0.00|0
471544|GENM-C44|0.075|0.000|0.000|0.000|0.00|0
471545|GENM-C45|0.160|0.140|0.150|-0.010|-6.25|639
471546|GENM-C46|0.105|0.105|0.105|0.000|0.00|500
471547|GENM-C47|0.135|0.125|0.125|-0.010|-7.41|3,000
471548|GENM-C48|0.130|0.000|0.000|0.000|0.00|0
471549|GENM-C49|0.195|0.185|0.195|0.000|0.00|2,500
471550|GENM-C50|0.195|0.160|0.175|-0.020|-10.26|212
471551|GENM-C51|0.125|0.120|0.125|0.000|0.00|5,999
471552|GENM-C52|0.215|0.000|0.000|0.000|0.00|0
471553|GENM-C53|0.120|0.115|0.120|0.000|0.00|802
471554|GENM-C54|0.095|0.085|0.080|-0.015|-15.79|2,008
471555|GENM-C55|0.065|0.060|0.065|0.000|0.00|10,600
2291|GENP|10.380|10.380|10.400|+0.020|+0.19|981
2291WA|GENP-WA|2.570|2.520|2.450|-0.120|-4.67|70
3182|GENTING|6.910|6.900|6.920|+0.010|+0.14|30,264
318251|GENTINGC51|0.005|0.000|0.000|0.000|0.00|0
318255|GENTINGC55|0.050|0.000|0.000|0.000|0.00|0
318256|GENTINGC56|0.030|0.000|0.000|0.000|0.00|0
318257|GENTINGC57|0.080|0.085|0.080|0.000|0.00|4,973
318258|GENTINGC58|0.055|0.060|0.060|+0.005|+9.09|7,130
318259|GENTINGC59|0.090|0.085|0.085|-0.005|-5.56|7,000
318260|GENTINGC60|0.115|0.110|0.110|-0.005|-4.35|1,000
318261|GENTINGC61|0.110|0.105|0.110|0.000|0.00|317
318262|GENTINGC62|0.140|0.135|0.135|-0.005|-3.57|1,200
318263|GENTINGC63|0.125|0.000|0.000|0.000|0.00|0
318264|GENTINGC64|0.090|0.000|0.000|0.000|0.00|0
7197|GESHEN|0.615|0.610|0.610|-0.005|-0.81|10
5079|GETS|0.120|0.120|0.120|0.000|0.00|400
0039|GFM|0.495|0.500|0.495|0.000|0.00|14,839
0039WC|GFM-WC|0.205|0.200|0.205|0.000|0.00|24,544
0021|GHLSYS|1.640|1.630|1.640|0.000|0.00|1,748
0021CA|GHLSYS-CA|0.110|0.000|0.000|0.000|0.00|0
3204|GKENT|1.120|1.130|1.120|0.000|0.00|41,116
7382|GLBHD|0.370|0.380|0.370|0.000|0.00|20
5020|GLOMAC|0.365|0.370|0.370|+0.005|+1.37|373
5220|GLOTEC|0.465|0.465|0.470|+0.005|+1.08|918
5220WA|GLOTEC-WA|0.070|0.065|0.065|-0.005|-7.14|9
9962|GMUTUAL|0.275|0.000|0.000|0.000|0.00|0
0045|GNB|0.050|0.050|0.050|0.000|0.00|1,069
1147|GOB|0.185|0.185|0.185|0.000|0.00|364
1147WA|GOB-WA|0.005|0.000|0.000|0.000|0.00|0
0074|GOCEAN|0.115|0.105|0.120|+0.005|+4.35|6,343
0074WA|GOCEAN-WA|0.005|0.000|0.000|0.000|0.00|0
0828EA|GOLDETF|1.765|1.725|1.750|-0.015|-0.85|1,031
7192|GOODWAY|0.215|0.210|0.210|-0.005|-2.33|1,005
2135|GOPENG|0.690|0.000|0.000|0.000|0.00|0
7096|GPA|0.105|0.100|0.100|-0.005|-4.76|4,500
7096WA|GPA-WA|0.030|0.030|0.030|0.000|0.00|19,500
0082|GPACKET|0.320|0.315|0.315|-0.005|-1.56|3,794
0082WB|GPACKET-WB|0.075|0.080|0.075|0.000|0.00|2,000
5649|GPHAROS|0.230|0.000|0.000|0.000|0.00|0
0056|GRANFLO|0.205|0.000|0.000|0.000|0.00|0
0136|GREENYB|0.140|0.130|0.135|-0.005|-3.57|3,620
7077|GSB|0.190|0.190|0.190|0.000|0.00|3,715
7022|GTRONIC|1.690|1.720|1.690|0.000|0.00|9,465
7022CR|GTRONIC-CR|0.005|0.000|0.000|0.000|0.00|0
7022CS|GTRONIC-CS|0.005|0.000|0.000|0.000|0.00|0
7022CT|GTRONIC-CT|0.005|0.000|0.000|0.000|0.00|0
7022CU|GTRONIC-CU|0.030|0.000|0.000|0.000|0.00|0
7022CV|GTRONIC-CV|0.065|0.000|0.000|0.000|0.00|0
7022CW|GTRONIC-CW|0.040|0.000|0.000|0.000|0.00|0
3247|GUH|0.480|0.480|0.470|-0.010|-2.08|105
7676|GUNUNG|0.295|0.295|0.290|-0.005|-1.69|358
7676WB|GUNUNG-WB|0.050|0.050|0.050|0.000|0.00|1,400
1503|GUOCO|0.780|0.000|0.000|0.000|0.00|0
7668|HAIO|2.720|2.690|2.720|0.000|0.00|353
7668CG|HAIO-CG|0.075|0.000|0.000|0.000|0.00|0
5151|HALEX|0.920|0.920|0.920|0.000|0.00|101
7253|HANDAL|0.375|0.385|0.375|0.000|0.00|2,021
3034|HAPSENG|9.850|9.930|9.880|+0.030|+0.30|3,620
3034CX|HAPSENG-CX|0.030|0.000|0.000|0.000|0.00|0
2062|HARBOUR|0.710|0.705|0.700|-0.010|-1.41|300
2062WC|HARBOUR-WC|0.085|0.000|0.000|0.000|0.00|0
5008|HARISON|3.800|0.000|0.000|0.000|0.00|0
7501|HARNLEN|0.660|0.690|0.700|+0.040|+6.06|2,760
5168|HARTA|4.710|4.700|4.620|-0.090|-1.91|45,679
516811|HARTA-C11|0.005|0.000|0.000|0.000|0.00|0
516815|HARTA-C15|0.020|0.000|0.000|0.000|0.00|0
516816|HARTA-C16|0.010|0.000|0.000|0.000|0.00|0
516817|HARTA-C17|0.005|0.000|0.000|0.000|0.00|0
516818|HARTA-C18|0.005|0.000|0.000|0.000|0.00|0
516819|HARTA-C19|0.055|0.000|0.000|0.000|0.00|0
516820|HARTA-C20|0.065|0.050|0.050|-0.015|-23.08|800
516821|HARTA-C21|0.070|0.000|0.000|0.000|0.00|0
516822|HARTA-C22|0.055|0.050|0.050|-0.005|-9.09|17,875
5187|HBGLOB|0.125|0.120|0.125|0.000|0.00|4,030
7105|HCK|1.250|0.000|0.000|0.000|0.00|0
7105WA|HCK-WA|0.295|0.000|0.000|0.000|0.00|0
3255|HEIM|22.700|22.880|22.980|+0.280|+1.23|435
5121|HEKTAR|1.120|1.120|1.130|+0.010|+0.89|1,110
4324|HENGYUAN|6.000|5.980|5.990|-0.010|-0.17|4,232
4324C1|HENGYUAN-C1|0.005|0.000|0.000|0.000|0.00|0
4324C2|HENGYUAN-C2|0.005|0.000|0.000|0.000|0.00|0
4324C4|HENGYUAN-C4|0.030|0.000|0.000|0.000|0.00|0
4324C5|HENGYUAN-C5|0.035|0.000|0.000|0.000|0.00|0
4324C6|HENGYUAN-C6|0.055|0.000|0.000|0.000|0.00|0
4324C7|HENGYUAN-C7|0.195|0.190|0.190|-0.005|-2.56|300
4324C8|HENGYUAN-C8|0.120|0.000|0.000|0.000|0.00|0
4324C9|HENGYUAN-C9|0.150|0.000|0.000|0.000|0.00|0
4324CZ|HENGYUAN-CZ|0.010|0.010|0.010|0.000|0.00|2,090
5095|HEVEA|0.635|0.640|0.640|+0.005|+0.79|1,599
5095WB|HEVEA-WB|0.450|0.000|0.000|0.000|0.00|0
3298|HEXZA|0.700|0.705|0.705|+0.005|+0.71|97
0175|HHGROUP|0.120|0.120|0.120|0.000|0.00|3,465
0160|HHHCORP|0.095|0.095|0.095|0.000|0.00|1,000
5072|HIAPTEK|0.295|0.295|0.295|0.000|0.00|53,564
5072LA|HIAPTEK-LA|0.300|0.300|0.300|0.000|0.00|443
5072WB|HIAPTEK-WB|0.085|0.080|0.080|-0.005|-5.88|1,700
5199|HIBISCS|1.060|1.060|1.100|+0.040|+3.77|1,353,099
5199CM|HIBISCS-CM|0.085|0.085|0.100|+0.015|+17.65|7,491
5199CN|HIBISCS-CN|0.075|0.070|0.085|+0.010|+13.33|31,377
5199CO|HIBISCS-CO|0.080|0.000|0.000|0.000|0.00|0
5199CP|HIBISCS-CP|0.045|0.055|0.065|+0.020|+44.44|2,040
5199CQ|HIBISCS-CQ|0.125|0.125|0.140|+0.015|+12.00|47,988
5199CR|HIBISCS-CR|0.110|0.115|0.125|+0.015|+13.64|75,600
5199CS|HIBISCS-CS|0.110|0.000|0.000|0.000|0.00|0
5199CT|HIBISCS-CT|0.130|0.000|0.000|0.000|0.00|0
5199CU|HIBISCS-CU|0.090|0.095|0.105|+0.015|+16.67|108,933
5199CV|HIBISCS-CV|0.080|0.000|0.000|0.000|0.00|0
5199CW|HIBISCS-CW|0.095|0.095|0.095|0.000|0.00|4,645
5199WC|HIBISCS-WC|0.475|0.475|0.500|+0.025|+5.26|428,086
7033|HIGHTEC|1.300|1.200|1.200|-0.100|-7.69|4
8443|HIL|0.570|0.575|0.595|+0.025|+4.39|4,575
8443WB|HIL-WB|0.190|0.245|0.245|+0.055|+28.95|45
0505CF|HKEX-CF|0.425|0.000|0.000|0.000|0.00|0
5819|HLBANK|20.340|20.760|20.400|+0.060|+0.29|7,100
5819CN|HLBANK-CN|0.030|0.035|0.030|0.000|0.00|1,732
5819CO|HLBANK-CO|0.120|0.000|0.000|0.000|0.00|0
5274|HLCAP|9.600|0.000|0.000|0.000|0.00|0
1082|HLFG|19.320|19.160|19.460|+0.140|+0.72|1,075
3301|HLIND|9.960|9.990|9.950|-0.010|-0.10|120
0188|HLT|0.130|0.000|0.000|0.000|0.00|0
0188WA|HLT-WA|0.050|0.000|0.000|0.000|0.00|0
5169|HOHUP|0.410|0.410|0.405|-0.005|-1.22|3,232
5165|HOKHENG|0.640|0.650|0.675|+0.035|+5.47|6,597
5160|HOMERIZ|0.630|0.630|0.615|-0.015|-2.38|2,066
5160WA|HOMERIZ-WA|0.080|0.070|0.070|-0.010|-12.50|1,019
7010|HOOVER|0.600|0.600|0.600|0.000|0.00|59
06513U|HSI-C3U|0.015|0.000|0.000|0.000|0.00|0
06513V|HSI-C3V|0.065|0.080|0.050|-0.015|-23.08|477,978
06513W|HSI-C3W|0.445|0.480|0.420|-0.025|-5.62|1,553
06513X|HSI-C3X|1.150|1.020|1.010|-0.140|-12.17|32
06513Y|HSI-C3Y|0.100|0.000|0.000|0.000|0.00|0
06513Z|HSI-C3Z|0.175|0.185|0.170|-0.005|-2.86|246,450
06515A|HSI-C5A|0.410|0.440|0.390|-0.020|-4.88|434,786
06515B|HSI-C5B|0.765|0.785|0.720|-0.045|-5.88|12,138
06515C|HSI-C5C|0.210|0.220|0.200|-0.010|-4.76|112,007
06515D|HSI-C5D|0.355|0.380|0.340|-0.015|-4.23|509,156
06515E|HSI-C5E|0.665|0.680|0.645|-0.020|-3.01|5,920
06515F|HSI-C5F|1.030|1.050|0.970|-0.060|-5.83|130
06515G|HSI-C5G|0.555|0.585|0.535|-0.020|-3.60|18,109
06515H|HSI-C5H|0.825|0.830|0.830|+0.005|+0.61|10
06515I|HSI-C5I|1.190|0.000|0.000|0.000|0.00|0
06515J|HSI-C5J|0.695|0.720|0.680|-0.015|-2.16|1,570
06515K|HSI-C5K|1.020|1.000|0.990|-0.030|-2.94|300
06515L|HSI-C5L|1.410|0.000|0.000|0.000|0.00|0
06515M|HSI-C5M|2.040|1.870|1.910|-0.130|-6.37|60
06515N|HSI-C5N|0.510|0.295|0.280|-0.230|-45.10|950
06515O|HSI-C5O|0.680|0.435|0.420|-0.260|-38.24|1,050
06515P|HSI-C5P|0.880|0.675|0.610|-0.270|-30.68|203
06515Q|HSI-C5Q|1.140|0.925|0.935|-0.205|-17.98|600
06514V|HSI-H4V|0.005|0.000|0.000|0.000|0.00|0
06514W|HSI-H4W|0.005|0.000|0.000|0.000|0.00|0
06514X|HSI-H4X|0.005|0.000|0.000|0.000|0.00|0
06514Y|HSI-H4Y|0.005|0.000|0.000|0.000|0.00|0
06514Z|HSI-H4Z|0.010|0.005|0.005|-0.005|-50.00|243
06516A|HSI-H6A|0.015|0.020|0.015|0.000|0.00|9,830
06516B|HSI-H6B|0.025|0.000|0.000|0.000|0.00|0
06516C|HSI-H6C|0.070|0.065|0.070|0.000|0.00|109,786
06516D|HSI-H6D|0.055|0.045|0.050|-0.005|-9.09|350
06516E|HSI-H6E|0.110|0.105|0.110|0.000|0.00|5,075
06516F|HSI-H6F|0.215|0.200|0.220|+0.005|+2.33|246,695
06516G|HSI-H6G|0.405|0.390|0.415|+0.010|+2.47|190,541
06516H|HSI-H6H|0.070|0.000|0.000|0.000|0.00|0
06516I|HSI-H6I|0.130|0.000|0.000|0.000|0.00|0
06516J|HSI-H6J|0.235|0.220|0.240|+0.005|+2.13|21,237
06516K|HSI-H6K|0.075|0.000|0.000|0.000|0.00|0
06516L|HSI-H6L|0.155|0.125|0.125|-0.030|-19.35|855
06516M|HSI-H6M|0.160|0.150|0.155|-0.005|-3.13|5,015
06516N|HSI-H6N|0.265|0.255|0.265|0.000|0.00|42,993
06516O|HSI-H6O|0.270|0.210|0.225|-0.045|-16.67|120
06516P|HSI-H6P|0.430|0.315|0.320|-0.110|-25.58|1,000
06516Q|HSI-H6Q|0.650|0.455|0.455|-0.195|-30.00|100
06516R|HSI-H6R|0.920|0.620|0.630|-0.290|-31.52|500
6238|HSL|1.440|1.420|1.450|+0.010|+0.69|800
5138|HSPLANT|1.780|1.770|1.700|-0.080|-4.49|70
0185|HSSEB|1.140|1.160|1.190|+0.050|+4.39|7,563
0185WA|HSSEB-WA|0.220|0.220|0.230|+0.010|+4.55|500
5028|HTPADU|0.705|0.710|0.705|0.000|0.00|7,816
2739|HUAAN|0.255|0.260|0.255|0.000|0.00|97,343
5062|HUAYANG|0.390|0.385|0.390|0.000|0.00|4,646
7013|HUBLINE|0.055|0.055|0.060|+0.005|+9.09|20,888
7013WA|HUBLINE-WA|0.005|0.000|0.000|0.000|0.00|0
7013WB|HUBLINE-WB|0.010|0.000|0.000|0.000|0.00|0
7013WC|HUBLINE-WC|0.020|0.000|0.000|0.000|0.00|0
5000|HUMEIND|0.720|0.710|0.710|-0.010|-1.39|270
5024|HUPSENG|0.995|1.000|1.000|+0.005|+0.50|3,055
8478|HWATAI|0.310|0.300|0.320|+0.010|+3.23|103
9601|HWGB|0.100|0.100|0.100|0.000|0.00|75
9601WD|HWGB-WD|0.030|0.030|0.030|0.000|0.00|539
4251|IBHD|0.435|0.435|0.435|0.000|0.00|430
4251LB|IBHD-LB|0.310|0.315|0.320|+0.010|+3.23|500
4251WA|IBHD-WA|0.015|0.000|0.000|0.000|0.00|0
5084|IBRACO|0.690|0.000|0.000|0.000|0.00|0
5108|ICAP|2.400|0.000|0.000|0.000|0.00|0
0502CF|ICBC-CF|0.100|0.000|0.000|0.000|0.00|0
5255|ICON|0.095|0.090|0.095|0.000|0.00|76,092
9687|IDEAL|1.070|1.080|1.090|+0.020|+1.87|324
9687WB|IDEAL-WB|0.365|0.355|0.360|-0.005|-1.37|2,570
0174|IDMENSN|0.025|0.000|0.000|0.000|0.00|0
0174WA|IDMENSN-WA|0.005|0.000|0.000|0.000|0.00|0
0023|IFCAMSC|0.425|0.430|0.425|0.000|0.00|90,065
5606|IGBB|2.530|2.520|2.520|-0.010|-0.40|1
5606PA|IGBB-PA|1.110|0.000|0.000|0.000|0.00|0
5606PB|IGBB-PB|3.200|0.000|0.000|0.000|0.00|0
5227|IGBREIT|1.800|1.800|1.820|+0.020|+1.11|15,421
5225|IHH|5.790|5.850|5.820|+0.030|+0.52|50,975
522510|IHH-C10|0.120|0.125|0.125|+0.005|+4.17|400
5225C7|IHH-C7|0.050|0.045|0.035|-0.015|-30.00|62
5225C8|IHH-C8|0.105|0.000|0.000|0.000|0.00|0
5225C9|IHH-C9|0.095|0.000|0.000|0.000|0.00|0
0401GA|IHS046000824|97.500|0.000|0.000|0.000|0.00|0
3336|IJM|2.120|2.100|2.100|-0.020|-0.94|23,792
333620|IJM-C20|0.085|0.075|0.075|-0.010|-11.76|700
333621|IJM-C21|0.100|0.095|0.095|-0.005|-5.00|4
333624|IJM-C24|0.165|0.155|0.155|-0.010|-6.06|200
333625|IJM-C25|0.190|0.185|0.175|-0.015|-7.89|1,001
2216|IJMPLNT|1.630|0.000|0.000|0.000|0.00|0
5268|IKHMAS|0.150|0.155|0.160|+0.010|+6.67|23,746
5614|ILB|0.395|0.000|0.000|0.000|0.00|0
7222|IMASPRO|2.140|2.130|2.140|0.000|0.00|8,068
0166|INARI|1.530|1.550|1.610|+0.080|+5.23|169,754
016621|INARI-C21|0.005|0.000|0.000|0.000|0.00|0
016622|INARI-C22|0.005|0.000|0.000|0.000|0.00|0
016623|INARI-C23|0.005|0.000|0.000|0.000|0.00|0
016624|INARI-C24|0.005|0.000|0.000|0.000|0.00|0
016625|INARI-C25|0.005|0.000|0.000|0.000|0.00|0
016626|INARI-C26|0.030|0.045|0.040|+0.010|+33.33|308
016627|INARI-C27|0.030|0.035|0.040|+0.010|+33.33|36,197
016628|INARI-C28|0.030|0.035|0.035|+0.005|+16.67|24,700
016629|INARI-C29|0.060|0.065|0.070|+0.010|+16.67|7,000
016630|INARI-C30|0.060|0.000|0.000|0.000|0.00|0
016631|INARI-C31|0.115|0.120|0.130|+0.015|+13.04|45,993
016632|INARI-C32|0.120|0.125|0.135|+0.015|+12.50|40,530
016633|INARI-C33|0.255|0.265|0.285|+0.030|+11.76|8
016634|INARI-C34|0.075|0.080|0.085|+0.010|+13.33|13,626
016635|INARI-C35|0.065|0.065|0.070|+0.005|+7.69|7,800
016636|INARI-C36|0.075|0.080|0.080|+0.005|+6.67|600
016637|INARI-C37|0.100|0.105|0.115|+0.015|+15.00|1,006
016638|INARI-C38|0.090|0.090|0.105|+0.015|+16.67|30,100
0166WB|INARI-WB|1.000|1.020|1.060|+0.060|+6.00|3,276
2607|INCKEN|0.635|0.635|0.635|0.000|0.00|100
0094|INIX|0.055|0.055|0.050|-0.005|-9.09|1,116
0094WA|INIX-WA|0.025|0.025|0.025|0.000|0.00|801
0147|INNITY|0.575|0.000|0.000|0.000|0.00|0
6262|INNO|0.795|0.795|0.795|0.000|0.00|10
3379|INSAS|0.755|0.755|0.780|+0.025|+3.31|3,182
3379PA|INSAS-PA|0.985|0.985|0.985|0.000|0.00|453
3379WB|INSAS-WB|0.070|0.070|0.070|0.000|0.00|23,360
0192|INTA|0.275|0.275|0.285|+0.010|+3.64|11,542
1961|IOICORP|4.490|4.490|4.490|0.000|0.00|20,421
196119|IOICORP-C19|0.050|0.045|0.045|-0.005|-10.00|2,510
196120|IOICORP-C20|0.150|0.090|0.085|-0.065|-43.33|1,000
5249|IOIPG|1.380|1.370|1.400|+0.020|+1.45|23,483
5249CV|IOIPG-CV|0.130|0.000|0.000|0.000|0.00|0
5673|IPMUDA|0.500|0.000|0.000|0.000|0.00|0
5107|IQGROUP|1.130|0.000|0.000|0.000|0.00|0
8834|IREKA|0.560|0.000|0.000|0.000|0.00|0
8834WB|IREKA-WB|0.005|0.000|0.000|0.000|0.00|0
7183|IRETEX|0.155|0.150|0.155|0.000|0.00|3,322
7183LA|IRETEX-LA|0.020|0.020|0.020|0.000|0.00|5,000
7183WA|IRETEX-WA|0.005|0.005|0.005|0.000|0.00|1,365
0010|IRIS|0.140|0.140|0.140|0.000|0.00|116,813
9393|ITRONIC|0.100|0.100|0.100|0.000|0.00|2,300
5175|IVORY|0.205|0.205|0.205|0.000|0.00|785
1589|IWCITY|0.725|0.730|0.710|-0.015|-2.07|84,693
7223|JADI|0.035|0.035|0.035|0.000|0.00|907
0024|JAG|0.055|0.055|0.050|-0.005|-9.09|19,207
0024WA|JAG-WA|0.005|0.000|0.000|0.000|0.00|0
0024WB|JAG-WB|0.010|0.010|0.010|0.000|0.00|2,000
4723|JAKS|0.770|0.775|0.770|0.000|0.00|21,700
4723WB|JAKS-WB|0.490|0.515|0.500|+0.010|+2.04|1,226
8648|JASKITA|0.115|0.000|0.000|0.000|0.00|0
7152|JAYCORP|0.985|0.970|0.955|-0.030|-3.05|2,601
0058|JCBNEXT|1.480|1.480|1.480|0.000|0.00|64
5161|JCY|0.200|0.205|0.205|+0.005|+2.50|23,039
8931|JERASIA|0.380|0.380|0.385|+0.005|+1.32|122
9083|JETSON|0.185|0.175|0.180|-0.005|-2.70|740
0146|JFTECH|0.880|0.880|0.910|+0.030|+3.41|3,434
0127|JHM|1.290|1.290|1.310|+0.020|+1.55|55,766
8923|JIANKUN|0.325|0.000|0.000|0.000|0.00|0
8923WA|JIANKUN-WA|0.075|0.000|0.000|0.000|0.00|0
6769|JKGLAND|0.075|0.075|0.075|0.000|0.00|8,000
03003|JMEDU|0.535|0.000|0.000|0.000|0.00|0
7043|JMR|0.950|0.000|0.000|0.000|0.00|0
3441|JOHAN|0.085|0.080|0.085|0.000|0.00|1,600
7167|JOHOTIN|1.410|1.420|1.400|-0.010|-0.71|12,055
4383|JTIASA|0.560|0.560|0.550|-0.010|-1.79|1,678
0111|K1|0.235|0.235|0.230|-0.005|-2.13|51,421
0111WC|K1-WC|0.110|0.110|0.110|0.000|0.00|13,477
0193|KAB|0.215|0.210|0.210|-0.005|-2.33|701
8672|KAMDAR|0.290|0.000|0.000|0.000|0.00|0
0170|KANGER|0.040|0.045|0.040|0.000|0.00|740
0170WA|KANGER-WA|0.015|0.015|0.020|+0.005|+33.33|3,087
5247|KAREX|0.435|0.440|0.435|0.000|0.00|10,001
0054|KARYON|0.135|0.135|0.135|0.000|0.00|1,923
7216|KAWAN|1.710|1.700|1.700|-0.010|-0.58|584
3115|KBUNAI|0.085|0.085|0.085|0.000|0.00|1,285
3115WC|KBUNAI-WC|0.020|0.020|0.020|0.000|0.00|4,700
7199|KEINHIN|0.625|0.000|0.000|0.000|0.00|0
7323|KEN|0.680|0.000|0.000|0.000|0.00|0
6483|KENANGA|0.520|0.525|0.525|+0.005|+0.96|509
7161|KERJAYA|1.250|1.270|1.240|-0.010|-0.80|157
7161CJ|KERJAYA-CJ|0.020|0.000|0.000|0.000|0.00|0
7161CK|KERJAYA-CK|0.150|0.000|0.000|0.000|0.00|0
7161WB|KERJAYA-WB|0.190|0.185|0.190|0.000|0.00|710
9334|KESM|8.530|8.590|8.630|+0.100|+1.17|80
0143|KEYASIC|0.105|0.110|0.105|0.000|0.00|14,056
6491|KFIMA|1.650|1.660|1.650|0.000|0.00|176
8303|KFM|0.180|0.000|0.000|0.000|0.00|0
0151|KGB|1.260|1.260|1.250|-0.010|-0.79|4,411
0151WA|KGB-WA|0.745|0.745|0.740|-0.005|-0.67|1,095
0036|KGROUP|0.045|0.040|0.040|-0.005|-11.11|2,679
0036WB|KGROUP-WB|0.005|0.000|0.000|0.000|0.00|0
6203|KHEESAN|0.640|0.620|0.635|-0.005|-0.78|1,442
7062|KHIND|1.680|0.000|0.000|0.000|0.00|0
6211|KIALIM|0.220|0.000|0.000|0.000|0.00|0
3522|KIANJOO|3.100|3.100|3.100|0.000|0.00|3,486
5371|KIMHIN|1.170|0.000|0.000|0.000|0.00|0
5171|KIMLUN|1.210|1.210|1.220|+0.010|+0.83|572
5171WA|KIMLUN-WA|0.325|0.330|0.330|+0.005|+1.54|10
5060|KINSTEL|0.005|0.000|0.000|0.000|0.00|0
5280|KIPREIT|0.865|0.870|0.870|+0.005|+0.58|2,967
9466|KKB|1.240|1.260|1.230|-0.010|-0.81|8,500
5235SS|KLCC|7.700|7.710|7.780|+0.080|+1.04|10,205
2445|KLK|24.480|24.320|24.340|-0.140|-0.57|3,605
2445C2|KLK-C2|0.140|0.125|0.125|-0.015|-10.71|1
2453|KLUANG|3.330|3.350|3.340|+0.010|+0.30|359
5027|KMLOONG|1.280|0.000|0.000|0.000|0.00|0
5027WB|KMLOONG-WB|0.290|0.290|0.290|0.000|0.00|43
7164|KNM|0.120|0.120|0.115|-0.005|-4.17|186,138
7164WB|KNM-WB|0.015|0.015|0.015|0.000|0.00|4,435
5035|KNUSFOR|0.430|0.000|0.000|0.000|0.00|0
6971|KOBAY|1.410|1.420|1.450|+0.040|+2.84|125
7017|KOMARK|0.255|0.250|0.255|0.000|0.00|22,992
7017WB|KOMARK-WB|0.040|0.040|0.035|-0.005|-12.50|13,184
7153|KOSSAN|3.560|3.550|3.490|-0.070|-1.97|14,769
7153C1|KOSSAN-C1|0.150|0.000|0.000|0.000|0.00|0
7153CY|KOSSAN-CY|0.005|0.000|0.000|0.000|0.00|0
7153CZ|KOSSAN-CZ|0.150|0.000|0.000|0.000|0.00|0
0002|KOTRA|1.700|0.000|0.000|0.000|0.00|0
5878|KPJ|1.040|1.040|1.040|0.000|0.00|47,256
5878CR|KPJ-CR|0.020|0.000|0.000|0.000|0.00|0
5878CS|KPJ-CS|0.030|0.000|0.000|0.000|0.00|0
7130|KPOWER|0.345|0.325|0.310|-0.035|-10.14|1,160
5843|KPS|1.400|1.410|1.380|-0.020|-1.43|2,285
9121|KPSCB|0.500|0.000|0.000|0.000|0.00|0
1996|KRETAM|0.405|0.400|0.400|-0.005|-1.23|1,100
0176|KRONO|0.585|0.590|0.590|+0.005|+0.85|28,222
3476|KSENG|4.740|4.700|4.740|0.000|0.00|275
5038|KSL|0.930|0.930|0.930|0.000|0.00|1,916
5192|KSSC|0.450|0.450|0.460|+0.010|+2.22|3,182
5172|KSTAR|0.085|0.080|0.080|-0.005|-5.88|600
5172WA|KSTAR-WA|0.005|0.005|0.005|0.000|0.00|3
4847|KTB|0.070|0.000|0.000|0.000|0.00|0
0180|KTC|0.180|0.185|0.180|0.000|0.00|2,080
6874|KUB|0.395|0.400|0.400|+0.005|+1.27|13,031
2186|KUCHAI|1.580|1.570|1.570|-0.010|-0.63|219
6572|KWANTAS|0.800|0.000|0.000|0.000|0.00|0
8362|KYM|0.295|0.320|0.320|+0.025|+8.47|1
3174|L&G|0.155|0.155|0.150|-0.005|-3.23|32,000
3794|LAFMSIA|2.140|2.150|2.200|+0.060|+2.80|13,040
3794CE|LAFMSIA-CE|0.150|0.000|0.000|0.000|0.00|0
0018|LAMBO|0.155|0.150|0.155|0.000|0.00|80,269
1643|LANDMRK|0.460|0.455|0.465|+0.005|+1.09|650
7006|LATITUD|4.030|3.950|3.940|-0.090|-2.23|345
9385|LAYHONG|0.440|0.440|0.435|-0.005|-1.14|20,643
9385WA|LAYHONG-WA|0.200|0.200|0.195|-0.005|-2.50|7,440
9326|LBALUM|0.535|0.500|0.500|-0.035|-6.54|314
8494|LBICAP|0.860|0.860|0.865|+0.005|+0.58|748
5789|LBS|0.645|0.650|0.645|0.000|0.00|2,978
5789PA|LBS-PA|0.840|0.850|0.850|+0.010|+1.19|10
5789WB|LBS-WB|0.235|0.000|0.000|0.000|0.00|0
5284|LCTITAN|4.210|4.220|4.220|+0.010|+0.24|6,723
9628|LEBTECH|0.755|0.000|0.000|0.000|0.00|0
8079|LEESK|0.900|0.900|0.900|0.000|0.00|297
5232|LEONFB|0.495|0.500|0.495|0.000|0.00|847
8745|LEWEKO|0.140|0.000|0.000|0.000|0.00|0
8745WB|LEWEKO-WB|0.055|0.000|0.000|0.000|0.00|0
7170|LFECORP|0.110|0.000|0.000|0.000|0.00|0
3573|LIENHOE|0.280|0.280|0.285|+0.005|+1.79|195
7089|LIIHEN|2.690|2.690|2.670|-0.020|-0.74|985
8486|LIONFIB|0.435|0.000|0.000|0.000|0.00|0
4235|LIONIND|0.530|0.530|0.525|-0.005|-0.94|15,270
6645|LITRAK|4.280|4.300|4.330|+0.050|+1.17|5,945
0182|LKL|0.115|0.115|0.115|0.000|0.00|1,130
7126|LONBISC|0.390|0.390|0.390|0.000|0.00|28,902
7126WA|LONBISC-WA|0.030|0.035|0.035|+0.005|+16.67|665
8621|LPI|16.100|16.100|16.100|0.000|0.00|559
9881|LSTEEL|0.290|0.290|0.290|0.000|0.00|2
7085|LTKM|1.200|1.200|1.200|0.000|0.00|750
5068|LUSTER|0.080|0.080|0.080|0.000|0.00|1,960
5068WA|LUSTER-WA|0.035|0.000|0.000|0.000|0.00|0
5068WB|LUSTER-WB|0.035|0.000|0.000|0.000|0.00|0
5143|LUXCHEM|0.530|0.530|0.530|0.000|0.00|390
0075|LYC|0.325|0.320|0.320|-0.005|-1.54|1,063
9199|LYSAGHT|2.670|0.000|0.000|0.000|0.00|0
5078|M&G|0.095|0.090|0.090|-0.005|-5.26|2,980
0017|M3TECH|0.045|0.045|0.045|0.000|0.00|1,400
0017WA|M3TECH-WA|0.005|0.000|0.000|0.000|0.00|0
1198|MAA|1.020|1.020|1.030|+0.010|+0.98|2,549
7617|MAGNA|0.930|0.000|0.000|0.000|0.00|0
7617WB|MAGNA-WB|0.190|0.000|0.000|0.000|0.00|0
7087|MAGNI|4.810|4.820|4.780|-0.030|-0.62|320
3859|MAGNUM|2.380|2.340|2.400|+0.020|+0.84|3,356
8583|MAHSING|0.925|0.925|0.940|+0.015|+1.62|6,686
858317|MAHSING-C17|0.040|0.000|0.000|0.000|0.00|0
858318|MAHSING-C18|0.030|0.000|0.000|0.000|0.00|0
858319|MAHSING-C19|0.025|0.000|0.000|0.000|0.00|0
8583WC|MAHSING-WC|0.015|0.015|0.015|0.000|0.00|350
5264|MALAKOF|0.930|0.925|0.920|-0.010|-1.08|17,485
526412|MALAKOFC12|0.005|0.000|0.000|0.000|0.00|0
526413|MALAKOFC13|0.005|0.000|0.000|0.000|0.00|0
526415|MALAKOFC15|0.030|0.025|0.025|-0.005|-16.67|4,718
526416|MALAKOFC16|0.005|0.005|0.005|0.000|0.00|2,025
526417|MALAKOFC17|0.090|0.000|0.000|0.000|0.00|0
526418|MALAKOFC18|0.060|0.055|0.055|-0.005|-8.33|9,150
526419|MALAKOFC19|0.125|0.115|0.115|-0.010|-8.00|800
526420|MALAKOFC20|0.090|0.085|0.085|-0.005|-5.56|200
526421|MALAKOFC21|0.080|0.000|0.000|0.000|0.00|0
526422|MALAKOFC22|0.050|0.050|0.050|0.000|0.00|1,500
4936|MALPAC|0.850|0.000|0.000|0.000|0.00|0
6181|MALTON|0.495|0.500|0.500|+0.005|+1.01|11,431
1058|MANULFE|2.500|2.470|2.470|-0.030|-1.20|1
3514|MARCO|0.125|0.125|0.125|0.000|0.00|1,100
5098|MASTEEL|0.475|0.475|0.465|-0.010|-2.11|12,146
7029|MASTER|0.785|0.775|0.785|0.000|0.00|6,413
0189|MATANG|0.070|0.070|0.070|0.000|0.00|3,960
5236|MATRIX|1.940|1.960|1.920|-0.020|-1.03|1,415
5236WA|MATRIX-WA|0.145|0.000|0.000|0.000|0.00|0
6012|MAXIS|5.330|5.370|5.560|+0.230|+4.32|17,515
601210|MAXIS-C10|0.065|0.060|0.060|-0.005|-7.69|2,406
6012C8|MAXIS-C8|0.065|0.000|0.000|0.000|0.00|0
6012C9|MAXIS-C9|0.050|0.000|0.000|0.000|0.00|0
5189|MAXWELL|0.010|0.000|0.000|0.000|0.00|0
5189WA|MAXWELL-WA|0.005|0.000|0.000|0.000|0.00|0
1155|MAYBANK|9.400|9.430|9.290|-0.110|-1.17|96,470
115543|MAYBANKC43|0.075|0.000|0.000|0.000|0.00|0
115544|MAYBANKC44|0.005|0.005|0.005|0.000|0.00|300
115546|MAYBANKC46|0.005|0.005|0.005|0.000|0.00|3,180
115547|MAYBANKC47|0.035|0.000|0.000|0.000|0.00|0
115548|MAYBANKC48|0.030|0.000|0.000|0.000|0.00|0
115549|MAYBANKC49|0.095|0.000|0.000|0.000|0.00|0
115550|MAYBANKC50|0.085|0.085|0.075|-0.010|-11.76|10,415
115551|MAYBANKC51|0.080|0.075|0.075|-0.005|-6.25|50
115552|MAYBANKC52|0.040|0.040|0.035|-0.005|-12.50|44,618
115553|MAYBANKC53|0.150|0.000|0.000|0.000|0.00|0
5077|MAYBULK|0.575|0.570|0.555|-0.020|-3.48|3,382
5886|MBG|0.800|0.000|0.000|0.000|0.00|0
5152|MBL|1.230|1.200|1.240|+0.010|+0.81|1,859
5152WA|MBL-WA|0.445|0.000|0.000|0.000|0.00|0
5983|MBMR|2.750|2.820|2.750|0.000|0.00|2,372
1171|MBSB|0.965|0.970|0.950|-0.015|-1.55|32,525
117115|MBSB-C15|0.010|0.000|0.000|0.000|0.00|0
117116|MBSB-C16|0.060|0.000|0.000|0.000|0.00|0
117117|MBSB-C17|0.035|0.035|0.035|0.000|0.00|12,498
117118|MBSB-C18|0.055|0.000|0.000|0.000|0.00|0
117119|MBSB-C19|0.045|0.000|0.000|0.000|0.00|0
117120|MBSB-C20|0.025|0.015|0.015|-0.010|-40.00|7,000
117121|MBSB-C21|0.040|0.000|0.000|0.000|0.00|0
7189|MBWORLD|1.670|0.000|0.000|0.000|0.00|0
7004|MCEHLDG|0.650|0.650|0.650|0.000|0.00|398
0167|MCLEAN|0.090|0.000|0.000|0.000|0.00|0
0167WB|MCLEAN-WB|0.025|0.000|0.000|0.000|0.00|0
5182|MCT|0.580|0.585|0.575|-0.005|-0.86|22
4502|MEDIA|0.520|0.525|0.525|+0.005|+0.96|9,175
5090|MEDIAC|0.225|0.225|0.230|+0.005|+2.22|3,580
0081|MEGASUN|0.125|0.130|0.130|+0.005|+4.00|407
0081WA|MEGASUN-WA|0.025|0.020|0.020|-0.005|-20.00|2
5129|MELATI|0.450|0.470|0.470|+0.020|+4.44|1,796
3778|MELEWAR|0.135|0.135|0.140|+0.005|+3.70|904
3778WB|MELEWAR-WB|0.045|0.000|0.000|0.000|0.00|0
1694|MENANG|0.385|0.365|0.385|0.000|0.00|700
1694WB|MENANG-WB|0.010|0.000|0.000|0.000|0.00|0
0577C2|MENGNIU-C2|0.180|0.000|0.000|0.000|0.00|0
5223|MENTIGA|0.615|0.000|0.000|0.000|0.00|0
8192|MERCURY|0.850|0.850|0.850|0.000|0.00|1
5006|MERGE|1.420|1.400|1.400|-0.020|-1.41|350
5040|MERIDIAN|0.300|0.290|0.290|-0.010|-3.33|1,560
5040WA|MERIDIAN-WA|0.075|0.000|0.000|0.000|0.00|0
5040WB|MERIDIAN-WB|0.025|0.000|0.000|0.000|0.00|0
5040WC|MERIDIAN-WC|0.020|0.025|0.025|+0.005|+25.00|10
7234|MESB|0.305|0.295|0.295|-0.010|-3.28|16
7234WA|MESB-WA|0.105|0.100|0.100|-0.005|-4.76|1,000
0826EA|METFAPA|1.040|0.000|0.000|0.000|0.00|0
0825EA|METFSID|0.807|0.000|0.000|0.000|0.00|0
0827EA|METFUS50|1.045|1.075|1.075|+0.030|+2.87|19
6149|METROD|1.700|0.000|0.000|0.000|0.00|0
3069|MFCB|3.840|3.800|3.790|-0.050|-1.30|495
3069WA|MFCB-WA|1.640|1.640|1.680|+0.040|+2.44|1,421
03015|MFGROUP|0.220|0.000|0.000|0.000|0.00|0
3662|MFLOUR|0.755|0.765|0.765|+0.010|+1.32|70,605
3662LA|MFLOUR-LA|1.490|1.500|1.520|+0.030|+2.01|359
3662WC|MFLOUR-WC|0.390|0.395|0.395|+0.005|+1.28|25,495
7595|MGB|0.710|0.720|0.720|+0.010|+1.41|100
7595WA|MGB-WA|0.250|0.000|0.000|0.000|0.00|0
0155|MGRC|0.270|0.000|0.000|0.000|0.00|0
5186|MHB|0.810|0.805|0.800|-0.010|-1.23|4,266
518613|MHB-C13|0.020|0.000|0.000|0.000|0.00|0
5026|MHC|0.595|0.590|0.590|-0.005|-0.84|100
03005|MHCARE|0.460|0.000|0.000|0.000|0.00|0
5286|MI|2.060|2.090|2.090|+0.030|+1.46|6,280
5286CA|MI-CA|0.090|0.000|0.000|0.000|0.00|0
5286CB|MI-CB|0.035|0.000|0.000|0.000|0.00|0
5286CC|MI-CC|0.055|0.000|0.000|0.000|0.00|0
5286CD|MI-CD|0.135|0.000|0.000|0.000|0.00|0
5286CE|MI-CE|0.150|0.000|0.000|0.000|0.00|0
5286CF|MI-CF|0.065|0.065|0.065|0.000|0.00|100
0126|MICROLN|0.410|0.000|0.000|0.000|0.00|0
5001|MIECO|0.280|0.275|0.270|-0.010|-3.57|13,992
0112|MIKROMB|0.250|0.255|0.250|0.000|0.00|2,884
7935|MILUX|0.680|0.000|0.000|0.000|0.00|0
5166|MINDA|0.050|0.050|0.050|0.000|0.00|100
7219|MINETEC|0.055|0.055|0.055|0.000|0.00|5,071
7219WA|MINETEC-WA|0.005|0.000|0.000|0.000|0.00|0
5576|MINHO|0.300|0.300|0.300|0.000|0.00|2,009
5576WC|MINHO-WC|0.070|0.065|0.070|0.000|0.00|1,083
3816|MISC|6.730|6.740|6.740|+0.010|+0.15|11,050
381619|MISC-C19|0.165|0.165|0.155|-0.010|-6.06|1,244
381620|MISC-C20|0.090|0.000|0.000|0.000|0.00|0
381621|MISC-C21|0.160|0.000|0.000|0.000|0.00|0
381622|MISC-C22|0.150|0.000|0.000|0.000|0.00|0
9571|MITRA|0.400|0.400|0.395|-0.005|-1.25|36,264
9571WD|MITRA-WD|0.045|0.045|0.045|0.000|0.00|3,004
9571WE|MITRA-WE|0.095|0.095|0.095|0.000|0.00|1,200
8141|MJPERAK|0.230|0.230|0.225|-0.005|-2.17|5,639
6114|MKH|1.310|1.310|1.300|-0.010|-0.76|228
8893|MKLAND|0.195|0.190|0.190|-0.005|-2.56|2,507
0085|MLAB|0.040|0.040|0.045|+0.005|+12.50|9,010
0085WA|MLAB-WA|0.010|0.000|0.000|0.000|0.00|0
0085WB|MLAB-WB|0.005|0.000|0.000|0.000|0.00|0
0034|MMAG|0.220|0.000|0.000|0.000|0.00|0
0034PA|MMAG-PA|0.085|0.000|0.000|0.000|0.00|0
0034WB|MMAG-WB|0.060|0.000|0.000|0.000|0.00|0
2194|MMCCORP|1.050|1.040|1.030|-0.020|-1.90|18,877
219412|MMCCORPC12|0.055|0.060|0.055|0.000|0.00|600
0113|MMSV|0.940|0.940|0.940|0.000|0.00|219
0103|MNC|0.040|0.035|0.040|0.000|0.00|1,001
0103WA|MNC-WA|0.005|0.000|0.000|0.000|0.00|0
6459|MNRB|1.020|1.020|1.020|0.000|0.00|5,116
0156|MPAY|0.115|0.115|0.120|+0.005|+4.35|11,577
6548|MPCORP|0.045|0.000|0.000|0.000|0.00|0
5237|MPHBCAP|1.070|1.060|1.060|-0.010|-0.93|254
3867|MPI|9.900|9.850|9.900|0.000|0.00|718
5123|MQREIT|1.100|1.090|1.100|0.000|0.00|637
0070|MQTECH|0.030|0.025|0.030|0.000|0.00|140,571
0070WA|MQTECH-WA|0.010|0.000|0.000|0.000|0.00|0
1651|MRCB|0.830|0.835|0.820|-0.010|-1.20|175,852
165134|MRCB-C34|0.005|0.000|0.000|0.000|0.00|0
165136|MRCB-C36|0.045|0.050|0.050|+0.005|+11.11|400
165137|MRCB-C37|0.085|0.085|0.080|-0.005|-5.88|3,500
165138|MRCB-C38|0.065|0.065|0.065|0.000|0.00|8,000
165139|MRCB-C39|0.150|0.135|0.130|-0.020|-13.33|56,691
165140|MRCB-C40|0.170|0.170|0.170|0.000|0.00|500
165141|MRCB-C41|0.155|0.150|0.140|-0.015|-9.68|11,216
165142|MRCB-C42|0.055|0.000|0.000|0.000|0.00|0
165143|MRCB-C43|0.095|0.095|0.100|+0.005|+5.26|34,501
165144|MRCB-C44|0.150|0.000|0.000|0.000|0.00|0
1651WB|MRCB-WB|0.240|0.235|0.230|-0.010|-4.17|4,948
5916|MSC|0.910|0.900|0.905|-0.005|-0.55|770
5202|MSM|1.890|1.900|1.870|-0.020|-1.06|713
5011|MSNIAGA|1.530|0.000|0.000|0.000|0.00|0
5150|MSPORTS|0.010|0.000|0.000|0.000|0.00|0
5924|MTDACPI|0.170|0.170|0.170|0.000|0.00|1,239
0092|MTOUCHE|0.065|0.065|0.060|-0.005|-7.69|626
0092WB|MTOUCHE-WB|0.010|0.000|0.000|0.000|0.00|0
0092WC|MTOUCHE-WC|0.015|0.000|0.000|0.000|0.00|0
0043|MTRONIC|0.080|0.080|0.080|0.000|0.00|67,602
0043OR|MTRONIC-OR|0.005|0.005|0.005|0.000|0.00|235,782
3883|MUDA|1.870|1.870|1.860|-0.010|-0.53|2,384
5085|MUDAJYA|0.310|0.335|0.340|+0.030|+9.68|19,675
9539|MUH|0.530|0.000|0.000|0.000|0.00|0
5703|MUHIBAH|2.950|2.990|2.950|0.000|0.00|21,331
5703CJ|MUHIBAH-CJ|0.150|0.000|0.000|0.000|0.00|0
3891|MUIIND|0.170|0.170|0.170|0.000|0.00|9,266
3913|MUIPROP|0.175|0.175|0.180|+0.005|+2.86|17,600
3905|MULPHA|2.480|2.480|2.460|-0.020|-0.81|1,598
5087|MYCRON|0.290|0.290|0.300|+0.010|+3.45|206
5087WA|MYCRON-WA|0.080|0.000|0.000|0.000|0.00|0
0138|MYEG|1.300|1.320|1.390|+0.090|+6.92|1,197,555
013844|MYEG-C44|0.125|0.180|0.185|+0.060|+48.00|4,500
013846|MYEG-C46|0.010|0.010|0.010|0.000|0.00|150
013847|MYEG-C47|0.005|0.000|0.000|0.000|0.00|0
013848|MYEG-C48|0.005|0.000|0.000|0.000|0.00|0
013849|MYEG-C49|0.005|0.010|0.010|+0.005|+100.00|5,000
013850|MYEG-C50|0.030|0.000|0.000|0.000|0.00|0
013851|MYEG-C51|0.010|0.000|0.000|0.000|0.00|0
013852|MYEG-C52|0.005|0.000|0.000|0.000|0.00|0
013853|MYEG-C53|0.025|0.000|0.000|0.000|0.00|0
013854|MYEG-C54|0.010|0.000|0.000|0.000|0.00|0
013855|MYEG-C55|0.115|0.115|0.130|+0.015|+13.04|183,752
013856|MYEG-C56|0.355|0.375|0.395|+0.040|+11.27|4,834
013857|MYEG-C57|0.190|0.195|0.215|+0.025|+13.16|20,239
013858|MYEG-C58|0.115|0.115|0.135|+0.020|+17.39|67,644
013859|MYEG-C59|0.175|0.195|0.205|+0.030|+17.14|36,193
013860|MYEG-C60|0.195|0.240|0.245|+0.050|+25.64|89
013861|MYEG-C61|0.125|0.125|0.140|+0.015|+12.00|18,872
013862|MYEG-C62|0.155|0.175|0.190|+0.035|+22.58|1,978
013863|MYEG-C63|0.140|0.150|0.155|+0.015|+10.71|28,600
013864|MYEG-C64|0.105|0.115|0.125|+0.020|+19.05|24,760
0821EA|MYETFDJ|1.090|0.000|0.000|0.000|0.00|0
0824EA|MYETFID|1.095|0.000|0.000|0.000|0.00|0
03010|MYKRIS|0.300|0.000|0.000|0.000|0.00|0
5275|MYNEWS|1.330|1.340|1.340|+0.010|+0.75|2
0041|MYSCM|0.245|0.235|0.255|+0.010|+4.08|81,841
0108|N2N|0.850|0.850|0.850|0.000|0.00|4,676
0108WB|N2N-WB|0.250|0.000|0.000|0.000|0.00|0
0206|NADIBHD|0.265|0.260|0.260|-0.005|-1.89|2,771
5073|NAIM|1.090|1.100|1.040|-0.050|-4.59|90,199
9806|NATWIDE|0.310|0.000|0.000|0.000|0.00|0
4707|NESTLE|145.500|145.100|146.200|+0.700|+0.48|2,752
4707CE|NESTLE-CE|0.030|0.025|0.025|-0.005|-16.67|10
0020|NETX|0.015|0.015|0.015|0.000|0.00|11,620
0020WB|NETX-WB|0.005|0.000|0.000|0.000|0.00|0
0096|NEXGRAM|0.020|0.015|0.015|-0.005|-25.00|3,827
0096WA|NEXGRAM-WA|0.005|0.005|0.005|0.000|0.00|2,000
0096WB|NEXGRAM-WB|0.005|0.005|0.005|0.000|0.00|1,800
0096WC|NEXGRAM-WC|0.005|0.000|0.000|0.000|0.00|0
7241|NGGB|0.480|0.485|0.480|0.000|0.00|11,630
7241WA|NGGB-WA|0.185|0.185|0.180|-0.005|-2.70|23,246
7060|NHFATT|2.700|0.000|0.000|0.000|0.00|0
7139|NICE|0.035|0.035|0.035|0.000|0.00|1,200
7139WB|NICE-WB|0.015|0.010|0.010|-0.005|-33.33|2,000
7215|NIHSIN|0.285|0.285|0.280|-0.005|-1.75|12,829
0083|NOTION|0.580|0.585|0.580|0.000|0.00|15,313
0083WC|NOTION-WC|0.250|0.250|0.250|0.000|0.00|800
0201|NOVA|0.475|0.465|0.470|-0.005|-1.05|402
0026|NOVAMSC|0.115|0.120|0.120|+0.005|+4.35|33,939
5047|NPC|1.800|0.000|0.000|0.000|0.00|0
03006|NPS|0.310|0.000|0.000|0.000|0.00|0
2038|NSOP|3.270|3.270|3.270|0.000|0.00|30
5066|NTPM|0.505|0.500|0.500|-0.005|-0.99|1,083
5025|NWP|0.080|0.080|0.080|0.000|0.00|7,974
4944|NYLEX|0.665|0.665|0.670|+0.005|+0.75|403
5533|OCB|0.470|0.485|0.485|+0.015|+3.19|88
0172|OCK|0.580|0.580|0.580|0.000|0.00|50,177
0172WA|OCK-WA|0.105|0.105|0.100|-0.005|-4.76|24,202
0049|OCNCASH|0.435|0.435|0.445|+0.010|+2.30|551
7071|OCR|0.250|0.250|0.255|+0.005|+2.00|10,033
7071PA|OCR-PA|0.020|0.000|0.000|0.000|0.00|0
7071WC|OCR-WC|0.030|0.025|0.030|0.000|0.00|1,412
7071WD|OCR-WD|0.060|0.060|0.060|0.000|0.00|2,306
7107|OFI|0.800|0.805|0.805|+0.005|+0.63|3,684
5827|OIB|2.020|0.000|0.000|0.000|0.00|0
7140|OKA|0.690|0.690|0.695|+0.005|+0.72|392
3018|OLYMPIA|0.110|0.110|0.110|0.000|0.00|3,415
9008|OMESTI|0.400|0.395|0.375|-0.025|-6.25|2,722
0035|OPCOM|0.655|0.655|0.645|-0.010|-1.53|3,823
0040|OPENSYS|0.340|0.340|0.340|0.000|0.00|4,470
4006|ORIENT|6.610|6.600|6.600|-0.010|-0.15|941
0079|ORION|0.200|0.200|0.215|+0.015|+7.50|578,056
0079WA|ORION-WA|0.105|0.105|0.125|+0.020|+19.05|290,779
5065|ORNA|1.010|1.000|1.000|-0.010|-0.99|230
5053|OSK|0.945|0.950|0.945|0.000|0.00|5,458
5053WC|OSK-WC|0.040|0.045|0.035|-0.005|-12.50|778
0053|OSKVI|0.460|0.450|0.470|+0.010|+2.17|35
0153|OVERSEA|0.115|0.000|0.000|0.000|0.00|0
5260|OWG|0.615|0.620|0.620|+0.005|+0.81|3,315
5260WA|OWG-WA|0.185|0.185|0.175|-0.010|-5.41|5,600
6009|P&O|1.000|0.995|1.000|0.000|0.00|645
7225|PA|0.055|0.055|0.055|0.000|0.00|3,200
7225WB|PA-WB|0.035|0.000|0.000|0.000|0.00|0
7052|PADINI|3.640|3.600|3.620|-0.020|-0.55|1,873
7052CV|PADINI-CV|0.005|0.000|0.000|0.000|0.00|0
7052CW|PADINI-CW|0.005|0.000|0.000|0.000|0.00|0
7052CX|PADINI-CX|0.105|0.100|0.105|0.000|0.00|300
7052CY|PADINI-CY|0.075|0.000|0.000|0.000|0.00|0
7052CZ|PADINI-CZ|0.125|0.000|0.000|0.000|0.00|0
3719|PANAMY|37.660|0.000|0.000|0.000|0.00|0
8419|PANSAR|0.800|0.800|0.805|+0.005|+0.63|21,418
8419WA|PANSAR-WA|0.315|0.310|0.315|0.000|0.00|13,393
5125|PANTECH|0.535|0.535|0.535|0.000|0.00|3,126
5125WA|PANTECH-WA|0.130|0.120|0.120|-0.010|-7.69|300
5125WB|PANTECH-WB|0.130|0.000|0.000|0.000|0.00|0
5022|PAOS|0.390|0.390|0.370|-0.020|-5.13|275
5022WA|PAOS-WA|0.070|0.070|0.070|0.000|0.00|200
9407|PARAGON|0.305|0.000|0.000|0.000|0.00|0
1724|PARAMON|2.020|0.000|0.000|0.000|0.00|0
5657|PARKSON|0.265|0.265|0.260|-0.005|-1.89|14,213
0022|PARLO|0.080|0.080|0.075|-0.005|-6.25|19,328
6912|PASDEC|0.385|0.385|0.385|0.000|0.00|300
6912WA|PASDEC-WA|0.070|0.070|0.070|0.000|0.00|200
0177|PASUKGB|0.050|0.050|0.050|0.000|0.00|2,374
5212|PAVREIT|1.750|1.760|1.810|+0.060|+3.43|34,094
5041|PBA|1.160|1.160|1.180|+0.020|+1.72|912
1295|PBBANK|23.860|23.960|23.860|0.000|0.00|67,330
129526|PBBANK-C26|0.050|0.005|0.005|-0.045|-90.00|220
129527|PBBANK-C27|0.020|0.025|0.025|+0.005|+25.00|5,000
129528|PBBANK-C28|0.105|0.000|0.000|0.000|0.00|0
129529|PBBANK-C29|0.125|0.000|0.000|0.000|0.00|0
129530|PBBANK-C30|0.100|0.095|0.095|-0.005|-5.00|22
129531|PBBANK-C31|0.130|0.130|0.125|-0.005|-3.85|87,024
6068|PCCS|0.385|0.390|0.380|-0.005|-1.30|31,717
6068WA|PCCS-WA|0.110|0.100|0.105|-0.005|-4.55|5,294
5183|PCHEM|9.040|9.150|9.030|-0.010|-0.11|49,081
518322|PCHEM-C22|0.030|0.000|0.000|0.000|0.00|0
518323|PCHEM-C23|0.015|0.000|0.000|0.000|0.00|0
518324|PCHEM-C24|0.015|0.000|0.000|0.000|0.00|0
518325|PCHEM-C25|0.050|0.050|0.045|-0.005|-10.00|253
518326|PCHEM-C26|0.085|0.095|0.080|-0.005|-5.88|2,402
518327|PCHEM-C27|0.135|0.130|0.130|-0.005|-3.70|59
518328|PCHEM-C28|0.150|0.115|0.115|-0.035|-23.33|2,000
518329|PCHEM-C29|0.135|0.145|0.135|0.000|0.00|5,216
518330|PCHEM-C30|0.180|0.170|0.170|-0.010|-5.56|20
518331|PCHEM-C31|0.080|0.090|0.080|0.000|0.00|8
6254|PDZ|0.035|0.035|0.035|0.000|0.00|6,237
6254WB|PDZ-WB|0.010|0.010|0.010|0.000|0.00|2,554
5622|PEB|0.855|0.845|0.900|+0.045|+5.26|23
5271|PECCA|1.070|1.080|1.070|0.000|0.00|2,520
5231|PELIKAN|0.345|0.340|0.330|-0.015|-4.35|2,020
5133|PENERGY|1.010|1.010|0.960|-0.050|-4.95|11,266
9997|PENSONI|0.440|0.440|0.435|-0.005|-1.14|680
9997WB|PENSONI-WB|0.115|0.105|0.110|-0.005|-4.35|1,020
7160|PENTA|3.540|3.530|3.520|-0.020|-0.56|7,653
7108|PERDANA|0.420|0.430|0.415|-0.005|-1.19|347,841
0047|PERISAI|0.005|0.000|0.000|0.000|0.00|0
7080|PERMAJU|0.465|0.465|0.480|+0.015|+3.23|127,902
5436|PERSTIM|4.860|4.900|4.930|+0.070|+1.44|20
8311|PESONA|0.235|0.235|0.235|0.000|0.00|14,125
8311WC|PESONA-WC|0.045|0.045|0.045|0.000|0.00|600
5219|PESTECH|1.130|1.140|1.110|-0.020|-1.77|5,239
5681|PETDAG|25.000|25.000|24.840|-0.160|-0.64|8,289
5681CW|PETDAG-CW|0.005|0.000|0.000|0.000|0.00|0
5681CX|PETDAG-CX|0.050|0.065|0.055|+0.005|+10.00|354
6033|PETGAS|17.700|17.580|17.860|+0.160|+0.90|4,527
6033CR|PETGAS-CR|0.010|0.000|0.000|0.000|0.00|0
6033CS|PETGAS-CS|0.095|0.015|0.015|-0.080|-84.21|10,641
3042|PETRONM|6.570|6.570|6.650|+0.080|+1.22|269
3042CS|PETRONM-CS|0.035|0.000|0.000|0.000|0.00|0
3611|PGLOBE|1.100|0.000|0.000|0.000|0.00|0
3611WA|PGLOBE-WA|0.080|0.080|0.075|-0.005|-6.25|500
7081|PHARMA|2.350|2.350|2.400|+0.050|+2.13|267
4464|PHB|0.020|0.020|0.020|0.000|0.00|902
7201|PICORP|0.130|0.155|0.140|+0.010|+7.69|52,718
7095|PIE|1.580|1.590|1.590|+0.010|+0.63|2,959
0006|PINEAPP|0.320|0.000|0.000|0.000|0.00|0
1902|PINEPAC|0.325|0.320|0.335|+0.010|+3.08|378
0527C2|PINGAN-C2|0.125|0.000|0.000|0.000|0.00|0
0527C3|PINGAN-C3|0.440|0.460|0.430|-0.010|-2.27|3,361
7163|PJBUMI|0.315|0.000|0.000|0.000|0.00|0
7163WA|PJBUMI-WA|0.050|0.000|0.000|0.000|0.00|0
0171|PLABS|0.300|0.300|0.305|+0.005|+1.67|980
7055|PLB|1.170|0.000|0.000|0.000|0.00|0
5075|PLENITU|1.580|1.500|1.490|-0.090|-5.70|300
9695|PLS|0.960|0.955|0.950|-0.010|-1.04|12,130
7172|PMBTECH|3.480|3.500|3.480|0.000|0.00|702
7172LA|PMBTECH-LA|3.620|0.000|0.000|0.000|0.00|0
7172WA|PMBTECH-WA|1.700|1.650|1.650|-0.050|-2.94|200
4081|PMCORP|0.140|0.140|0.140|0.000|0.00|440
8869|PMETAL|4.670|4.670|4.720|+0.050|+1.07|9,591
886915|PMETAL-C15|0.080|0.085|0.090|+0.010|+12.50|804
886917|PMETAL-C17|0.015|0.010|0.010|-0.005|-33.33|600
886918|PMETAL-C18|0.120|0.000|0.000|0.000|0.00|0
886919|PMETAL-C19|0.070|0.000|0.000|0.000|0.00|0
886920|PMETAL-C20|0.050|0.050|0.050|0.000|0.00|4
886921|PMETAL-C21|0.040|0.040|0.040|0.000|0.00|4,584
886922|PMETAL-C22|0.035|0.000|0.000|0.000|0.00|0
886923|PMETAL-C23|0.180|0.000|0.000|0.000|0.00|0
886924|PMETAL-C24|0.100|0.095|0.095|-0.005|-5.00|1,000
886925|PMETAL-C25|0.190|0.000|0.000|0.000|0.00|0
886926|PMETAL-C26|0.150|0.150|0.150|0.000|0.00|446
886927|PMETAL-C27|0.160|0.000|0.000|0.000|0.00|0
8869WC|PMETAL-WC|4.270|4.270|4.280|+0.010|+0.23|390
1287|PMHLDG|0.040|0.040|0.045|+0.005|+12.50|2,820
6637|PNEPCB|0.530|0.000|0.000|0.000|0.00|0
5080|POHKONG|0.490|0.485|0.495|+0.005|+1.02|101
7088|POHUAT|1.580|1.590|1.560|-0.020|-1.27|2,961
7088WB|POHUAT-WB|0.545|0.570|0.545|0.000|0.00|1,059
8117|POLY|0.465|0.420|0.430|-0.035|-7.53|3
03007|POLYMER|0.170|0.000|0.000|0.000|0.00|0
4634|POS|1.890|1.900|1.880|-0.010|-0.53|9,543
463421|POS-C21|0.005|0.000|0.000|0.000|0.00|0
463422|POS-C22|0.005|0.000|0.000|0.000|0.00|0
463423|POS-C23|0.005|0.000|0.000|0.000|0.00|0
463424|POS-C24|0.005|0.000|0.000|0.000|0.00|0
463425|POS-C25|0.005|0.000|0.000|0.000|0.00|0
463426|POS-C26|0.005|0.000|0.000|0.000|0.00|0
463427|POS-C27|0.010|0.000|0.000|0.000|0.00|0
463428|POS-C28|0.005|0.000|0.000|0.000|0.00|0
463429|POS-C29|0.035|0.000|0.000|0.000|0.00|0
463430|POS-C30|0.045|0.000|0.000|0.000|0.00|0
463431|POS-C31|0.080|0.080|0.080|0.000|0.00|3,808
463432|POS-C32|0.045|0.000|0.000|0.000|0.00|0
463433|POS-C33|0.115|0.115|0.110|-0.005|-4.35|664
463434|POS-C34|0.100|0.090|0.090|-0.010|-10.00|15,000
4065|PPB|17.820|17.980|17.740|-0.080|-0.45|11,128
4065CJ|PPB-CJ|0.115|0.000|0.000|0.000|0.00|0
7190|PPG|0.405|0.420|0.395|-0.010|-2.47|2
8273|PPHB|0.630|0.625|0.615|-0.015|-2.38|2,220
5204|PRESBHD|0.530|0.540|0.530|0.000|0.00|91,165
9873|PRESTAR|0.645|0.640|0.625|-0.020|-3.10|2,192
7168|PRG|0.735|0.735|0.740|+0.005|+0.68|2,351
7168WA|PRG-WA|0.350|0.345|0.345|-0.005|-1.43|500
0123|PRIVA|0.065|0.070|0.070|+0.005|+7.69|1,320
8346|PRKCORP|0.400|0.400|0.400|0.000|0.00|50
8966|PRLEXUS|0.605|0.605|0.595|-0.010|-1.65|590
8966WA|PRLEXUS-WA|0.090|0.000|0.000|0.000|0.00|0
5070|PRTASCO|0.265|0.265|0.265|0.000|0.00|17,701
5070WA|PRTASCO-WA|0.055|0.060|0.065|+0.010|+18.18|380
7145|PSIPTEK|0.125|0.125|0.125|0.000|0.00|2,052
7145WA|PSIPTEK-WA|0.030|0.025|0.030|0.000|0.00|1,503
9598|PTARAS|2.050|2.140|2.160|+0.110|+5.37|341
0038|PTB|0.135|0.135|0.145|+0.010|+7.41|3,869
0186|PTRANS|0.235|0.235|0.235|0.000|0.00|29,258
0186WA|PTRANS-WA|0.055|0.060|0.060|+0.005|+9.09|11,880
0007|PUC|0.100|0.095|0.095|-0.005|-5.00|329,826
0007WA|PUC-WA|0.065|0.065|0.070|+0.005|+7.69|2,304
6807|PUNCAK|0.375|0.375|0.375|0.000|0.00|1,110
7134|PWF|0.790|0.785|0.800|+0.010|+1.27|197
7134WA|PWF-WA|0.250|0.000|0.000|0.000|0.00|0
7123|PWORTH|0.055|0.055|0.055|0.000|0.00|30,454
7237|PWROOT|1.350|0.000|0.000|0.000|0.00|0
7237WA|PWROOT-WA|0.270|0.265|0.260|-0.010|-3.70|2,800
0196|QES|0.255|0.255|0.255|0.000|0.00|58,992
7084|QL|6.950|6.890|6.930|-0.020|-0.29|3,134
7084CL|QL-CL|0.050|0.000|0.000|0.000|0.00|0
7084CM|QL-CM|0.055|0.000|0.000|0.000|0.00|0
7084CN|QL-CN|0.090|0.085|0.085|-0.005|-5.56|4
7084CO|QL-CO|0.130|0.130|0.130|0.000|0.00|9,000
7544|QUALITY|0.815|0.000|0.000|0.000|0.00|0
7498|RALCO|0.230|0.235|0.235|+0.005|+2.17|15
7498WB|RALCO-WB|0.005|0.000|0.000|0.000|0.00|0
5272|RANHILL|1.300|1.290|1.340|+0.040|+3.08|5,180
7765|RAPID|5.630|5.640|5.690|+0.060|+1.07|13,941
9296|RCECAP|1.630|1.640|1.640|+0.010|+0.61|1,703
5256|REACH|0.315|0.320|0.315|0.000|0.00|66,005
5256WA|REACH-WA|0.060|0.060|0.060|0.000|0.00|61,223
03002|REDIDEA|0.280|0.000|0.000|0.000|0.00|0
0032|REDTONE|0.290|0.295|0.295|+0.005|+1.72|10,910
0032LA|REDTONE-LA|0.110|0.000|0.000|0.000|0.00|0
7232|RESINTC|0.295|0.000|0.000|0.000|0.00|0
0173|REV|0.205|0.205|0.200|-0.005|-2.44|418
0200|REVENUE|1.250|1.230|1.240|-0.010|-0.80|3,956
0200WA|REVENUE-WA|0.410|0.415|0.405|-0.005|-1.22|7,855
9946|REX|0.420|0.000|0.000|0.000|0.00|0
0106|REXIT|0.600|0.000|0.000|0.000|0.00|0
0037|RGB|0.215|0.215|0.210|-0.005|-2.33|6,431
9954|RGTBHD|0.185|0.185|0.185|0.000|0.00|4,888
9954WB|RGTBHD-WB|0.115|0.115|0.115|0.000|0.00|1,000
0202|RGTECH|0.240|0.235|0.240|0.000|0.00|2,537
1066|RHBBANK|5.720|5.720|5.700|-0.020|-0.35|42,790
106610|RHBBANKC10|0.090|0.000|0.000|0.000|0.00|0
106611|RHBBANKC11|0.045|0.040|0.040|-0.005|-11.11|670
106612|RHBBANKC12|0.090|0.095|0.095|+0.005|+5.56|2,604
106613|RHBBANKC13|0.075|0.085|0.080|+0.005|+6.67|559
5278|RHONEMA|0.730|0.765|0.770|+0.040|+5.48|100
9741|ROHAS|0.660|0.660|0.650|-0.010|-1.52|801
5113|RSAWIT|0.190|0.195|0.195|+0.005|+2.63|800
5270|RSENA|0.505|0.000|0.000|0.000|0.00|0
7803|RUBEREX|0.450|0.445|0.445|-0.005|-1.11|135
2542|RVIEW|3.010|3.010|3.000|-0.010|-0.33|40
5134|SAB|3.800|3.800|3.800|0.000|0.00|180
8567|SALCON|0.285|0.290|0.280|-0.005|-1.75|10,070
8567WB|SALCON-WB|0.090|0.085|0.085|-0.005|-5.56|4,980
0183|SALUTE|0.365|0.370|0.370|+0.005|+1.37|5,409
9822|SAM|7.600|7.600|7.680|+0.080|+1.05|33
5147|SAMCHEM|0.600|0.600|0.610|+0.010|+1.67|263
9113|SANBUMI|0.330|0.330|0.340|+0.010|+3.03|8,813
0541C9|SANDS-C9|0.115|0.000|0.000|0.000|0.00|0
0133|SANICHI|0.055|0.055|0.055|0.000|0.00|24,277
0133WC|SANICHI-WC|0.005|0.000|0.000|0.000|0.00|0
0133WD|SANICHI-WD|0.005|0.000|0.000|0.000|0.00|0
0133WE|SANICHI-WE|0.015|0.000|0.000|0.000|0.00|0
7811|SAPIND|0.740|0.705|0.755|+0.015|+2.03|205
5218|SAPNRG|0.350|0.350|0.345|-0.005|-1.43|506,583
5218PA|SAPNRG-PA|0.390|0.000|0.000|0.000|0.00|0
5218WA|SAPNRG-WA|0.145|0.150|0.145|0.000|0.00|690,018
521868|SAPNRGC68|0.005|0.000|0.000|0.000|0.00|0
521869|SAPNRGC69|0.005|0.000|0.000|0.000|0.00|0
521870|SAPNRGC70|0.070|0.000|0.000|0.000|0.00|0
521871|SAPNRGC71|0.010|0.000|0.000|0.000|0.00|0
521872|SAPNRGC72|0.010|0.000|0.000|0.000|0.00|0
521873|SAPNRGC73|0.035|0.000|0.000|0.000|0.00|0
521874|SAPNRGC74|0.040|0.035|0.035|-0.005|-12.50|1,400
521875|SAPNRGC75|0.095|0.090|0.090|-0.005|-5.26|10,500
521876|SAPNRGC76|0.085|0.085|0.085|0.000|0.00|20,000
4596|SAPRES|0.620|0.620|0.620|0.000|0.00|20
5252|SASBADI|0.245|0.245|0.245|0.000|0.00|29,444
5157|SAUDEE|0.335|0.315|0.315|-0.020|-5.97|400
5157WA|SAUDEE-WA|0.130|0.120|0.120|-0.010|-7.69|500
2569|SBAGAN|2.920|0.000|0.000|0.000|0.00|0
5207|SBCCORP|0.490|0.475|0.480|-0.010|-2.04|355
5170|SCABLE|0.355|0.360|0.340|-0.015|-4.23|3,464
0109|SCBUILD|0.025|0.025|0.025|0.000|0.00|800
0109WB|SCBUILD-WB|0.005|0.000|0.000|0.000|0.00|0
0158|SCC|0.510|0.000|0.000|0.000|0.00|0
7247|SCGM|1.160|1.170|1.140|-0.020|-1.72|4,720
7247WA|SCGM-WA|0.090|0.000|0.000|0.000|0.00|0
0161|SCH|0.130|0.130|0.130|0.000|0.00|1,500
0161WA|SCH-WA|0.040|0.040|0.040|0.000|0.00|150
9237|SCIB|0.600|0.600|0.550|-0.050|-8.33|672
0099|SCICOM|1.180|1.150|1.140|-0.040|-3.39|804
4731|SCIENTX|8.510|8.510|8.560|+0.050|+0.59|1,635
4731CF|SCIENTX-CF|0.060|0.065|0.060|0.000|0.00|104
7239|SCNWOLF|0.175|0.000|0.000|0.000|0.00|0
7158|SCOMI|0.045|0.045|0.045|0.000|0.00|8,000
7158WB|SCOMI-WB|0.010|0.010|0.010|0.000|0.00|182
7045|SCOMIES|0.075|0.070|0.080|+0.005|+6.67|27,606
0001|SCOMNET|0.775|0.780|0.765|-0.010|-1.29|8,491
0028|SCOPE|0.220|0.225|0.225|+0.005|+2.27|14,048
0028WA|SCOPE-WA|0.085|0.080|0.080|-0.005|-5.88|2,000
2224|SDRED|0.690|0.700|0.685|-0.005|-0.72|837
7073|SEACERA|0.365|0.370|0.360|-0.005|-1.37|301,705
7073WB|SEACERA-WB|0.005|0.000|0.000|0.000|0.00|0
7073WC|SEACERA-WC|0.040|0.040|0.040|0.000|0.00|11,942
4286|SEAL|0.345|0.345|0.360|+0.015|+4.35|450
5145|SEALINK|0.195|0.200|0.205|+0.010|+5.13|9,630
5163|SEB|0.380|0.000|0.000|0.000|0.00|0
0178|SEDANIA|0.120|0.110|0.115|-0.005|-4.17|61
7053|SEEHUP|0.910|0.000|0.000|0.000|0.00|0
03009|SEERS|0.100|0.000|0.000|0.000|0.00|0
9792|SEG|0.630|0.630|0.630|0.000|0.00|2,866
5250|SEM|1.440|1.450|1.450|+0.010|+0.69|1,008
5205|SENDAI|0.505|0.515|0.515|+0.010|+1.98|311,743
5279|SERBADK|3.870|3.900|3.870|0.000|0.00|10,354
5279CN|SERBADK-CN|0.005|0.000|0.000|0.000|0.00|0
5279CP|SERBADK-CP|0.075|0.000|0.000|0.000|0.00|0
5279CQ|SERBADK-CQ|0.170|0.000|0.000|0.000|0.00|0
5279CR|SERBADK-CR|0.150|0.000|0.000|0.000|0.00|0
5279CS|SERBADK-CS|0.100|0.000|0.000|0.000|0.00|0
7180|SERNKOU|0.545|0.525|0.530|-0.015|-2.75|726
7180WA|SERNKOU-WA|0.200|0.185|0.230|+0.030|+15.00|639
0055|SERSOL|0.100|0.095|0.100|0.000|0.00|602
0055WA|SERSOL-WA|0.045|0.000|0.000|0.000|0.00|0
5517|SHANG|5.650|5.600|5.600|-0.050|-0.88|1,623
4316|SHCHAN|0.370|0.000|0.000|0.000|0.00|0
7412|SHH|0.495|0.000|0.000|0.000|0.00|0
6017|SHL|2.330|2.370|2.400|+0.070|+3.00|130
5181|SIGGAS|0.850|0.865|0.900|+0.050|+5.88|11,368
7246|SIGN|0.455|0.455|0.455|0.000|0.00|451
7246WA|SIGN-WA|0.080|0.080|0.080|0.000|0.00|200
4197|SIME|2.190|2.190|2.230|+0.040|+1.83|60,856
419725|SIME-C25|0.005|0.000|0.000|0.000|0.00|0
419727|SIME-C27|0.005|0.000|0.000|0.000|0.00|0
419728|SIME-C28|0.015|0.000|0.000|0.000|0.00|0
419729|SIME-C29|0.040|0.000|0.000|0.000|0.00|0
419730|SIME-C30|0.035|0.000|0.000|0.000|0.00|0
419731|SIME-C31|0.035|0.000|0.000|0.000|0.00|0
419732|SIME-C32|0.085|0.090|0.090|+0.005|+5.88|18,000
419733|SIME-C33|0.050|0.055|0.050|0.000|0.00|1,010
5285|SIMEPLT|5.060|5.040|5.070|+0.010|+0.20|13,669
5285CH|SIMEPLT-CH|0.030|0.000|0.000|0.000|0.00|0
5285CI|SIMEPLT-CI|0.035|0.000|0.000|0.000|0.00|0
5285CJ|SIMEPLT-CJ|0.095|0.090|0.090|-0.005|-5.26|1,000
5285CK|SIMEPLT-CK|0.150|0.000|0.000|0.000|0.00|0
5288|SIMEPROP|1.080|1.080|1.100|+0.020|+1.85|12,281
5288CG|SIMEPROP-CG|0.020|0.000|0.000|0.000|0.00|0
5288CH|SIMEPROP-CH|0.050|0.000|0.000|0.000|0.00|0
5288CJ|SIMEPROP-CJ|0.020|0.000|0.000|0.000|0.00|0
5288CK|SIMEPROP-CK|0.045|0.000|0.000|0.000|0.00|0
5288CL|SIMEPROP-CL|0.065|0.065|0.065|0.000|0.00|500
8532|SINOTOP|0.280|0.275|0.275|-0.005|-1.79|112
9431|SJC|0.540|0.000|0.000|0.000|0.00|0
7115|SKBSHUT|0.650|0.580|0.580|-0.070|-10.77|10
7155|SKPRES|1.340|1.340|1.340|0.000|0.00|6,521
7155CN|SKPRES-CN|0.040|0.000|0.000|0.000|0.00|0
7155CO|SKPRES-CO|0.045|0.000|0.000|0.000|0.00|0
7155CP|SKPRES-CP|0.050|0.000|0.000|0.000|0.00|0
7155CQ|SKPRES-CQ|0.115|0.115|0.115|0.000|0.00|8,000
03008|SLIC|0.420|0.000|0.000|0.000|0.00|0
7248|SLP|1.210|1.220|1.220|+0.010|+0.83|165
9776|SMCAP|0.200|0.200|0.215|+0.015|+7.50|74,609
9776WC|SMCAP-WC|0.090|0.100|0.100|+0.010|+11.11|8,630
0203|SMETRIC|0.535|0.535|0.535|0.000|0.00|790
4375|SMI|0.175|0.180|0.180|+0.005|+2.86|6,406
7132|SMISCOR|0.445|0.000|0.000|0.000|0.00|0
0117|SMRT|0.120|0.115|0.115|-0.005|-4.17|1,000
0169|SMTRACK|0.090|0.090|0.085|-0.005|-5.56|17,271
7943|SNC|0.235|0.000|0.000|0.000|0.00|0
5213|SNTORIA|0.395|0.000|0.000|0.000|0.00|0
5213WA|SNTORIA-WA|0.005|0.000|0.000|0.000|0.00|0
5213WB|SNTORIA-WB|0.055|0.060|0.050|-0.005|-9.09|101
5242|SOLID|0.290|0.295|0.290|0.000|0.00|150
5242WA|SOLID-WA|0.075|0.075|0.075|0.000|0.00|80
0093|SOLUTN|0.090|0.085|0.085|-0.005|-5.56|2,900
0093WA|SOLUTN-WA|0.025|0.000|0.000|0.000|0.00|0
5126|SOP|2.530|2.560|2.580|+0.050|+1.98|98
0656CG|SP500-CG|0.840|0.965|0.965|+0.125|+14.88|100
0656CH|SP500-CH|1.440|0.000|0.000|0.000|0.00|0
0656CI|SP500-CI|0.940|0.000|0.000|0.000|0.00|0
0656HG|SP500-HG|0.180|0.160|0.165|-0.015|-8.33|814
0656HH|SP500-HH|0.280|0.265|0.265|-0.015|-5.36|100
0656HI|SP500-HI|0.810|0.745|0.755|-0.055|-6.79|2,806
1783|SPB|6.230|6.230|6.230|0.000|0.00|426
7103|SPRITZER|2.190|0.000|0.000|0.000|0.00|0
8664|SPSETIA|2.170|2.180|2.220|+0.050|+2.30|19,980
866410|SPSETIA-C10|0.010|0.000|0.000|0.000|0.00|0
866411|SPSETIA-C11|0.070|0.060|0.060|-0.010|-14.29|1,800
866412|SPSETIA-C12|0.105|0.000|0.000|0.000|0.00|0
866413|SPSETIA-C13|0.060|0.055|0.055|-0.005|-8.33|2,000
866414|SPSETIA-C14|0.115|0.105|0.105|-0.010|-8.70|330
866415|SPSETIA-C15|0.150|0.000|0.000|0.000|0.00|0
866416|SPSETIA-C16|0.075|0.070|0.070|-0.005|-6.67|4,000
8664C9|SPSETIA-C9|0.005|0.000|0.000|0.000|0.00|0
8664PA|SPSETIA-PA|0.880|0.865|0.865|-0.015|-1.70|20
8664PB|SPSETIA-PB|0.765|0.000|0.000|0.000|0.00|0
0129|SRIDGE|0.220|0.215|0.220|0.000|0.00|6,130
0129WA|SRIDGE-WA|0.055|0.055|0.055|0.000|0.00|2,200
5665|SSTEEL|0.820|0.830|0.835|+0.015|+1.83|638
5665LB|SSTEEL-LB|0.760|0.000|0.000|0.000|0.00|0
6084|STAR|0.805|0.805|0.800|-0.005|-0.62|618
0140|STERPRO|0.165|0.165|0.165|0.000|0.00|230
0140WA|STERPRO-WA|0.040|0.000|0.000|0.000|0.00|0
7143|STONE|0.105|0.000|0.000|0.000|0.00|0
7143WA|STONE-WA|0.015|0.000|0.000|0.000|0.00|0
0080|STRAITS|0.255|0.255|0.270|+0.015|+5.88|372,683
0080WA|STRAITS-WA|0.150|0.150|0.170|+0.020|+13.33|233,045
6904|SUBUR|0.510|0.515|0.515|+0.005|+0.98|20
7207|SUCCESS|0.680|0.690|0.670|-0.010|-1.47|1,044
9865|SUIWAH|2.700|2.700|2.700|0.000|0.00|10
1201|SUMATEC|0.010|0.010|0.010|0.000|0.00|14,140
1201WA|SUMATEC-WA|0.005|0.000|0.000|0.000|0.00|0
5263|SUNCON|1.820|1.800|1.820|0.000|0.00|8,828
5263CU|SUNCON-CU|0.055|0.000|0.000|0.000|0.00|0
5263CV|SUNCON-CV|0.040|0.000|0.000|0.000|0.00|0
5263CW|SUNCON-CW|0.150|0.000|0.000|0.000|0.00|0
5176|SUNREIT|1.770|1.770|1.810|+0.040|+2.26|45,356
3743|SUNSURIA|0.680|0.675|0.650|-0.030|-4.41|54
3743WA|SUNSURIA-WA|0.040|0.045|0.045|+0.005|+12.50|200
5211|SUNWAY|1.650|1.660|1.680|+0.030|+1.82|25,423
5211WB|SUNWAY-WB|0.280|0.280|0.280|0.000|0.00|3,043
0148|SUNZEN|0.160|0.160|0.160|0.000|0.00|11
0148WA|SUNZEN-WA|0.045|0.045|0.045|0.000|0.00|3,477
0148WB|SUNZEN-WB|0.055|0.000|0.000|0.000|0.00|0
7235|SUPERLN|1.330|1.340|1.290|-0.040|-3.01|3,875
7106|SUPERMX|1.440|1.440|1.430|-0.010|-0.69|44,385
710648|SUPERMX-C48|0.005|0.000|0.000|0.000|0.00|0
710650|SUPERMX-C50|0.005|0.000|0.000|0.000|0.00|0
710652|SUPERMX-C52|0.005|0.000|0.000|0.000|0.00|0
710653|SUPERMX-C53|0.005|0.000|0.000|0.000|0.00|0
710654|SUPERMX-C54|0.040|0.000|0.000|0.000|0.00|0
710655|SUPERMX-C55|0.030|0.025|0.025|-0.005|-16.67|2,003
710656|SUPERMX-C56|0.075|0.075|0.075|0.000|0.00|11,300
710657|SUPERMX-C57|0.065|0.000|0.000|0.000|0.00|0
710658|SUPERMX-C58|0.050|0.000|0.000|0.000|0.00|0
710659|SUPERMX-C59|0.060|0.060|0.060|0.000|0.00|1,752
710660|SUPERMX-C60|0.030|0.000|0.000|0.000|0.00|0
710661|SUPERMX-C61|0.045|0.000|0.000|0.000|0.00|0
710662|SUPERMX-C62|0.055|0.055|0.055|0.000|0.00|4,005
710663|SUPERMX-C63|0.050|0.000|0.000|0.000|0.00|0
710664|SUPERMX-C64|0.070|0.000|0.000|0.000|0.00|0
710665|SUPERMX-C65|0.080|0.080|0.080|0.000|0.00|4,000
710666|SUPERMX-C66|0.070|0.065|0.065|-0.005|-7.14|50
03018|SUPREME|0.680|0.000|0.000|0.000|0.00|0
6521|SURIA|1.400|1.380|1.400|0.000|0.00|126
5135|SWKPLNT|1.470|1.500|1.550|+0.080|+5.44|165
7186|SWSCAP|0.650|0.660|0.660|+0.010|+1.54|11
7186WB|SWSCAP-WB|0.080|0.065|0.065|-0.015|-18.75|500
9717|SYCAL|0.235|0.230|0.235|0.000|0.00|1,050
7082|SYF|0.230|0.230|0.230|0.000|0.00|1,900
7082WB|SYF-WB|0.010|0.010|0.010|0.000|0.00|200
1538|SYMLIFE|0.420|0.420|0.420|0.000|0.00|110
1538WB|SYMLIFE-WB|0.030|0.035|0.035|+0.005|+16.67|1,900
5173|SYSCORP|0.320|0.305|0.320|0.000|0.00|569
0050|SYSTECH|0.250|0.235|0.245|-0.005|-2.00|2,591
7228|T7GLOBAL|0.515|0.510|0.505|-0.010|-1.94|18,157
4898|TA|0.620|0.615|0.615|-0.005|-0.81|3,445
5012|TAANN|2.250|2.260|2.250|0.000|0.00|1,622
5012CM|TAANN-CM|0.080|0.000|0.000|0.000|0.00|0
4022|TADMAX|0.220|0.210|0.210|-0.010|-4.55|18,767
7211|TAFI|0.300|0.000|0.000|0.000|0.00|0
5158|TAGB|0.255|0.250|0.250|-0.005|-1.96|7,387
6139|TAKAFUL|4.650|4.740|4.640|-0.010|-0.22|23,053
6139CC|TAKAFUL-CC|0.080|0.090|0.075|-0.005|-6.25|3,670
6139CD|TAKAFUL-CD|0.150|0.165|0.145|-0.005|-3.33|19,190
2259|TALAMT|0.040|0.040|0.040|0.000|0.00|157,681
8524|TALIWRK|0.880|0.890|0.915|+0.035|+3.98|6,173
8524CE|TALIWRK-CE|0.140|0.140|0.140|0.000|0.00|1,500
5191|TAMBUN|0.800|0.800|0.800|0.000|0.00|1,667
2429|TANCO|0.050|0.050|0.050|0.000|0.00|500
2429WB|TANCO-WB|0.025|0.000|0.000|0.000|0.00|0
5149|TAS|0.305|0.300|0.295|-0.010|-3.28|5,449
5140|TASCO|1.540|1.540|1.500|-0.040|-2.60|1,021
4448|TASEK|4.700|4.700|4.720|+0.020|+0.43|30
4448P|TASEK-PA|10.100|0.000|0.000|0.000|0.00|0
7097|TAWIN|0.530|0.525|0.535|+0.005|+0.94|4,542
4405|TCHONG|1.590|1.600|1.550|-0.040|-2.52|1,184
0132|TDEX|0.070|0.065|0.070|0.000|0.00|1,201
2054|TDM|0.170|0.170|0.170|0.000|0.00|29,246
0084|TECFAST|0.330|0.335|0.325|-0.005|-1.52|3,374
7439|TECGUAN|1.080|1.060|1.080|0.000|0.00|70
5289|TECHBND|0.755|0.760|0.745|-0.010|-1.32|10,257
7200|TEKSENG|0.240|0.250|0.240|0.000|0.00|1,457
7200WA|TEKSENG-WA|0.040|0.040|0.040|0.000|0.00|150
5347|TENAGA|12.880|12.980|12.880|0.000|0.00|29,632
534747|TENAGA-C47|0.050|0.000|0.000|0.000|0.00|0
534749|TENAGA-C49|0.005|0.000|0.000|0.000|0.00|0
534750|TENAGA-C50|0.040|0.040|0.040|0.000|0.00|6,897
534751|TENAGA-C51|0.040|0.040|0.040|0.000|0.00|725
534752|TENAGA-C52|0.040|0.000|0.000|0.000|0.00|0
534753|TENAGA-C53|0.060|0.055|0.055|-0.005|-8.33|4,000
534754|TENAGA-C54|0.100|0.100|0.100|0.000|0.00|26,309
0546C7|TENCENT-C7|0.200|0.000|0.000|0.000|0.00|0
7252|TEOSENG|1.230|1.240|1.250|+0.020|+1.63|3,166
7252WA|TEOSENG-WA|0.280|0.275|0.275|-0.005|-1.79|200
8702|TEXCHEM|0.680|0.000|0.000|0.000|0.00|0
0089|TEXCYCL|0.540|0.555|0.555|+0.015|+2.78|252
0145|TFP|0.110|0.105|0.105|-0.005|-4.55|700
9369|TGL|1.000|0.000|0.000|0.000|0.00|0
7034|TGUAN|2.540|2.550|2.540|0.000|0.00|162
7034LA|TGUAN-LA|2.570|0.000|0.000|0.000|0.00|0
7034WA|TGUAN-WA|1.060|1.070|1.050|-0.010|-0.94|200
9075|THETA|0.415|0.415|0.410|-0.005|-1.20|204
7206|THHEAVY|0.060|0.060|0.060|0.000|0.00|10,850
7206PB|THHEAVY-PB|0.075|0.000|0.000|0.000|0.00|0
5112|THPLANT|0.530|0.530|0.505|-0.025|-4.72|418
7889|THRIVEN|0.245|0.245|0.235|-0.010|-4.08|8,954
7889WB|THRIVEN-WB|0.075|0.075|0.070|-0.005|-6.67|2,965
7374|TIENWAH|1.340|1.320|1.350|+0.010|+0.75|300
7079|TIGER|0.075|0.075|0.075|0.000|0.00|3,744
7079WC|TIGER-WC|0.025|0.000|0.000|0.000|0.00|0
5031|TIMECOM|8.720|8.780|8.700|-0.020|-0.23|51,461
7854|TIMWELL|0.615|0.000|0.000|0.000|0.00|0
5239|TITIJYA|0.315|0.315|0.315|0.000|0.00|6,209
5239PA|TITIJYA-PA|0.030|0.035|0.035|+0.005|+16.67|1,033
4863|TM|3.220|3.210|3.170|-0.050|-1.55|34,386
486327|TM-C27|0.005|0.000|0.000|0.000|0.00|0
486328|TM-C28|0.005|0.005|0.005|0.000|0.00|500
486330|TM-C30|0.045|0.000|0.000|0.000|0.00|0
486331|TM-C31|0.050|0.000|0.000|0.000|0.00|0
486332|TM-C32|0.015|0.000|0.000|0.000|0.00|0
486333|TM-C33|0.065|0.000|0.000|0.000|0.00|0
486334|TM-C34|0.100|0.090|0.085|-0.015|-15.00|1,004
486335|TM-C35|0.125|0.120|0.115|-0.010|-8.00|300
486336|TM-C36|0.245|0.235|0.235|-0.010|-4.08|16
486337|TM-C37|0.375|0.365|0.360|-0.015|-4.00|1,004
486338|TM-C38|0.205|0.185|0.185|-0.020|-9.76|3,000
486339|TM-C39|0.245|0.245|0.235|-0.010|-4.08|200
486340|TM-C40|0.165|0.000|0.000|0.000|0.00|0
486341|TM-C41|0.100|0.095|0.095|-0.005|-5.00|4,000
0101|TMCLIFE|0.725|0.720|0.720|-0.005|-0.69|1,407
0101WB|TMCLIFE-WB|0.010|0.015|0.015|+0.005|+50.00|2,268
8397|TNLOGIS|0.600|0.600|0.595|-0.005|-0.83|3,307
7218|TOCEAN|0.720|0.700|0.700|-0.020|-2.78|93
7230|TOMEI|0.510|0.510|0.510|0.000|0.00|6,101
7285|TOMYPAK|0.490|0.485|0.495|+0.005|+1.02|5,393
7285WA|TOMYPAK-WA|0.140|0.150|0.145|+0.005|+3.57|2,798
5010|TONGHER|3.560|3.530|3.550|-0.010|-0.28|44
7113|TOPGLOV|4.460|4.490|4.430|-0.030|-0.67|74,089
711333|TOPGLOV-C33|0.005|0.000|0.000|0.000|0.00|0
711340|TOPGLOV-C40|0.005|0.000|0.000|0.000|0.00|0
711341|TOPGLOV-C41|0.005|0.000|0.000|0.000|0.00|0
711342|TOPGLOV-C42|0.020|0.000|0.000|0.000|0.00|0
711343|TOPGLOV-C43|0.030|0.030|0.025|-0.005|-16.67|5,560
711344|TOPGLOV-C44|0.025|0.025|0.025|0.000|0.00|7,678
711345|TOPGLOV-C45|0.085|0.085|0.075|-0.010|-11.76|8,600
711346|TOPGLOV-C46|0.070|0.070|0.065|-0.005|-7.14|54,562
711347|TOPGLOV-C47|0.100|0.085|0.085|-0.015|-15.00|550
711348|TOPGLOV-C48|0.065|0.070|0.065|0.000|0.00|5,290
711349|TOPGLOV-C49|0.130|0.130|0.125|-0.005|-3.85|11,120
711350|TOPGLOV-C50|0.095|0.090|0.090|-0.005|-5.26|1,600
03013|TOPVISN|0.400|0.000|0.000|0.000|0.00|0
7173|TOYOINK|0.620|0.620|0.620|0.000|0.00|100
7173WB|TOYOINK-WB|0.095|0.095|0.090|-0.005|-5.26|1,052
7176|TPC|0.415|0.415|0.415|0.000|0.00|82
7176WA|TPC-WA|0.230|0.220|0.220|-0.010|-4.35|117
5054|TRC|0.650|0.650|0.660|+0.010|+1.54|23,581
0199|TRIMODE|0.445|0.430|0.420|-0.025|-5.62|622
0118|TRIVE|0.020|0.015|0.015|-0.005|-25.00|116
0118WB|TRIVE-WB|0.005|0.000|0.000|0.000|0.00|0
5401|TROP|0.880|0.885|0.880|0.000|0.00|650
5401WA|TROP-WA|0.025|0.020|0.020|-0.005|-20.00|200
9059|TSH|1.080|1.080|1.050|-0.030|-2.78|2,465
5042|TSRCAP|0.400|0.000|0.000|0.000|0.00|0
5042WB|TSRCAP-WB|0.045|0.000|0.000|0.000|0.00|0
5230|TUNEPRO|0.695|0.705|0.700|+0.005|+0.72|19,428
5167|TURBO|0.780|0.760|0.760|-0.020|-2.56|200
4359|TURIYA|0.180|0.180|0.180|0.000|0.00|300
5111|TWRREIT|0.905|0.900|0.900|-0.005|-0.55|632
7100|UCHITEC|2.700|2.700|2.680|-0.020|-0.74|697
7100CE|UCHITEC-CE|0.025|0.000|0.000|0.000|0.00|0
7100CF|UCHITEC-CF|0.100|0.000|0.000|0.000|0.00|0
0005|UCREST|0.255|0.260|0.260|+0.005|+1.96|53,738
5148|UEMS|0.860|0.870|0.865|+0.005|+0.58|9,345
514864|UEMS-C64|0.040|0.000|0.000|0.000|0.00|0
514865|UEMS-C65|0.090|0.090|0.085|-0.005|-5.56|1,100
514866|UEMS-C66|0.075|0.000|0.000|0.000|0.00|0
7133|ULICORP|0.395|0.400|0.395|0.000|0.00|15,296
2593|UMCCA|5.400|5.400|5.330|-0.070|-1.30|6,939
7137|UMS|2.190|0.000|0.000|0.000|0.00|0
7227|UMSNGB|0.965|1.000|0.990|+0.025|+2.59|430
4588|UMW|5.800|5.720|5.790|-0.010|-0.17|11,799
458811|UMW-C11|0.035|0.000|0.000|0.000|0.00|0
458812|UMW-C12|0.210|0.000|0.000|0.000|0.00|0
458813|UMW-C13|0.205|0.000|0.000|0.000|0.00|0
458814|UMW-C14|0.195|0.190|0.190|-0.005|-2.56|1,000
458815|UMW-C15|0.205|0.205|0.205|0.000|0.00|400
458816|UMW-C16|0.115|0.000|0.000|0.000|0.00|0
458817|UMW-C17|0.110|0.110|0.110|0.000|0.00|478
4588C9|UMW-C9|0.025|0.000|0.000|0.000|0.00|0
7091|UNIMECH|1.110|1.110|1.120|+0.010|+0.90|3,359
5005|UNISEM|2.610|2.610|2.650|+0.040|+1.53|72
500511|UNISEM-C11|0.220|0.000|0.000|0.000|0.00|0
500512|UNISEM-C12|0.015|0.000|0.000|0.000|0.00|0
500514|UNISEM-C14|0.045|0.000|0.000|0.000|0.00|0
500515|UNISEM-C15|0.060|0.000|0.000|0.000|0.00|0
03017|UNIWALL|0.320|0.000|0.000|0.000|0.00|0
5200|UOADEV|2.190|2.200|2.190|0.000|0.00|7,528
5110|UOAREIT|1.370|1.370|1.380|+0.010|+0.73|20
7757|UPA|2.180|2.200|2.200|+0.020|+0.92|20
2089|UTDPLT|27.420|27.400|27.160|-0.260|-0.95|43
5754|UTUSAN|0.155|0.155|0.155|0.000|0.00|700
7250|UZMA|0.985|1.000|0.985|0.000|0.00|10,456
0060|VC|0.155|0.155|0.160|+0.005|+3.23|2,400
5243|VELESTO|0.295|0.295|0.300|+0.005|+1.69|173,897
524324|VELESTO-C24|0.215|0.000|0.000|0.000|0.00|0
524325|VELESTO-C25|0.025|0.000|0.000|0.000|0.00|0
524326|VELESTO-C26|0.120|0.000|0.000|0.000|0.00|0
524327|VELESTO-C27|0.100|0.000|0.000|0.000|0.00|0
5243WA|VELESTO-WA|0.115|0.120|0.115|0.000|0.00|14,370
4995|VERSATL|0.380|0.390|0.380|0.000|0.00|1,352
7240|VERTICE|0.900|0.900|0.885|-0.015|-1.67|583
7240WA|VERTICE-WA|0.500|0.500|0.510|+0.010|+2.00|121
0120|VIS|0.500|0.505|0.500|0.000|0.00|9,270
0120WB|VIS-WB|0.185|0.185|0.180|-0.005|-2.70|3,993
0097|VITROX|7.200|7.200|7.220|+0.020|+0.28|2,980
0097CL|VITROX-CL|0.005|0.000|0.000|0.000|0.00|0
0097CM|VITROX-CM|0.060|0.000|0.000|0.000|0.00|0
0069|VIVOCOM|0.020|0.015|0.020|0.000|0.00|7,152
0069WC|VIVOCOM-WC|0.005|0.000|0.000|0.000|0.00|0
0069WD|VIVOCOM-WD|0.005|0.000|0.000|0.000|0.00|0
0069WE|VIVOCOM-WE|0.005|0.005|0.010|+0.005|+100.00|1,500
7070|VIZIONE|0.970|0.980|0.980|+0.010|+1.03|4,925
7070LA|VIZIONE-LA|0.070|0.000|0.000|0.000|0.00|0
7070WC|VIZIONE-WC|0.390|0.400|0.405|+0.015|+3.85|750
6963|VS|1.000|1.010|1.030|+0.030|+3.00|274,298
696310|VS-C10|0.095|0.095|0.100|+0.005|+5.26|70,106
696311|VS-C11|0.205|0.000|0.000|0.000|0.00|0
696312|VS-C12|0.080|0.080|0.085|+0.005|+6.25|22,580
696313|VS-C13|0.105|0.105|0.110|+0.005|+4.76|42,500
696314|VS-C14|0.070|0.070|0.075|+0.005|+7.14|38,430
6963C5|VS-C5|0.005|0.005|0.005|0.000|0.00|1,319
6963C6|VS-C6|0.005|0.000|0.000|0.000|0.00|0
6963C7|VS-C7|0.005|0.005|0.005|0.000|0.00|1
6963C8|VS-C8|0.160|0.165|0.165|+0.005|+3.13|200
6963C9|VS-C9|0.135|0.140|0.145|+0.010|+7.41|49,420
0066|VSOLAR|0.230|0.230|0.240|+0.010|+4.35|264,207
5162|VSTECS|0.990|1.000|1.020|+0.030|+3.03|769
7203|WANGZNG|1.100|1.100|1.110|+0.010|+0.91|11
5016|WARISAN|2.100|0.000|0.000|0.000|0.00|0
5142|WASEONG|0.765|0.760|0.770|+0.005|+0.65|2,480
7226|WATTA|0.755|0.780|0.785|+0.030|+3.97|814
3565|WCEHB|0.520|0.520|0.530|+0.010|+1.92|2,611
9679|WCT|0.805|0.815|0.820|+0.015|+1.86|18,713
967914|WCT-C14|0.010|0.000|0.000|0.000|0.00|0
967915|WCT-C15|0.015|0.000|0.000|0.000|0.00|0
967916|WCT-C16|0.045|0.035|0.035|-0.010|-22.22|150
9679WE|WCT-WE|0.070|0.070|0.075|+0.005|+7.14|3,147
0197|WEGMANS|0.330|0.320|0.325|-0.005|-1.52|3,611
0197WA|WEGMANS-WA|0.140|0.140|0.135|-0.005|-3.57|960
7231|WELLCAL|1.270|1.270|1.270|0.000|0.00|106
0162|WIDAD|0.305|0.300|0.305|0.000|0.00|22,491
0162WA|WIDAD-WA|0.090|0.095|0.095|+0.005|+5.56|87,975
7692|WIDETEC|0.560|0.000|0.000|0.000|0.00|0
0008|WILLOW|0.445|0.450|0.445|0.000|0.00|649
0141|WINTONI|0.035|0.000|0.000|0.000|0.00|0
6378|WMG|0.135|0.130|0.130|-0.005|-3.70|866
7050|WONG|0.575|0.580|0.580|+0.005|+0.87|300
7025|WOODLAN|0.730|0.000|0.000|0.000|0.00|0
5246|WPRTS|3.760|3.810|3.800|+0.040|+1.06|6,946
5246CX|WPRTS-CX|0.050|0.000|0.000|0.000|0.00|0
5246CY|WPRTS-CY|0.135|0.135|0.135|0.000|0.00|300
5009|WTHORSE|1.190|1.120|1.170|-0.020|-1.68|70
4243|WTK|0.645|0.655|0.640|-0.005|-0.78|11,972
7245|WZSATU|0.280|0.280|0.280|0.000|0.00|9,884
7245WA|WZSATU-WA|0.115|0.115|0.115|0.000|0.00|1,255
5156|XDL|0.100|0.100|0.100|0.000|0.00|207,156
5156WD|XDL-WD|0.015|0.015|0.015|0.000|0.00|43,183
7121|XIANLNG|0.420|0.420|0.410|-0.010|-2.38|790
0581C1|XIAOMI-C1|0.020|0.000|0.000|0.000|0.00|0
0581C2|XIAOMI-C2|0.145|0.150|0.145|0.000|0.00|12,152
0095|XINGHE|0.030|0.035|0.035|+0.005|+16.67|33,091
0095WA|XINGHE-WA|0.005|0.000|0.000|0.000|0.00|0
5267|XINHWA|0.810|0.840|0.795|-0.015|-1.85|18,017
5155|XINQUAN|0.055|0.000|0.000|0.000|0.00|0
5155WA|XINQUAN-WA|0.005|0.000|0.000|0.000|0.00|0
5155WB|XINQUAN-WB|0.015|0.000|0.000|0.000|0.00|0
0165|XOX|0.055|0.050|0.050|-0.005|-9.09|31,257
7003|Y&G|0.910|0.000|0.000|0.000|0.00|0
7003WA|Y&G-WA|0.100|0.000|0.000|0.000|0.00|0
0025|YBS|0.140|0.145|0.140|0.000|0.00|4,185
5584|YEELEE|1.920|1.890|1.920|0.000|0.00|35
7122|YFG|0.005|0.000|0.000|0.000|0.00|0
0086|YGL|0.115|0.120|0.125|+0.010|+8.70|13,277
5048|YILAI|0.625|0.625|0.625|0.000|0.00|61
7293|YINSON|4.610|4.600|4.650|+0.040|+0.87|4,288
7293CT|YINSON-CT|0.045|0.040|0.035|-0.010|-22.22|6,252
7293CV|YINSON-CV|0.055|0.000|0.000|0.000|0.00|0
7293CW|YINSON-CW|0.120|0.000|0.000|0.000|0.00|0
7293CX|YINSON-CX|0.150|0.000|0.000|0.000|0.00|0
7020|YKGI|0.115|0.115|0.120|+0.005|+4.35|2,818
7020WB|YKGI-WB|0.015|0.015|0.015|0.000|0.00|58
7014|YLI|0.280|0.285|0.270|-0.010|-3.57|306
3158|YNHPROP|1.130|1.140|1.220|+0.090|+7.96|42,727
5159|YOCB|1.190|1.180|1.180|-0.010|-0.84|1,520
7066|YONGTAI|0.360|0.365|0.355|-0.005|-1.39|36,850
7066PA|YONGTAI-PA|0.215|0.215|0.215|0.000|0.00|3,224
7066WA|YONGTAI-WA|0.095|0.100|0.095|0.000|0.00|3,080
7178|YSPSAH|2.880|2.900|2.880|0.000|0.00|193
4677|YTL|1.070|1.080|1.100|+0.030|+2.80|15,777
467722|YTL-C22|0.050|0.000|0.000|0.000|0.00|0
467723|YTL-C23|0.060|0.000|0.000|0.000|0.00|0
467724|YTL-C24|0.070|0.000|0.000|0.000|0.00|0
2577|YTLLAND|0.390|0.000|0.000|0.000|0.00|0
2577LA|YTLLAND-LA|0.365|0.000|0.000|0.000|0.00|0
6742|YTLPOWR|0.855|0.860|0.845|-0.010|-1.17|6,012
6742C5|YTLPOWR-C5|0.005|0.000|0.000|0.000|0.00|0
6742C6|YTLPOWR-C6|0.045|0.000|0.000|0.000|0.00|0
6742C7|YTLPOWR-C7|0.150|0.000|0.000|0.000|0.00|0
5109|YTLREIT|1.280|1.260|1.280|0.000|0.00|3,315
7028|ZECON|0.285|0.275|0.275|-0.010|-3.51|15,965
2283|ZELAN|0.095|0.095|0.090|-0.005|-5.26|19,390
5131|ZHULIAN|1.360|1.370|1.380|+0.020|+1.47|461
0012|3A|0.920|0.925|0.940|+0.020|+2.17|3,605
