070326|A50CHIN-C26|0.495|0.000|0.000|0.000|0.00|0
070328|A50CHIN-C28|0.270|0.295|0.305|+0.035|+12.96|38,337
070330|A50CHIN-C30|0.365|0.375|0.430|+0.065|+17.81|18,429
070332|A50CHIN-C32|0.820|0.930|0.930|+0.110|+13.41|5
070334|A50CHIN-C34|0.985|0.000|0.000|0.000|0.00|0
070336|A50CHIN-C36|0.595|0.620|0.665|+0.070|+11.76|2,373
070338|A50CHIN-C38|0.250|0.285|0.285|+0.035|+14.00|86,166
070325|A50CHIN-H25|0.035|0.000|0.000|0.000|0.00|0
070327|A50CHIN-H27|0.060|0.055|0.040|-0.020|-33.33|3,082
070329|A50CHIN-H29|0.345|0.340|0.295|-0.050|-14.49|140,984
7054|AASIA|0.150|0.000|0.000|0.000|0.00|0
5238|AAX|0.245|0.245|0.240|-0.005|-2.04|28,295
5238WA|AAX-WA|0.045|0.045|0.045|0.000|0.00|805
0800EA|ABFMY1|1.179|1.182|1.182|+0.003|+0.25|100
7086|ABLEGRP|0.070|0.075|0.075|+0.005|+7.14|300
2488|ABMB|4.090|4.090|4.010|-0.080|-1.96|3,948
2488CY|ABMB-CY|0.100|0.000|0.000|0.000|0.00|0
7131|ACME|0.250|0.000|0.000|0.000|0.00|0
7120|ACOSTEC|0.420|0.420|0.420|0.000|0.00|15,687
5281|ADVCON|0.425|0.425|0.440|+0.015|+3.53|25,162
7191|ADVENTA|0.355|0.355|0.350|-0.005|-1.41|300
9148|ADVPKG|1.840|0.000|0.000|0.000|0.00|0
7146|AEM|0.105|0.000|0.000|0.000|0.00|0
7146WA|AEM-WA|0.005|0.000|0.000|0.000|0.00|0
0181|AEMULUS|0.240|0.245|0.245|+0.005|+2.08|9,105
6599|AEON|1.470|1.500|1.480|+0.010|+0.68|12,803
6599CO|AEON-CO|0.035|0.000|0.000|0.000|0.00|0
6599CP|AEON-CP|0.050|0.000|0.000|0.000|0.00|0
6599CQ|AEON-CQ|0.030|0.000|0.000|0.000|0.00|0
5139|AEONCR|16.800|16.820|16.900|+0.100|+0.60|584
5139LA|AEONCR-LA|1.540|1.500|1.500|-0.040|-2.60|36
5185|AFFIN|2.200|2.210|2.200|0.000|0.00|572
5198|AFUJIYA|0.520|0.000|0.000|0.000|0.00|0
7315|AHB|0.150|0.150|0.145|-0.005|-3.33|14,656
7315WB|AHB-WB|0.020|0.000|0.000|0.000|0.00|0
7090|AHEALTH|8.870|8.880|8.860|-0.010|-0.11|156
4952|AHP|0.770|0.775|0.755|-0.015|-1.95|413
0122|AIM|0.250|0.000|0.000|0.000|0.00|0
5099|AIRASIA|2.660|2.680|2.640|-0.020|-0.75|60,055
509959|AIRASIAC59|0.020|0.000|0.000|0.000|0.00|0
509967|AIRASIAC67|0.060|0.055|0.050|-0.010|-16.67|10,810
509970|AIRASIAC70|0.005|0.005|0.005|0.000|0.00|900
509971|AIRASIAC71|0.055|0.000|0.000|0.000|0.00|0
509972|AIRASIAC72|0.150|0.000|0.000|0.000|0.00|0
509973|AIRASIAC73|0.185|0.170|0.170|-0.015|-8.11|500
509974|AIRASIAC74|0.295|0.285|0.285|-0.010|-3.39|100
509975|AIRASIAC75|0.110|0.000|0.000|0.000|0.00|0
509976|AIRASIAC76|0.055|0.000|0.000|0.000|0.00|0
509977|AIRASIAC77|0.055|0.055|0.055|0.000|0.00|39,900
509978|AIRASIAC78|0.080|0.000|0.000|0.000|0.00|0
509979|AIRASIAC79|0.035|0.000|0.000|0.000|0.00|0
509980|AIRASIAC80|0.050|0.000|0.000|0.000|0.00|0
5014|AIRPORT|7.240|7.250|7.190|-0.050|-0.69|27,865
5014C4|AIRPORT-C4|0.025|0.025|0.025|0.000|0.00|90
5014C5|AIRPORT-C5|0.030|0.000|0.000|0.000|0.00|0
5014C6|AIRPORT-C6|0.075|0.000|0.000|0.000|0.00|0
5014C7|AIRPORT-C7|0.050|0.050|0.045|-0.005|-10.00|2,701
5014C8|AIRPORT-C8|0.105|0.000|0.000|0.000|0.00|0
2682|AISB|0.260|0.290|0.290|+0.030|+11.54|401
2658|AJI|18.000|18.000|18.000|0.000|0.00|49
7609|AJIYA|0.535|0.535|0.540|+0.005|+0.93|435
7609WA|AJIYA-WA|0.100|0.000|0.000|0.000|0.00|0
5115|ALAM|0.115|0.115|0.115|0.000|0.00|63,408
5115WA|ALAM-WA|0.035|0.035|0.045|+0.010|+28.57|263,298
5116|ALAQAR|1.370|1.360|1.370|0.000|0.00|16,371
2674|ALCOM|0.530|0.530|0.530|0.000|0.00|30
1163|ALLIANZ|14.500|14.440|14.400|-0.100|-0.69|56
1163PA|ALLIANZ-PA|14.300|0.000|0.000|0.000|0.00|0
5269|ALSREIT|0.845|0.860|0.870|+0.025|+2.96|288
1015|AMBANK|4.560|4.510|4.450|-0.110|-2.41|20,422
101510|AMBANK-C10|0.165|0.155|0.165|0.000|0.00|4
101511|AMBANK-C11|0.165|0.000|0.000|0.000|0.00|0
101512|AMBANK-C12|0.130|0.000|0.000|0.000|0.00|0
101513|AMBANK-C13|0.085|0.080|0.075|-0.010|-11.76|996
0159|AMEDIA|0.155|0.150|0.145|-0.010|-6.45|2,900
5120|AMFIRST|0.535|0.530|0.530|-0.005|-0.93|3,100
03011|AMLEX|0.200|0.000|0.000|0.000|0.00|0
1007|AMPROP|0.535|0.535|0.535|0.000|0.00|446
1007PA|AMPROP-PA|0.260|0.260|0.260|0.000|0.00|58
1007PB|AMPROP-PB|0.580|0.000|0.000|0.000|0.00|0
7031|AMTEL|0.665|0.000|0.000|0.000|0.00|0
5959|AMVERTON|1.240|1.240|1.240|0.000|0.00|5,253
6351|AMWAY|5.950|0.000|0.000|0.000|0.00|0
7083|ANALABS|1.090|1.080|1.080|-0.010|-0.92|20
4758|ANCOM|0.485|0.470|0.480|-0.005|-1.03|276
0048|ANCOMLB|0.080|0.090|0.095|+0.015|+18.75|31,656
6556|ANNJOO|1.570|1.570|1.610|+0.040|+2.55|10,588
6556PA|ANNJOO-PA|0.550|0.000|0.000|0.000|0.00|0
9342|ANZO|0.040|0.035|0.035|-0.005|-12.50|1,612
9342WA|ANZO-WA|0.005|0.000|0.000|0.000|0.00|0
9342WB|ANZO-WB|0.025|0.000|0.000|0.000|0.00|0
9342WC|ANZO-WC|0.005|0.000|0.000|0.000|0.00|0
5568|APB|0.650|0.000|0.000|0.000|0.00|0
5088|APEX|1.050|1.030|1.030|-0.020|-1.90|40
5194|APFT|0.015|0.020|0.020|+0.005|+33.33|20,701
5015|APM|3.000|2.810|3.000|0.000|0.00|8
6432|APOLLO|3.920|3.920|3.900|-0.020|-0.51|120
0119|APPASIA|0.095|0.000|0.000|0.000|0.00|0
0119WA|APPASIA-WA|0.040|0.035|0.035|-0.005|-12.50|639
7214|ARANK|0.520|0.520|0.525|+0.005|+0.96|712
7007|ARK|0.360|0.000|0.000|0.000|0.00|0
7007WB|ARK-WB|0.090|0.000|0.000|0.000|0.00|0
5210|ARMADA|0.190|0.190|0.185|-0.005|-2.63|484,773
521045|ARMADA-C45|0.005|0.000|0.000|0.000|0.00|0
521046|ARMADA-C46|0.005|0.000|0.000|0.000|0.00|0
521047|ARMADA-C47|0.005|0.000|0.000|0.000|0.00|0
521048|ARMADA-C48|0.005|0.000|0.000|0.000|0.00|0
521049|ARMADA-C49|0.005|0.000|0.000|0.000|0.00|0
521050|ARMADA-C50|0.015|0.000|0.000|0.000|0.00|0
5127|ARREIT|0.840|0.840|0.850|+0.010|+1.19|363
1481|ASB|0.140|0.140|0.140|0.000|0.00|5,833
0068|ASDION|0.280|0.280|0.285|+0.005|+1.79|15,067
7722|ASIABRN|0.480|0.000|0.000|0.000|0.00|0
7129|ASIAFLE|2.550|2.540|2.500|-0.050|-1.96|31
4057|ASIAPAC|0.125|0.120|0.120|-0.005|-4.00|200
4057LC|ASIAPAC-LC|0.580|0.000|0.000|0.000|0.00|0
4057WB|ASIAPAC-WB|0.045|0.035|0.055|+0.010|+22.22|501
0105|ASIAPLY|0.075|0.070|0.075|0.000|0.00|4,594
0105PA|ASIAPLY-PA|0.035|0.035|0.035|0.000|0.00|11,600
0105WA|ASIAPLY-WA|0.015|0.000|0.000|0.000|0.00|0
0105WB|ASIAPLY-WB|0.025|0.000|0.000|0.000|0.00|0
7162|ASTINO|0.670|0.665|0.655|-0.015|-2.24|360
6399|ASTRO|1.530|1.530|1.550|+0.020|+1.31|7,394
639910|ASTRO-C10|0.100|0.095|0.095|-0.005|-5.00|1,300
639911|ASTRO-C11|0.095|0.000|0.000|0.000|0.00|0
639912|ASTRO-C12|0.075|0.065|0.065|-0.010|-13.33|2,000
639913|ASTRO-C13|0.070|0.000|0.000|0.000|0.00|0
639914|ASTRO-C14|0.065|0.000|0.000|0.000|0.00|0
0072|AT|0.055|0.050|0.050|-0.005|-9.09|5,000
0072WB|AT-WB|0.005|0.000|0.000|0.000|0.00|0
8176|ATAIMS|1.710|1.720|1.750|+0.040|+2.34|10,540
7048|ATLAN|4.500|4.490|4.500|0.000|0.00|50
5130|ATRIUM|1.110|1.120|1.120|+0.010|+0.90|147
7099|ATTA|0.600|0.600|0.600|0.000|0.00|130
7099LA|ATTA-LA|0.075|0.075|0.075|0.000|0.00|1,223
7099PA|ATTA-PA|0.120|0.000|0.000|0.000|0.00|0
7099WB|ATTA-WB|0.110|0.095|0.095|-0.015|-13.64|300
7099WC|ATTA-WC|0.090|0.000|0.000|0.000|0.00|0
7181|ATURMJU|0.360|0.355|0.355|-0.005|-1.39|17,289
7181PA|ATURMJU-PA|0.180|0.180|0.170|-0.010|-5.56|16,245
8885|AVI|0.130|0.135|0.145|+0.015|+11.54|54,269
7579|AWC|0.775|0.775|0.770|-0.005|-0.65|8,712
7579WA|AWC-WA|0.255|0.250|0.255|0.000|0.00|5,251
6888|AXIATA|4.150|4.150|4.120|-0.030|-0.72|60,044
688828|AXIATA-C28|0.020|0.000|0.000|0.000|0.00|0
688830|AXIATA-C30|0.040|0.000|0.000|0.000|0.00|0
688831|AXIATA-C31|0.005|0.000|0.000|0.000|0.00|0
688832|AXIATA-C32|0.105|0.100|0.100|-0.005|-4.76|2,000
688833|AXIATA-C33|0.160|0.165|0.165|+0.005|+3.13|2,800
688834|AXIATA-C34|0.165|0.170|0.160|-0.005|-3.03|4
688835|AXIATA-C35|0.135|0.130|0.130|-0.005|-3.70|1,000
688836|AXIATA-C36|0.200|0.000|0.000|0.000|0.00|0
688837|AXIATA-C37|0.075|0.000|0.000|0.000|0.00|0
5106|AXREIT|1.800|1.810|1.790|-0.010|-0.56|10,653
2305|AYER|4.430|0.000|0.000|0.000|0.00|0
5021|AYS|0.330|0.330|0.330|0.000|0.00|1,796
7078|AZRB|0.520|0.525|0.530|+0.010|+1.92|51,118
7078WA|AZRB-WA|0.270|0.270|0.275|+0.005|+1.85|5,210
0098|BAHVEST|0.690|0.690|0.680|-0.010|-1.45|19,206
0098WA|BAHVEST-WA|0.440|0.430|0.425|-0.015|-3.41|23,327
7251|BARAKAH|0.095|0.100|0.100|+0.005|+5.26|171,645
4162|BAT|36.140|36.140|36.340|+0.200|+0.55|1,326
4162CN|BAT-CN|0.130|0.000|0.000|0.000|0.00|0
4162CO|BAT-CO|0.090|0.090|0.085|-0.005|-5.56|4
5248|BAUTO|2.260|2.290|2.300|+0.040|+1.77|20,082
5248C1|BAUTO-C1|0.080|0.070|0.070|-0.010|-12.50|800
5248CY|BAUTO-CY|0.140|0.130|0.130|-0.010|-7.14|2,000
5248CZ|BAUTO-CZ|0.180|0.195|0.190|+0.010|+5.56|500
6602|BCB|0.285|0.280|0.275|-0.010|-3.51|1,029
0187|BCMALL|0.195|0.200|0.195|0.000|0.00|4,300
6173|BDB|0.415|0.415|0.420|+0.005|+1.20|10,399
5190|BENALEC|0.185|0.185|0.185|0.000|0.00|23,150
9814|BERTAM|0.280|0.280|0.280|0.000|0.00|230
8133|BHIC|1.310|1.310|1.250|-0.060|-4.58|465
7005|BIG|0.425|0.430|0.410|-0.015|-3.53|1,172
5258|BIMB|4.310|4.320|4.410|+0.100|+2.32|13,225
5258WA|BIMB-WA|0.265|0.270|0.290|+0.025|+9.43|21,537
0195|BINACOM|0.395|0.385|0.395|0.000|0.00|500
6998|BINTAI|0.130|0.130|0.135|+0.005|+3.85|11,257
6998WA|BINTAI-WA|0.045|0.000|0.000|0.000|0.00|0
0179|BIOHLDG|0.205|0.205|0.210|+0.005|+2.44|13,717
0179WA|BIOHLDG-WA|0.080|0.080|0.090|+0.010|+12.50|10,972
7243|BIOOSMO|0.060|0.055|0.055|-0.005|-8.33|28,248
5032|BIPORT|4.750|0.000|0.000|0.000|0.00|0
3239|BJASSET|0.315|0.310|0.310|-0.005|-1.59|464
3239WB|BJASSET-WB|0.055|0.055|0.055|0.000|0.00|736
3395|BJCORP|0.270|0.270|0.275|+0.005|+1.85|65,360
339510|BJCORP-C10|0.005|0.000|0.000|0.000|0.00|0
339511|BJCORP-C11|0.020|0.000|0.000|0.000|0.00|0
339512|BJCORP-C12|0.040|0.000|0.000|0.000|0.00|0
3395LD|BJCORP-LD|0.345|0.350|0.345|0.000|0.00|5,550
3395LE|BJCORP-LE|0.385|0.000|0.000|0.000|0.00|0
3395WB|BJCORP-WB|0.045|0.045|0.045|0.000|0.00|2,535
3395WC|BJCORP-WC|0.070|0.070|0.070|0.000|0.00|3,778
5196|BJFOOD|1.630|1.650|1.640|+0.010|+0.61|974
4219|BJLAND|0.250|0.250|0.250|0.000|0.00|31,512
6025|BJMEDIA|0.150|0.000|0.000|0.000|0.00|0
1562|BJTOTO|2.420|2.410|2.430|+0.010|+0.41|8,530
1562CW|BJTOTO-CW|0.060|0.065|0.065|+0.005|+8.33|200
1562CX|BJTOTO-CX|0.090|0.000|0.000|0.000|0.00|0
1899|BKAWAN|16.980|16.980|16.980|0.000|0.00|10
5069|BLDPLNT|6.720|6.720|6.720|0.000|0.00|15
0508C5|BOC-C5|0.090|0.000|0.000|0.000|0.00|0
0168|BOILERM|0.555|0.535|0.535|-0.020|-3.60|100
9288|BONIA|0.250|0.250|0.250|0.000|0.00|500
7036|BORNOIL|0.040|0.045|0.045|+0.005|+12.50|40,012
7036WC|BORNOIL-WC|0.015|0.020|0.020|+0.005|+33.33|2,030
7036WD|BORNOIL-WD|0.020|0.015|0.020|0.000|0.00|172
6297|BOXPAK|1.080|0.000|0.000|0.000|0.00|0
6297WA|BOXPAK-WA|0.175|0.000|0.000|0.000|0.00|0
5254|BPLANT|0.760|0.765|0.775|+0.015|+1.97|4,504
5100|BPPLAS|1.070|1.070|1.070|0.000|0.00|471
5932|BPURI|0.185|0.185|0.190|+0.005|+2.70|9,608
9474|BRAHIMS|0.125|0.125|0.135|+0.010|+8.00|40,426
8761|BREM|0.765|0.780|0.780|+0.015|+1.96|30
9938|BRIGHT|0.195|0.000|0.000|0.000|0.00|0
7221|BSLCORP|0.360|0.000|0.000|0.000|0.00|0
2771|BSTEAD|1.270|1.270|1.250|-0.020|-1.57|2,264
0011|BTECH|0.345|0.345|0.335|-0.010|-2.90|24,180
7188|BTM|0.115|0.115|0.115|0.000|0.00|359
7188WA|BTM-WA|0.005|0.000|0.000|0.000|0.00|0
7188WB|BTM-WB|0.040|0.000|0.000|0.000|0.00|0
1818|BURSA|6.870|6.880|6.900|+0.030|+0.44|1,070
181821|BURSA-C21|0.075|0.000|0.000|0.000|0.00|0
181822|BURSA-C22|0.050|0.000|0.000|0.000|0.00|0
181823|BURSA-C23|0.040|0.000|0.000|0.000|0.00|0
7174|CAB|0.600|0.600|0.610|+0.010|+1.67|2,677
7174WA|CAB-WA|0.450|0.000|0.000|0.000|0.00|0
0191|CABNET|0.285|0.280|0.270|-0.015|-5.26|639
0191WA|CABNET-WA|0.050|0.000|0.000|0.000|0.00|0
7154|CAELY|1.050|1.000|1.170|+0.120|+11.43|18,145
7154WA|CAELY-WA|0.700|0.655|0.700|0.000|0.00|4,055
7128|CAMRES|0.250|0.000|0.000|0.000|0.00|0
5105|CANONE|2.980|3.000|2.990|+0.010|+0.34|3,731
5229|CAP|0.010|0.000|0.000|0.000|0.00|0
0163|CAREPLS|0.160|0.160|0.160|0.000|0.00|890
5257|CARIMIN|0.830|0.845|0.835|+0.005|+0.60|46,822
5245|CARING|1.960|1.970|1.950|-0.010|-0.51|140
2836|CARLSBG|26.740|26.900|26.840|+0.100|+0.37|2,445
7076|CBIP|1.050|1.060|1.050|0.000|0.00|1,164
7076WA|CBIP-WA|0.010|0.010|0.010|0.000|0.00|1,000
2925|CCB|1.590|1.610|1.610|+0.020|+1.26|5
7035|CCK|0.600|0.605|0.605|+0.005|+0.83|19,582
7035WA|CCK-WA|0.120|0.120|0.125|+0.005|+4.17|7,288
2879|CCM|1.850|1.890|1.830|-0.020|-1.08|183
5195|CENSOF|0.145|0.145|0.145|0.000|0.00|3,655
5195WB|CENSOF-WB|0.005|0.000|0.000|0.000|0.00|0
8982|CEPAT|0.600|0.600|0.615|+0.015|+2.50|101
8435|CEPCO|0.645|0.000|0.000|0.000|0.00|0
8044|CFM|1.150|0.000|0.000|0.000|0.00|0
0579C1|CGARDEN-C1|0.140|0.000|0.000|0.000|0.00|0
7209|CHEETAH|0.300|0.000|0.000|0.000|0.00|0
7187|CHGP|0.350|0.000|0.000|0.000|0.00|0
7187WA|CHGP-WA|0.175|0.200|0.195|+0.020|+11.43|153
5738|CHHB|1.530|1.520|1.540|+0.010|+0.65|21
5738WB|CHHB-WB|0.390|0.380|0.410|+0.020|+5.13|112
0829EA|CHINAETF-MYR|5.720|5.820|5.870|+0.150|+2.62|8
0829EB|CHINAETF-USD|1.275|0.000|0.000|0.000|0.00|0
5273|CHINHIN|0.785|0.780|0.790|+0.005|+0.64|701
1929|CHINTEK|6.570|6.510|6.600|+0.030|+0.46|24
5007|CHINWEL|1.780|1.790|1.780|0.000|0.00|32
0501CG|CHMOBIL-CG|0.135|0.115|0.110|-0.025|-18.52|405
5797|CHOOBEE|1.580|0.000|0.000|0.000|0.00|0
7016|CHUAN|0.400|0.390|0.390|-0.010|-2.50|50
8052|CICB|0.590|0.000|0.000|0.000|0.00|0
2828|CIHLDG|1.410|1.410|1.410|0.000|0.00|100
1023|CIMB|5.150|5.150|5.080|-0.070|-1.36|95,992
102341|CIMB-C41|0.075|0.000|0.000|0.000|0.00|0
102342|CIMB-C42|0.050|0.000|0.000|0.000|0.00|0
102343|CIMB-C43|0.025|0.000|0.000|0.000|0.00|0
102344|CIMB-C44|0.035|0.000|0.000|0.000|0.00|0
102345|CIMB-C45|0.050|0.045|0.045|-0.005|-10.00|800
102346|CIMB-C46|0.060|0.000|0.000|0.000|0.00|0
102347|CIMB-C47|0.055|0.055|0.055|0.000|0.00|400
0822EA|CIMBA40|1.855|0.000|0.000|0.000|0.00|0
0823EA|CIMBC50|1.600|1.620|1.630|+0.030|+1.88|156
7117|CJCEN|0.435|0.440|0.440|+0.005|+1.15|7,573
0514C3|CKHUTCH-C3|0.075|0.000|0.000|0.000|0.00|0
03001|CLOUD|0.300|0.000|0.000|0.000|0.00|0
7018|CME|0.040|0.000|0.000|0.000|0.00|0
7018LA|CME-LA|0.025|0.000|0.000|0.000|0.00|0
7018WA|CME-WA|0.025|0.000|0.000|0.000|0.00|0
5180|CMMT|1.110|1.110|1.120|+0.010|+0.90|503
2852|CMSB|3.340|3.350|3.450|+0.110|+3.29|23,962
285214|CMSB-C14|0.085|0.000|0.000|0.000|0.00|0
285215|CMSB-C15|0.105|0.000|0.000|0.000|0.00|0
7986|CNASIA|0.450|0.000|0.000|0.000|0.00|0
5104|CNI|0.070|0.070|0.070|0.000|0.00|1,302
5188|CNOUHUA|0.050|0.045|0.045|-0.005|-10.00|3,230
5071|COASTAL|1.060|1.070|1.050|-0.010|-0.94|2,441
7205|COCOLND|1.950|1.930|2.000|+0.050|+2.56|318
7195|COMCORP|0.100|0.090|0.080|-0.020|-20.00|14,368
2127|COMFORT|0.860|0.870|0.860|0.000|0.00|6,394
5136|COMPLET|0.880|0.865|0.865|-0.015|-1.70|1,000
5037|COMPUGT|0.025|0.025|0.025|0.000|0.00|71,830
0102|CONNECT|0.105|0.105|0.105|0.000|0.00|2,000
0102PA|CONNECT-PA|0.030|0.000|0.000|0.000|0.00|0
0102WA|CONNECT-WA|0.035|0.000|0.000|0.000|0.00|0
0102WB|CONNECT-WB|0.040|0.000|0.000|0.000|0.00|0
8591|CRESBLD|1.130|1.150|1.130|0.000|0.00|3,350
6718|CRESNDO|1.300|1.300|1.300|0.000|0.00|1,282
03016|CRG|0.045|0.045|0.045|0.000|0.00|21,930
7202|CSCENIC|1.100|1.110|1.090|-0.010|-0.91|240
5094|CSCSTEL|1.030|1.030|1.040|+0.010|+0.97|2,509
5214|CSL|0.010|0.000|0.000|0.000|0.00|0
0051|CUSCAPI|0.205|0.210|0.220|+0.015|+7.32|81,025
5049|CVIEW|1.510|1.450|1.450|-0.060|-3.97|60
9423|CWG|0.420|0.000|0.000|0.000|0.00|0
7157|CYL|0.430|0.430|0.450|+0.020|+4.65|70
5082|CYMAO|0.345|0.000|0.000|0.000|0.00|0
5184|CYPARK|1.690|1.690|1.680|-0.010|-0.59|3,999
7204|D&O|0.685|0.685|0.695|+0.010|+1.46|17,135
8125|DAIBOCI|1.630|1.620|1.700|+0.070|+4.29|443
8125WB|DAIBOCI-WB|0.140|0.145|0.140|0.000|0.00|70
5276|DANCO|0.620|0.620|0.645|+0.025|+4.03|43,042
5276WA|DANCO-WA|0.355|0.355|0.395|+0.040|+11.27|27,391
8338|DATAPRP|0.220|0.220|0.230|+0.010|+4.55|33,283
0091|DAYA|0.010|0.010|0.010|0.000|0.00|5,486
5141|DAYANG|1.390|1.410|1.390|0.000|0.00|184,804
7179|DBE|0.030|0.025|0.030|0.000|0.00|5,100
7179WB|DBE-WB|0.010|0.000|0.000|0.000|0.00|0
3484|DBHD|0.495|0.500|0.520|+0.025|+5.05|56,370
3484WA|DBHD-WA|0.110|0.110|0.130|+0.020|+18.18|9,699
7119|DEGEM|1.050|0.000|0.000|0.000|0.00|0
5132|DELEUM|1.090|1.090|1.060|-0.030|-2.75|4,082
7212|DESTINI|0.300|0.305|0.305|+0.005|+1.67|140,723
0152|DGB|0.120|0.000|0.000|0.000|0.00|0
0152WB|DGB-WB|0.030|0.025|0.025|-0.005|-16.67|1,600
0131|DGSB|0.080|0.080|0.080|0.000|0.00|4,273
7277|DIALOG|3.170|3.190|3.170|0.000|0.00|28,728
727736|DIALOG-C36|0.040|0.000|0.000|0.000|0.00|0
727737|DIALOG-C37|0.030|0.000|0.000|0.000|0.00|0
727738|DIALOG-C38|0.025|0.000|0.000|0.000|0.00|0
727739|DIALOG-C39|0.050|0.000|0.000|0.000|0.00|0
727740|DIALOG-C40|0.095|0.095|0.095|0.000|0.00|520
727741|DIALOG-C41|0.085|0.085|0.085|0.000|0.00|4,500
727742|DIALOG-C42|0.135|0.000|0.000|0.000|0.00|0
727743|DIALOG-C43|0.100|0.085|0.085|-0.015|-15.00|200
727744|DIALOG-C44|0.060|0.065|0.065|+0.005|+8.33|4
6947|DIGI|4.550|4.560|4.600|+0.050|+1.10|26,360
694724|DIGI-C24|0.025|0.000|0.000|0.000|0.00|0
694725|DIGI-C25|0.105|0.000|0.000|0.000|0.00|0
694726|DIGI-C26|0.115|0.000|0.000|0.000|0.00|0
694727|DIGI-C27|0.110|0.095|0.090|-0.020|-18.18|1,100
694728|DIGI-C28|0.040|0.000|0.000|0.000|0.00|0
0029|DIGISTA|0.045|0.045|0.045|0.000|0.00|340
0029WB|DIGISTA-WB|0.015|0.000|0.000|0.000|0.00|0
0400GA|DIN040000223|99.800|99.000|99.000|-0.800|-0.80|1
0400GC|DIN042300721|100.500|0.000|0.000|0.000|0.00|0
0400GB|DIN045801028|100.700|0.000|0.000|0.000|0.00|0
7528|DKLS|1.750|0.000|0.000|0.000|0.00|0
5908|DKSH|2.340|2.330|2.340|0.000|0.00|1,894
3026|DLADY|64.500|64.500|64.300|-0.200|-0.31|19
4456|DNEX|0.280|0.285|0.285|+0.005|+1.79|82,925
4456WD|DNEX-WD|0.070|0.075|0.070|0.000|0.00|18,271
7114|DNONCE|0.455|0.470|0.455|0.000|0.00|150
7114WA|DNONCE-WA|0.205|0.200|0.200|-0.005|-2.44|450
5835|DOLMITE|0.105|0.110|0.110|+0.005|+4.76|70
5265|DOLPHIN|0.140|0.140|0.135|-0.005|-3.57|2,735
5265WA|DOLPHIN-WA|0.030|0.030|0.030|0.000|0.00|750
7169|DOMINAN|1.260|1.250|1.260|0.000|0.00|503
7169WA|DOMINAN-WA|0.085|0.075|0.085|0.000|0.00|1,000
7148|DPHARMA|1.280|1.280|1.290|+0.010|+0.78|6,849
0205|DPIH|0.185|0.190|0.190|+0.005|+2.70|13,349
7198|DPS|0.075|0.070|0.075|0.000|0.00|2,150
7198WB|DPS-WB|0.030|0.000|0.000|0.000|0.00|0
1619|DRBHCOM|1.900|1.910|1.890|-0.010|-0.53|26,778
161960|DRBHCOMC60|0.020|0.015|0.015|-0.005|-25.00|1,620
161964|DRBHCOMC64|0.005|0.000|0.000|0.000|0.00|0
161966|DRBHCOMC66|0.005|0.000|0.000|0.000|0.00|0
161967|DRBHCOMC67|0.015|0.000|0.000|0.000|0.00|0
161968|DRBHCOMC68|0.090|0.085|0.085|-0.005|-5.56|6,100
161969|DRBHCOMC69|0.135|0.000|0.000|0.000|0.00|0
161970|DRBHCOMC70|0.155|0.150|0.155|0.000|0.00|10,807
161971|DRBHCOMC71|0.110|0.000|0.000|0.000|0.00|0
161972|DRBHCOMC72|0.120|0.120|0.120|0.000|0.00|2,000
161973|DRBHCOMC73|0.090|0.095|0.095|+0.005|+5.56|400
161974|DRBHCOMC74|0.085|0.085|0.080|-0.005|-5.88|11,879
161975|DRBHCOMC75|0.080|0.080|0.085|+0.005|+6.25|10,247
161976|DRBHCOMC76|0.150|0.090|0.090|-0.060|-40.00|1,700
5216|DSONIC|0.515|0.520|0.530|+0.015|+2.91|132,461
5216WA|DSONIC-WA|0.085|0.085|0.085|0.000|0.00|2,570
7233|DUFU|1.690|1.700|1.670|-0.020|-1.18|26,909
3948|DUTALND|0.490|0.490|0.490|0.000|0.00|1,650
7165|DWL|0.790|0.785|0.785|-0.005|-0.63|100
7165PA|DWL-PA|0.230|0.000|0.000|0.000|0.00|0
7165WA|DWL-WA|0.225|0.225|0.225|0.000|0.00|800
5178|DYNACIA|0.085|0.085|0.085|0.000|0.00|35,767
5178PA|DYNACIA-PA|0.050|0.045|0.050|0.000|0.00|3,010
5178WA|DYNACIA-WA|0.035|0.035|0.035|0.000|0.00|430
3417|E&O|0.905|0.900|0.905|0.000|0.00|4,136
341713|E&O-C13|0.105|0.000|0.000|0.000|0.00|0
341714|E&O-C14|0.150|0.000|0.000|0.000|0.00|0
341715|E&O-C15|0.150|0.000|0.000|0.000|0.00|0
3417WB|E&O-WB|0.005|0.000|0.000|0.000|0.00|0
0154|EAH|0.015|0.015|0.020|+0.005|+33.33|820
0154WC|EAH-WC|0.005|0.000|0.000|0.000|0.00|0
0154WD|EAH-WD|0.005|0.000|0.000|0.000|0.00|0
0154WE|EAH-WE|0.010|0.000|0.000|0.000|0.00|0
2097|EASTLND|0.100|0.100|0.105|+0.005|+5.00|16,776
5259|EATECH|0.475|0.475|0.485|+0.010|+2.11|31,673
2143|ECM|0.285|0.285|0.285|0.000|0.00|630
3557|ECOFIRS|0.295|0.295|0.295|0.000|0.00|1,125
3557WC|ECOFIRS-WC|0.020|0.000|0.000|0.000|0.00|0
0059|ECOHLDS|0.305|0.305|0.305|0.000|0.00|350
5253|ECONBHD|0.505|0.510|0.525|+0.020|+3.96|249,326
5253WA|ECONBHD-WA|0.115|0.115|0.125|+0.010|+8.70|31,561
8206|ECOWLD|0.930|0.940|0.935|+0.005|+0.54|10,742
8206CS|ECOWLD-CS|0.035|0.000|0.000|0.000|0.00|0
8206CT|ECOWLD-CT|0.020|0.000|0.000|0.000|0.00|0
8206WA|ECOWLD-WA|0.185|0.175|0.180|-0.005|-2.70|1,494
5036|EDARAN|0.535|0.535|0.540|+0.005|+0.93|2,007
7471|EDEN|0.130|0.130|0.135|+0.005|+3.85|75,534
7471WB|EDEN-WB|0.050|0.050|0.050|0.000|0.00|1,982
1368|EDGENTA|2.780|2.820|2.930|+0.150|+5.40|420
0107|EDUSPEC|0.030|0.030|0.030|0.000|0.00|242,281
0064|EFFICEN|0.190|0.185|0.185|-0.005|-2.63|1,140
0065|EFORCE|0.460|0.465|0.460|0.000|0.00|48,089
0065WA|EFORCE-WA|0.120|0.120|0.120|0.000|0.00|19,392
8907|EG|0.460|0.460|0.460|0.000|0.00|4,204
8907PA|EG-PA|0.450|0.455|0.455|+0.005|+1.11|50
8907WC|EG-WC|0.145|0.140|0.140|-0.005|-3.45|1,324
5081|EIG|0.655|0.000|0.000|0.000|0.00|0
5208|EITA|1.280|1.290|1.300|+0.020|+1.56|362
7182|EKA|0.065|0.000|0.000|0.000|0.00|0
8877|EKOVEST|0.495|0.505|0.520|+0.025|+5.05|247,730
8877CS|EKOVEST-CS|0.020|0.000|0.000|0.000|0.00|0
8877CT|EKOVEST-CT|0.025|0.025|0.030|+0.005|+20.00|12,500
8877WB|EKOVEST-WB|0.045|0.050|0.060|+0.015|+33.33|75,499
9016|EKSONS|0.800|0.775|0.800|0.000|0.00|240
5228|ELKDESA|1.390|1.400|1.390|0.000|0.00|415
5228LA|ELKDESA-LA|1.130|1.010|1.010|-0.120|-10.62|8
0090|ELSOFT|0.950|0.950|0.965|+0.015|+1.58|3,155
7217|EMETALL|0.410|0.400|0.405|-0.005|-1.22|230
9091|EMICO|0.175|0.160|0.170|-0.005|-2.86|606
6076|ENCORP|0.395|0.000|0.000|0.000|0.00|0
7149|ENGKAH|0.880|0.000|0.000|0.000|0.00|0
5056|ENGTEX|0.845|0.830|0.820|-0.025|-2.96|150
8613|ENRA|1.150|1.140|1.040|-0.110|-9.57|1,111
7773|EPMB|0.350|0.365|0.400|+0.050|+14.29|1,100
0190|ESAFE|0.210|0.210|0.210|0.000|0.00|490
0100|ESCERAM|0.165|0.000|0.000|0.000|0.00|0
03021|ETH|0.170|0.000|0.000|0.000|0.00|0
6815|EUPE|0.670|0.000|0.000|0.000|0.00|0
7208|EURO|0.135|0.130|0.135|0.000|0.00|280
7094|EUROSP|0.480|0.000|0.000|0.000|0.00|0
5101|EVERGRN|0.365|0.370|0.370|+0.005|+1.37|2,093
7249|EWEIN|0.565|0.570|0.570|+0.005|+0.88|9,723
5283|EWINT|0.740|0.745|0.730|-0.010|-1.35|4,915
5283WA|EWINT-WA|0.135|0.140|0.135|0.000|0.00|9,950
3689|F&N|34.840|35.000|34.840|0.000|0.00|909
2984|FACBIND|1.250|1.270|1.270|+0.020|+1.60|30
7047|FAJAR|0.375|0.385|0.410|+0.035|+9.33|48,960
7047WB|FAJAR-WB|0.020|0.025|0.035|+0.015|+75.00|42,795
5029|FAREAST|2.760|2.840|2.650|-0.110|-3.99|433
6041|FARLIM|0.370|0.355|0.355|-0.015|-4.05|672
7229|FAVCO|2.670|2.670|2.560|-0.110|-4.12|979
06505J|FBMKLCI-C5J|0.020|0.000|0.000|0.000|0.00|0
06505K|FBMKLCI-C5K|0.010|0.000|0.000|0.000|0.00|0
06505L|FBMKLCI-C5L|0.070|0.000|0.000|0.000|0.00|0
06505M|FBMKLCI-C5M|0.100|0.000|0.000|0.000|0.00|0
06505N|FBMKLCI-C5N|0.025|0.000|0.000|0.000|0.00|0
06505O|FBMKLCI-C5O|0.020|0.020|0.020|0.000|0.00|120
06505P|FBMKLCI-C5P|0.130|0.110|0.105|-0.025|-19.23|849
06505Q|FBMKLCI-C5Q|0.195|0.185|0.175|-0.020|-10.26|2,500
06505R|FBMKLCI-C5R|0.040|0.035|0.035|-0.005|-12.50|6,282
06505S|FBMKLCI-C5S|0.100|0.100|0.100|0.000|0.00|60
06505T|FBMKLCI-C5T|0.175|0.170|0.155|-0.020|-11.43|6,500
06505U|FBMKLCI-C5U|0.150|0.000|0.000|0.000|0.00|0
06505V|FBMKLCI-C5V|0.040|0.040|0.045|+0.005|+12.50|10,250
06505W|FBMKLCI-C5W|0.025|0.025|0.025|0.000|0.00|500
06505X|FBMKLCI-C5X|0.175|0.150|0.150|-0.025|-14.29|1,000
06505Y|FBMKLCI-C5Y|0.295|0.000|0.000|0.000|0.00|0
0820EA|FBMKLCI-EA|1.750|0.000|0.000|0.000|0.00|0
06506L|FBMKLCI-H6L|0.145|0.165|0.160|+0.015|+10.34|5,510
06506M|FBMKLCI-H6M|0.240|0.225|0.225|-0.015|-6.25|1,050
06506N|FBMKLCI-H6N|0.225|0.000|0.000|0.000|0.00|0
06506O|FBMKLCI-H6O|0.355|0.360|0.400|+0.045|+12.68|1,600
06506P|FBMKLCI-H6P|0.075|0.060|0.070|-0.005|-6.67|24,492
06506Q|FBMKLCI-H6Q|0.115|0.115|0.115|0.000|0.00|1,544
06506R|FBMKLCI-H6R|0.240|0.000|0.000|0.000|0.00|0
06506S|FBMKLCI-H6S|0.380|0.000|0.000|0.000|0.00|0
06506T|FBMKLCI-H6T|0.120|0.120|0.125|+0.005|+4.17|4,000
06506U|FBMKLCI-H6U|0.255|0.000|0.000|0.000|0.00|0
06506V|FBMKLCI-H6V|0.300|0.295|0.295|-0.005|-1.67|100
06506W|FBMKLCI-H6W|0.170|0.000|0.000|0.000|0.00|0
06506X|FBMKLCI-H6X|0.135|0.140|0.140|+0.005|+3.70|205
06506Y|FBMKLCI-H6Y|0.150|0.000|0.000|0.000|0.00|0
06506Z|FBMKLCI-H6Z|0.360|0.000|0.000|0.000|0.00|0
06508A|FBMKLCI-H8A|0.405|0.410|0.420|+0.015|+3.70|8,000
2755|FCW|0.715|0.735|0.730|+0.015|+2.10|210
5222|FGV|1.180|1.190|1.170|-0.010|-0.85|57,121
522255|FGV-C55|0.010|0.000|0.000|0.000|0.00|0
522258|FGV-C58|0.005|0.000|0.000|0.000|0.00|0
522259|FGV-C59|0.035|0.000|0.000|0.000|0.00|0
522260|FGV-C60|0.005|0.000|0.000|0.000|0.00|0
522261|FGV-C61|0.025|0.000|0.000|0.000|0.00|0
522262|FGV-C62|0.085|0.085|0.085|0.000|0.00|500
522263|FGV-C63|0.175|0.175|0.175|0.000|0.00|15,959
522264|FGV-C64|0.250|0.000|0.000|0.000|0.00|0
522265|FGV-C65|0.180|0.180|0.175|-0.005|-2.78|14,746
522266|FGV-C66|0.320|0.000|0.000|0.000|0.00|0
522267|FGV-C67|0.405|0.410|0.420|+0.015|+3.70|619
522268|FGV-C68|0.150|0.000|0.000|0.000|0.00|0
522269|FGV-C69|0.110|0.110|0.115|+0.005|+4.55|4,500
522270|FGV-C70|0.105|0.105|0.105|0.000|0.00|4
522271|FGV-C71|0.045|0.045|0.045|0.000|0.00|10,500
522272|FGV-C72|0.040|0.040|0.035|-0.005|-12.50|184
522273|FGV-C73|0.080|0.085|0.080|0.000|0.00|71,023
6939|FIAMMA|0.475|0.480|0.480|+0.005|+1.05|90
0149|FIBON|0.430|0.000|0.000|0.000|0.00|0
8605|FIHB|0.500|0.480|0.480|-0.020|-4.00|3,037
8605PA|FIHB-PA|0.090|0.000|0.000|0.000|0.00|0
8605PB|FIHB-PB|0.080|0.000|0.000|0.000|0.00|0
3107|FIMACOR|1.930|0.000|0.000|0.000|0.00|0
0150|FINTEC|0.055|0.050|0.055|0.000|0.00|550
0150PA|FINTEC-PA|0.025|0.000|0.000|0.000|0.00|0
0150WA|FINTEC-WA|0.010|0.000|0.000|0.000|0.00|0
0150WB|FINTEC-WB|0.020|0.000|0.000|0.000|0.00|0
9318|FITTERS|0.485|0.490|0.490|+0.005|+1.03|45,315
9318WB|FITTERS-WB|0.025|0.025|0.020|-0.005|-20.00|24,919
5197|FLBHD|1.600|1.600|1.560|-0.040|-2.50|3,626
0116|FOCUS|0.135|0.130|0.130|-0.005|-3.70|90
0116WC|FOCUS-WC|0.085|0.000|0.000|0.000|0.00|0
0157|FOCUSP|0.340|0.340|0.340|0.000|0.00|100
5277|FPGROUP|0.325|0.330|0.340|+0.015|+4.62|178,731
9172|FPI|1.800|1.820|1.800|0.000|0.00|12,474
7210|FREIGHT|0.595|0.600|0.610|+0.015|+2.52|7,462
0128|FRONTKN|0.990|1.000|0.990|0.000|0.00|80,231
9377|FSBM|0.095|0.000|0.000|0.000|0.00|0
9377WA|FSBM-WA|0.025|0.000|0.000|0.000|0.00|0
7184|G3|0.810|0.000|0.000|0.000|0.00|0
7184WA|G3-WA|0.800|0.000|0.000|0.000|0.00|0
9261|GADANG|0.660|0.670|0.690|+0.030|+4.55|102,800
9261WB|GADANG-WB|0.200|0.200|0.210|+0.010|+5.00|40,229
5398|GAMUDA|2.880|2.880|2.900|+0.020|+0.69|42,983
539853|GAMUDA-C53|0.005|0.000|0.000|0.000|0.00|0
539856|GAMUDA-C56|0.030|0.000|0.000|0.000|0.00|0
539857|GAMUDA-C57|0.025|0.000|0.000|0.000|0.00|0
539858|GAMUDA-C58|0.055|0.055|0.055|0.000|0.00|6,700
539859|GAMUDA-C59|0.155|0.165|0.170|+0.015|+9.68|8,224
539860|GAMUDA-C60|0.095|0.095|0.095|0.000|0.00|2,150
539861|GAMUDA-C61|0.060|0.065|0.065|+0.005|+8.33|14,536
539862|GAMUDA-C62|0.090|0.095|0.095|+0.005|+5.56|1,005
539863|GAMUDA-C63|0.090|0.095|0.095|+0.005|+5.56|2,000
539864|GAMUDA-C64|0.080|0.085|0.085|+0.005|+6.25|200
539865|GAMUDA-C65|0.100|0.100|0.100|0.000|0.00|1,000
5398WE|GAMUDA-WE|0.225|0.230|0.225|0.000|0.00|6,078
5209|GASMSIA|2.850|2.850|2.850|0.000|0.00|35
5226|GBGAQRS|1.330|1.340|1.360|+0.030|+2.26|54,330
5226WB|GBGAQRS-WB|0.360|0.365|0.370|+0.010|+2.78|67,787
5102|GCB|3.550|3.630|3.500|-0.050|-1.41|2,710
5102CA|GCB-CA|0.240|0.235|0.255|+0.015|+6.25|699
5102CB|GCB-CB|0.170|0.000|0.000|0.000|0.00|0
5102CC|GCB-CC|0.120|0.120|0.120|0.000|0.00|1,000
5102CD|GCB-CD|0.085|0.000|0.000|0.000|0.00|0
5102CE|GCB-CE|0.145|0.000|0.000|0.000|0.00|0
5592|GCE|0.470|0.000|0.000|0.000|0.00|0
0198|GDB|0.300|0.300|0.285|-0.015|-5.00|18,638
0078|GDEX|0.345|0.360|0.350|+0.005|+1.45|102,409
0078WB|GDEX-WB|0.060|0.060|0.060|0.000|0.00|46,738
0580C1|GEELY-C1|0.045|0.065|0.065|+0.020|+44.44|1,000
0104|GENETEC|1.730|1.730|1.740|+0.010|+0.58|509
4715|GENM|3.200|3.210|3.160|-0.040|-1.25|80,599
471540|GENM-C40|0.150|0.000|0.000|0.000|0.00|0
471541|GENM-C41|0.005|0.000|0.000|0.000|0.00|0
471542|GENM-C42|0.025|0.000|0.000|0.000|0.00|0
471543|GENM-C43|0.025|0.020|0.020|-0.005|-20.00|300
471544|GENM-C44|0.075|0.000|0.000|0.000|0.00|0
471545|GENM-C45|0.120|0.115|0.115|-0.005|-4.17|1,500
471546|GENM-C46|0.080|0.080|0.080|0.000|0.00|200
471547|GENM-C47|0.115|0.000|0.000|0.000|0.00|0
471548|GENM-C48|0.130|0.000|0.000|0.000|0.00|0
471549|GENM-C49|0.160|0.150|0.150|-0.010|-6.25|700
471550|GENM-C50|0.135|0.125|0.120|-0.015|-11.11|286
471551|GENM-C51|0.095|0.090|0.090|-0.005|-5.26|35,892
471552|GENM-C52|0.175|0.000|0.000|0.000|0.00|0
471553|GENM-C53|0.105|0.000|0.000|0.000|0.00|0
471554|GENM-C54|0.070|0.060|0.060|-0.010|-14.29|2,800
471555|GENM-C55|0.045|0.045|0.045|0.000|0.00|10,600
2291|GENP|10.600|10.500|10.400|-0.200|-1.89|6,821
2291CI|GENP-CI|0.150|0.000|0.000|0.000|0.00|0
2291WA|GENP-WA|2.750|0.000|0.000|0.000|0.00|0
3182|GENTING|6.640|6.690|6.600|-0.040|-0.60|68,804
318255|GENTINGC55|0.050|0.000|0.000|0.000|0.00|0
318256|GENTINGC56|0.030|0.000|0.000|0.000|0.00|0
318257|GENTINGC57|0.055|0.055|0.055|0.000|0.00|3,000
318258|GENTINGC58|0.045|0.045|0.045|0.000|0.00|5,858
318259|GENTINGC59|0.075|0.000|0.000|0.000|0.00|0
318260|GENTINGC60|0.095|0.080|0.080|-0.015|-15.79|3,000
318261|GENTINGC61|0.075|0.075|0.075|0.000|0.00|14,200
318262|GENTINGC62|0.100|0.095|0.100|0.000|0.00|5,000
318263|GENTINGC63|0.100|0.105|0.100|0.000|0.00|8,466
318264|GENTINGC64|0.055|0.000|0.000|0.000|0.00|0
7197|GESHEN|0.630|0.650|0.650|+0.020|+3.17|196
5079|GETS|0.335|0.350|0.350|+0.015|+4.48|675,913
0039|GFM|0.500|0.505|0.490|-0.010|-2.00|6,772
0039WC|GFM-WC|0.200|0.200|0.200|0.000|0.00|15,698
0021|GHLSYS|1.700|1.700|1.700|0.000|0.00|1,954
0021CA|GHLSYS-CA|0.105|0.100|0.100|-0.005|-4.76|1,000
3204|GKENT|1.140|1.150|1.160|+0.020|+1.75|65,386
7382|GLBHD|0.425|0.370|0.370|-0.055|-12.94|10
5020|GLOMAC|0.370|0.365|0.375|+0.005|+1.35|1,622
5220|GLOTEC|0.465|0.455|0.470|+0.005|+1.08|2,711
5220WA|GLOTEC-WA|0.065|0.055|0.065|0.000|0.00|576
9962|GMUTUAL|0.275|0.000|0.000|0.000|0.00|0
0045|GNB|0.050|0.045|0.045|-0.005|-10.00|8,100
1147|GOB|0.185|0.180|0.180|-0.005|-2.70|1,821
1147WA|GOB-WA|0.005|0.000|0.000|0.000|0.00|0
0074|GOCEAN|0.115|0.110|0.110|-0.005|-4.35|100
0074WA|GOCEAN-WA|0.005|0.000|0.000|0.000|0.00|0
0828EA|GOLDETF|1.735|1.740|1.735|0.000|0.00|25
7192|GOODWAY|0.205|0.205|0.205|0.000|0.00|200
2135|GOPENG|0.660|0.000|0.000|0.000|0.00|0
7096|GPA|0.105|0.105|0.105|0.000|0.00|6,330
7096WA|GPA-WA|0.030|0.000|0.000|0.000|0.00|0
0082|GPACKET|0.310|0.315|0.315|+0.005|+1.61|1,550
0082WB|GPACKET-WB|0.080|0.000|0.000|0.000|0.00|0
5649|GPHAROS|0.245|0.000|0.000|0.000|0.00|0
0056|GRANFLO|0.200|0.200|0.200|0.000|0.00|40
0136|GREENYB|0.125|0.130|0.130|+0.005|+4.00|2,723
7077|GSB|0.190|0.190|0.195|+0.005|+2.63|6,185
7022|GTRONIC|1.740|1.740|1.700|-0.040|-2.30|5,682
7022CT|GTRONIC-CT|0.005|0.000|0.000|0.000|0.00|0
7022CU|GTRONIC-CU|0.030|0.000|0.000|0.000|0.00|0
7022CV|GTRONIC-CV|0.065|0.000|0.000|0.000|0.00|0
7022CW|GTRONIC-CW|0.040|0.000|0.000|0.000|0.00|0
3247|GUH|0.480|0.000|0.000|0.000|0.00|0
7676|GUNUNG|0.290|0.300|0.300|+0.010|+3.45|1,797
7676WB|GUNUNG-WB|0.040|0.045|0.045|+0.005|+12.50|5,465
1503|GUOCO|0.750|0.730|0.745|-0.005|-0.67|3,229
7668|HAIO|2.540|2.520|2.480|-0.060|-2.36|4,887
7668CG|HAIO-CG|0.075|0.000|0.000|0.000|0.00|0
5151|HALEX|0.850|0.910|0.860|+0.010|+1.18|4,140
7253|HANDAL|0.350|0.350|0.350|0.000|0.00|1,422
3034|HAPSENG|9.900|9.890|9.800|-0.100|-1.01|3,221
3034CX|HAPSENG-CX|0.030|0.000|0.000|0.000|0.00|0
2062|HARBOUR|0.705|0.705|0.690|-0.015|-2.13|30
2062WC|HARBOUR-WC|0.085|0.000|0.000|0.000|0.00|0
5008|HARISON|3.880|3.800|3.800|-0.080|-2.06|100
7501|HARNLEN|0.650|0.650|0.650|0.000|0.00|60
5168|HARTA|4.630|4.690|4.710|+0.080|+1.73|60,384
516815|HARTA-C15|0.020|0.000|0.000|0.000|0.00|0
516816|HARTA-C16|0.005|0.000|0.000|0.000|0.00|0
516817|HARTA-C17|0.005|0.000|0.000|0.000|0.00|0
516818|HARTA-C18|0.005|0.000|0.000|0.000|0.00|0
516819|HARTA-C19|0.055|0.000|0.000|0.000|0.00|0
516820|HARTA-C20|0.050|0.050|0.050|0.000|0.00|3,371
516821|HARTA-C21|0.060|0.060|0.060|0.000|0.00|2,600
516822|HARTA-C22|0.050|0.045|0.060|+0.010|+20.00|16,324
516823|HARTA-C23|0.145|0.150|0.160|+0.015|+10.34|15,998
5187|HBGLOB|0.115|0.120|0.120|+0.005|+4.35|3,358
7105|HCK|1.250|1.220|1.240|-0.010|-0.80|550
7105WA|HCK-WA|0.295|0.000|0.000|0.000|0.00|0
3255|HEIM|24.000|24.400|24.360|+0.360|+1.50|813
5121|HEKTAR|1.140|1.140|1.140|0.000|0.00|2,520
4324|HENGYUAN|5.830|5.840|5.730|-0.100|-1.72|2,634
4324C4|HENGYUAN-C4|0.030|0.000|0.000|0.000|0.00|0
4324C5|HENGYUAN-C5|0.035|0.000|0.000|0.000|0.00|0
4324C6|HENGYUAN-C6|0.055|0.000|0.000|0.000|0.00|0
4324C7|HENGYUAN-C7|0.170|0.170|0.170|0.000|0.00|300
4324C8|HENGYUAN-C8|0.105|0.100|0.100|-0.005|-4.76|400
4324C9|HENGYUAN-C9|0.095|0.090|0.090|-0.005|-5.26|800
5095|HEVEA|0.640|0.645|0.635|-0.005|-0.78|8,977
5095WB|HEVEA-WB|0.450|0.000|0.000|0.000|0.00|0
3298|HEXZA|0.705|0.690|0.690|-0.015|-2.13|100
0175|HHGROUP|0.115|0.115|0.120|+0.005|+4.35|1,058
0160|HHHCORP|0.090|0.000|0.000|0.000|0.00|0
5072|HIAPTEK|0.265|0.265|0.260|-0.005|-1.89|22,881
5072LA|HIAPTEK-LA|0.290|0.290|0.290|0.000|0.00|850
5072WB|HIAPTEK-WB|0.065|0.065|0.065|0.000|0.00|13,195
5199|HIBISCS|1.070|1.090|1.090|+0.020|+1.87|200,067
5199CM|HIBISCS-CM|0.085|0.000|0.000|0.000|0.00|0
5199CN|HIBISCS-CN|0.075|0.000|0.000|0.000|0.00|0
5199CO|HIBISCS-CO|0.080|0.000|0.000|0.000|0.00|0
5199CP|HIBISCS-CP|0.055|0.000|0.000|0.000|0.00|0
5199CQ|HIBISCS-CQ|0.125|0.125|0.130|+0.005|+4.00|9,458
5199CR|HIBISCS-CR|0.110|0.115|0.115|+0.005|+4.55|25,990
5199CS|HIBISCS-CS|0.085|0.000|0.000|0.000|0.00|0
5199CT|HIBISCS-CT|0.130|0.000|0.000|0.000|0.00|0
5199CU|HIBISCS-CU|0.095|0.095|0.090|-0.005|-5.26|14,200
5199CV|HIBISCS-CV|0.080|0.000|0.000|0.000|0.00|0
5199CW|HIBISCS-CW|0.090|0.095|0.085|-0.005|-5.56|1,374
5199WC|HIBISCS-WC|0.485|0.490|0.490|+0.005|+1.03|115,147
7033|HIGHTEC|1.200|0.000|0.000|0.000|0.00|0
8443|HIL|0.610|0.610|0.620|+0.010|+1.64|16,859
8443WB|HIL-WB|0.215|0.220|0.220|+0.005|+2.33|500
0505CF|HKEX-CF|0.425|0.000|0.000|0.000|0.00|0
5819|HLBANK|20.300|20.460|19.980|-0.320|-1.58|15,333
5819CN|HLBANK-CN|0.030|0.000|0.000|0.000|0.00|0
5819CO|HLBANK-CO|0.120|0.000|0.000|0.000|0.00|0
5274|HLCAP|9.600|0.000|0.000|0.000|0.00|0
1082|HLFG|19.180|19.200|18.960|-0.220|-1.15|2,189
3301|HLIND|9.960|9.960|10.000|+0.040|+0.40|182
0188|HLT|0.130|0.000|0.000|0.000|0.00|0
0188WA|HLT-WA|0.040|0.040|0.040|0.000|0.00|1,000
5169|HOHUP|0.460|0.475|0.470|+0.010|+2.17|47,048
5165|HOKHENG|0.650|0.640|0.650|0.000|0.00|2,189
5160|HOMERIZ|0.605|0.605|0.605|0.000|0.00|145
5160WA|HOMERIZ-WA|0.060|0.060|0.060|0.000|0.00|1,040
7010|HOOVER|0.585|0.585|0.585|0.000|0.00|200
06513Y|HSI-C3Y|0.055|0.000|0.000|0.000|0.00|0
06513Z|HSI-C3Z|0.130|0.140|0.180|+0.050|+38.46|241,243
06515A|HSI-C5A|0.345|0.400|0.450|+0.105|+30.43|381,719
06515B|HSI-C5B|0.705|0.750|0.860|+0.155|+21.99|2,933
06515C|HSI-C5C|0.165|0.190|0.220|+0.055|+33.33|35,217
06515D|HSI-C5D|0.300|0.340|0.385|+0.085|+28.33|206,415
06515E|HSI-C5E|0.620|0.690|0.690|+0.070|+11.29|7,171
06515F|HSI-C5F|1.010|0.000|0.000|0.000|0.00|0
06515G|HSI-C5G|0.510|0.545|0.605|+0.095|+18.63|31,088
06515H|HSI-C5H|0.750|0.875|0.930|+0.180|+24.00|12,010
06515I|HSI-C5I|1.080|0.000|0.000|0.000|0.00|0
06515J|HSI-C5J|0.655|0.680|0.765|+0.110|+16.79|27,369
06515K|HSI-C5K|0.995|1.110|1.120|+0.125|+12.56|1,990
06515L|HSI-C5L|1.410|0.000|0.000|0.000|0.00|0
06515M|HSI-C5M|1.810|2.040|2.100|+0.290|+16.02|150
06515N|HSI-C5N|0.270|0.300|0.320|+0.050|+18.52|1,110
06515O|HSI-C5O|0.390|0.480|0.505|+0.115|+29.49|230
06515P|HSI-C5P|0.635|0.690|0.725|+0.090|+14.17|6,800
06515Q|HSI-C5Q|0.940|1.040|1.040|+0.100|+10.64|270
06514Z|HSI-H4Z|0.005|0.005|0.005|0.000|0.00|34,097
06516A|HSI-H6A|0.010|0.005|0.005|-0.005|-50.00|8,780
06516B|HSI-H6B|0.020|0.020|0.020|0.000|0.00|1,938
06516C|HSI-H6C|0.055|0.040|0.045|-0.010|-18.18|54,082
06516D|HSI-H6D|0.050|0.025|0.025|-0.025|-50.00|1,069
06516E|HSI-H6E|0.100|0.075|0.075|-0.025|-25.00|1,250
06516F|HSI-H6F|0.190|0.170|0.160|-0.030|-15.79|122,414
06516G|HSI-H6G|0.370|0.330|0.285|-0.085|-22.97|584,127
06516H|HSI-H6H|0.060|0.050|0.050|-0.010|-16.67|200
06516I|HSI-H6I|0.130|0.000|0.000|0.000|0.00|0
06516J|HSI-H6J|0.215|0.180|0.165|-0.050|-23.26|37,854
06516K|HSI-H6K|0.065|0.065|0.040|-0.025|-38.46|885
06516L|HSI-H6L|0.120|0.095|0.095|-0.025|-20.83|2,101
06516M|HSI-H6M|0.145|0.145|0.125|-0.020|-13.79|26,513
06516N|HSI-H6N|0.250|0.220|0.205|-0.045|-18.00|7,887
06516O|HSI-H6O|0.205|0.180|0.175|-0.030|-14.63|1,250
06516P|HSI-H6P|0.355|0.260|0.265|-0.090|-25.35|1,400
06516Q|HSI-H6Q|0.450|0.410|0.395|-0.055|-12.22|363
06516R|HSI-H6R|0.655|0.580|0.560|-0.095|-14.50|990
6238|HSL|1.420|1.410|1.410|-0.010|-0.70|76
5138|HSPLANT|1.720|1.720|1.770|+0.050|+2.91|79
0185|HSSEB|1.190|1.200|1.180|-0.010|-0.84|7,027
0185WA|HSSEB-WA|0.215|0.215|0.215|0.000|0.00|132
5028|HTPADU|0.750|0.750|0.740|-0.010|-1.33|2,916
2739|HUAAN|0.265|0.265|0.260|-0.005|-1.89|248,272
5062|HUAYANG|0.385|0.385|0.395|+0.010|+2.60|14,460
7013|HUBLINE|0.055|0.055|0.055|0.000|0.00|6,591
7013WA|HUBLINE-WA|0.005|0.000|0.000|0.000|0.00|0
7013WB|HUBLINE-WB|0.005|0.000|0.000|0.000|0.00|0
7013WC|HUBLINE-WC|0.020|0.015|0.020|0.000|0.00|52
5000|HUMEIND|0.740|0.750|0.735|-0.005|-0.68|11,950
5024|HUPSENG|1.000|1.000|0.995|-0.005|-0.50|642
8478|HWATAI|0.300|0.000|0.000|0.000|0.00|0
9601|HWGB|0.100|0.100|0.115|+0.015|+15.00|146,619
9601WD|HWGB-WD|0.025|0.040|0.040|+0.015|+60.00|4,681
4251|IBHD|0.430|0.430|0.435|+0.005|+1.16|250
4251LB|IBHD-LB|0.320|0.305|0.310|-0.010|-3.13|236
4251WA|IBHD-WA|0.015|0.000|0.000|0.000|0.00|0
5084|IBRACO|0.655|0.000|0.000|0.000|0.00|0
5108|ICAP|2.400|2.380|2.390|-0.010|-0.42|247
0502CF|ICBC-CF|0.100|0.000|0.000|0.000|0.00|0
5255|ICON|0.095|0.095|0.090|-0.005|-5.26|47,488
9687|IDEAL|1.140|1.120|1.120|-0.020|-1.75|49
9687WB|IDEAL-WB|0.355|0.000|0.000|0.000|0.00|0
0174|IDMENSN|0.025|0.025|0.025|0.000|0.00|4,500
0174WA|IDMENSN-WA|0.005|0.000|0.000|0.000|0.00|0
0023|IFCAMSC|0.445|0.450|0.445|0.000|0.00|210,755
5606|IGBB|2.650|2.680|2.710|+0.060|+2.26|231
5606PA|IGBB-PA|1.110|0.000|0.000|0.000|0.00|0
5606PB|IGBB-PB|3.200|0.000|0.000|0.000|0.00|0
5227|IGBREIT|1.850|1.860|1.860|+0.010|+0.54|12,426
5225|IHH|5.770|5.800|5.570|-0.200|-3.47|67,081
522510|IHH-C10|0.120|0.110|0.095|-0.025|-20.83|8,118
522511|IHH-C11|0.135|0.125|0.115|-0.020|-14.81|18,000
5225C7|IHH-C7|0.030|0.000|0.000|0.000|0.00|0
5225C8|IHH-C8|0.105|0.065|0.065|-0.040|-38.10|600
5225C9|IHH-C9|0.095|0.000|0.000|0.000|0.00|0
0401GA|IHS046000824|97.500|0.000|0.000|0.000|0.00|0
3336|IJM|2.220|2.220|2.200|-0.020|-0.90|59,422
333621|IJM-C21|0.140|0.130|0.125|-0.015|-10.71|262
333624|IJM-C24|0.190|0.180|0.180|-0.010|-5.26|200
333625|IJM-C25|0.210|0.205|0.205|-0.005|-2.38|200
333626|IJM-C26|0.140|0.145|0.135|-0.005|-3.57|8,218
2216|IJMPLNT|1.570|1.560|1.570|0.000|0.00|363
5268|IKHMAS|0.155|0.155|0.165|+0.010|+6.45|83,392
5614|ILB|0.390|0.400|0.385|-0.005|-1.28|1,476
7222|IMASPRO|1.980|1.970|1.980|0.000|0.00|4,797
0166|INARI|1.570|1.590|1.580|+0.010|+0.64|23,227
016623|INARI-C23|0.005|0.000|0.000|0.000|0.00|0
016624|INARI-C24|0.005|0.000|0.000|0.000|0.00|0
016625|INARI-C25|0.005|0.000|0.000|0.000|0.00|0
016626|INARI-C26|0.035|0.000|0.000|0.000|0.00|0
016627|INARI-C27|0.040|0.040|0.040|0.000|0.00|6,230
016628|INARI-C28|0.030|0.035|0.035|+0.005|+16.67|4,000
016629|INARI-C29|0.065|0.065|0.065|0.000|0.00|4,200
016630|INARI-C30|0.060|0.000|0.000|0.000|0.00|0
016631|INARI-C31|0.125|0.125|0.125|0.000|0.00|6,000
016632|INARI-C32|0.120|0.125|0.120|0.000|0.00|3,659
016633|INARI-C33|0.270|0.000|0.000|0.000|0.00|0
016634|INARI-C34|0.080|0.080|0.075|-0.005|-6.25|5,550
016635|INARI-C35|0.060|0.065|0.065|+0.005|+8.33|500
016636|INARI-C36|0.080|0.000|0.000|0.000|0.00|0
016637|INARI-C37|0.105|0.000|0.000|0.000|0.00|0
016638|INARI-C38|0.095|0.100|0.100|+0.005|+5.26|6,000
016639|INARI-C39|0.180|0.180|0.180|0.000|0.00|8,000
0166WB|INARI-WB|1.030|1.040|1.030|0.000|0.00|508
2607|INCKEN|0.640|0.640|0.640|0.000|0.00|47
0094|INIX|0.075|0.070|0.070|-0.005|-6.67|52,533
0094WA|INIX-WA|0.030|0.025|0.025|-0.005|-16.67|1,300
0147|INNITY|0.565|0.000|0.000|0.000|0.00|0
6262|INNO|0.740|0.000|0.000|0.000|0.00|0
3379|INSAS|0.760|0.760|0.750|-0.010|-1.32|3,106
3379PA|INSAS-PA|0.980|0.980|0.980|0.000|0.00|100
3379WB|INSAS-WB|0.075|0.070|0.070|-0.005|-6.67|752
0192|INTA|0.275|0.280|0.280|+0.005|+1.82|3,477
1961|IOICORP|4.460|4.450|4.470|+0.010|+0.22|4,899
196119|IOICORP-C19|0.035|0.000|0.000|0.000|0.00|0
196120|IOICORP-C20|0.085|0.085|0.085|0.000|0.00|100
196121|IOICORP-C21|0.110|0.000|0.000|0.000|0.00|0
5249|IOIPG|1.320|1.330|1.280|-0.040|-3.03|46,289
5249CV|IOIPG-CV|0.100|0.080|0.080|-0.020|-20.00|450
5673|IPMUDA|0.520|0.000|0.000|0.000|0.00|0
5107|IQGROUP|1.120|1.120|1.120|0.000|0.00|160
8834|IREKA|0.545|0.545|0.560|+0.015|+2.75|45
8834WB|IREKA-WB|0.005|0.005|0.005|0.000|0.00|100
7183|IRETEX|0.160|0.155|0.155|-0.005|-3.13|754
7183LA|IRETEX-LA|0.020|0.020|0.020|0.000|0.00|600
7183WA|IRETEX-WA|0.005|0.000|0.000|0.000|0.00|0
0010|IRIS|0.150|0.155|0.155|+0.005|+3.33|306,443
9393|ITRONIC|0.105|0.000|0.000|0.000|0.00|0
5175|IVORY|0.200|0.195|0.195|-0.005|-2.50|4,260
1589|IWCITY|0.705|0.710|0.745|+0.040|+5.67|261,285
7223|JADI|0.035|0.040|0.035|0.000|0.00|40,761
0024|JAG|0.045|0.050|0.050|+0.005|+11.11|10,926
0024WA|JAG-WA|0.005|0.000|0.000|0.000|0.00|0
0024WB|JAG-WB|0.010|0.000|0.000|0.000|0.00|0
4723|JAKS|0.770|0.780|0.810|+0.040|+5.19|120,858
4723WB|JAKS-WB|0.515|0.515|0.565|+0.050|+9.71|12,767
8648|JASKITA|0.120|0.000|0.000|0.000|0.00|0
7152|JAYCORP|0.950|0.950|0.955|+0.005|+0.53|817
0058|JCBNEXT|1.540|1.540|1.480|-0.060|-3.90|440
5161|JCY|0.200|0.200|0.200|0.000|0.00|6,551
8931|JERASIA|0.385|0.370|0.410|+0.025|+6.49|3
9083|JETSON|0.175|0.175|0.185|+0.010|+5.71|1,381
0146|JFTECH|0.860|0.000|0.000|0.000|0.00|0
0127|JHM|1.280|1.290|1.260|-0.020|-1.56|21,056
8923|JIANKUN|0.320|0.320|0.320|0.000|0.00|10
8923WA|JIANKUN-WA|0.075|0.075|0.075|0.000|0.00|1,000
6769|JKGLAND|0.075|0.075|0.080|+0.005|+6.67|48,838
03003|JMEDU|0.535|0.000|0.000|0.000|0.00|0
7043|JMR|1.030|0.000|0.000|0.000|0.00|0
3441|JOHAN|0.085|0.085|0.085|0.000|0.00|1,710
7167|JOHOTIN|1.400|1.410|1.390|-0.010|-0.71|11,147
4383|JTIASA|0.540|0.530|0.530|-0.010|-1.85|2,016
0111|K1|0.220|0.225|0.220|0.000|0.00|27,572
0111WC|K1-WC|0.105|0.105|0.100|-0.005|-4.76|5,399
0193|KAB|0.215|0.210|0.220|+0.005|+2.33|14,126
8672|KAMDAR|0.290|0.000|0.000|0.000|0.00|0
0170|KANGER|0.045|0.040|0.040|-0.005|-11.11|26,390
0170WA|KANGER-WA|0.015|0.000|0.000|0.000|0.00|0
5247|KAREX|0.445|0.450|0.455|+0.010|+2.25|28,939
0054|KARYON|0.130|0.130|0.130|0.000|0.00|14,170
7216|KAWAN|1.680|0.000|0.000|0.000|0.00|0
3115|KBUNAI|0.085|0.080|0.085|0.000|0.00|460
3115WC|KBUNAI-WC|0.020|0.020|0.020|0.000|0.00|3,310
7199|KEINHIN|0.570|0.000|0.000|0.000|0.00|0
7323|KEN|0.680|0.000|0.000|0.000|0.00|0
6483|KENANGA|0.540|0.540|0.545|+0.005|+0.93|856
7161|KERJAYA|1.230|1.240|1.240|+0.010|+0.81|2,977
7161CJ|KERJAYA-CJ|0.020|0.000|0.000|0.000|0.00|0
7161CK|KERJAYA-CK|0.060|0.000|0.000|0.000|0.00|0
7161WB|KERJAYA-WB|0.190|0.185|0.185|-0.005|-2.63|700
9334|KESM|8.500|8.500|8.500|0.000|0.00|67
0143|KEYASIC|0.105|0.110|0.110|+0.005|+4.76|12,095
6491|KFIMA|1.660|1.650|1.670|+0.010|+0.60|182
8303|KFM|0.170|0.000|0.000|0.000|0.00|0
0151|KGB|1.250|1.250|1.240|-0.010|-0.80|7,822
0151WA|KGB-WA|0.740|0.740|0.735|-0.005|-0.68|340
0036|KGROUP|0.045|0.045|0.045|0.000|0.00|700
0036WB|KGROUP-WB|0.005|0.005|0.010|+0.005|+100.00|8,535
6203|KHEESAN|0.610|0.000|0.000|0.000|0.00|0
7062|KHIND|1.700|1.700|1.700|0.000|0.00|100
6211|KIALIM|0.220|0.195|0.130|-0.090|-40.91|4
3522|KIANJOO|3.100|3.100|3.100|0.000|0.00|866
5371|KIMHIN|1.160|1.180|1.180|+0.020|+1.72|20
5171|KIMLUN|1.180|1.180|1.170|-0.010|-0.85|439
5171WA|KIMLUN-WA|0.340|0.000|0.000|0.000|0.00|0
5060|KINSTEL|0.005|0.000|0.000|0.000|0.00|0
5280|KIPREIT|0.885|0.890|0.895|+0.010|+1.13|2,319
9466|KKB|1.220|1.220|1.220|0.000|0.00|3,684
5235SS|KLCC|7.760|7.700|7.800|+0.040|+0.52|415
2445|KLK|24.800|24.900|24.600|-0.200|-0.81|4,593
2445C2|KLK-C2|0.125|0.000|0.000|0.000|0.00|0
2445C3|KLK-C3|0.150|0.000|0.000|0.000|0.00|0
2453|KLUANG|3.330|3.340|3.340|+0.010|+0.30|20
5027|KMLOONG|1.180|1.240|1.220|+0.040|+3.39|875
5027WB|KMLOONG-WB|0.290|0.225|0.225|-0.065|-22.41|45
7164|KNM|0.115|0.120|0.125|+0.010|+8.70|118,541
7164WB|KNM-WB|0.015|0.015|0.015|0.000|0.00|1,548
5035|KNUSFOR|0.430|0.000|0.000|0.000|0.00|0
6971|KOBAY|1.400|1.400|1.410|+0.010|+0.71|240
7017|KOMARK|0.270|0.270|0.280|+0.010|+3.70|46,327
7017WB|KOMARK-WB|0.040|0.040|0.045|+0.005|+12.50|10,534
7153|KOSSAN|3.520|3.570|3.600|+0.080|+2.27|6,384
7153C1|KOSSAN-C1|0.075|0.000|0.000|0.000|0.00|0
7153CZ|KOSSAN-CZ|0.150|0.000|0.000|0.000|0.00|0
0002|KOTRA|1.690|1.690|1.690|0.000|0.00|93
5878|KPJ|0.980|0.985|0.995|+0.015|+1.53|25,186
5878CS|KPJ-CS|0.030|0.015|0.015|-0.015|-50.00|300
5878CT|KPJ-CT|0.085|0.000|0.000|0.000|0.00|0
7130|KPOWER|0.310|0.310|0.345|+0.035|+11.29|765
5843|KPS|1.390|1.390|1.390|0.000|0.00|1,295
9121|KPSCB|0.520|0.000|0.000|0.000|0.00|0
1996|KRETAM|0.405|0.405|0.410|+0.005|+1.23|3,811
0176|KRONO|0.595|0.595|0.610|+0.015|+2.52|49,286
3476|KSENG|4.690|4.740|4.730|+0.040|+0.85|723
5038|KSL|0.930|0.930|0.910|-0.020|-2.15|15,294
5192|KSSC|0.500|0.495|0.500|0.000|0.00|3,998
5172|KSTAR|0.075|0.080|0.080|+0.005|+6.67|3,550
5172WA|KSTAR-WA|0.010|0.010|0.010|0.000|0.00|2,000
4847|KTB|0.085|0.085|0.175|+0.090|+105.88|1,247,546
0180|KTC|0.175|0.180|0.180|+0.005|+2.86|5,752
6874|KUB|0.405|0.405|0.405|0.000|0.00|22,913
2186|KUCHAI|1.560|0.000|0.000|0.000|0.00|0
6572|KWANTAS|0.810|0.000|0.000|0.000|0.00|0
8362|KYM|0.320|0.375|0.370|+0.050|+15.63|6,514
3174|L&G|0.150|0.150|0.150|0.000|0.00|10,653
3794|LAFMSIA|2.500|2.550|2.490|-0.010|-0.40|5,214
3794CE|LAFMSIA-CE|0.085|0.085|0.080|-0.005|-5.88|5,413
0018|LAMBO|0.150|0.145|0.150|0.000|0.00|48,780
1643|LANDMRK|0.470|0.460|0.475|+0.005|+1.06|194
7006|LATITUD|3.990|3.990|3.990|0.000|0.00|42
9385|LAYHONG|0.445|0.445|0.445|0.000|0.00|48,153
9385WA|LAYHONG-WA|0.195|0.195|0.195|0.000|0.00|14,582
9326|LBALUM|0.510|0.510|0.505|-0.005|-0.98|300
8494|LBICAP|0.960|0.980|0.990|+0.030|+3.13|903
5789|LBS|0.635|0.635|0.625|-0.010|-1.57|4,345
5789PA|LBS-PA|0.850|0.850|0.850|0.000|0.00|16
5789WB|LBS-WB|0.235|0.000|0.000|0.000|0.00|0
5284|LCTITAN|4.100|4.100|4.070|-0.030|-0.73|12,933
9628|LEBTECH|0.830|0.830|0.830|0.000|0.00|2
8079|LEESK|0.890|0.880|0.895|+0.005|+0.56|260
5232|LEONFB|0.570|0.000|0.000|0.000|0.00|0
8745|LEWEKO|0.150|0.000|0.000|0.000|0.00|0
8745WB|LEWEKO-WB|0.055|0.000|0.000|0.000|0.00|0
7170|LFECORP|0.110|0.105|0.105|-0.005|-4.55|100
3573|LIENHOE|0.285|0.280|0.270|-0.015|-5.26|1,785
7089|LIIHEN|2.600|2.600|2.590|-0.010|-0.38|1,283
8486|LIONFIB|0.420|0.000|0.000|0.000|0.00|0
4235|LIONIND|0.540|0.540|0.535|-0.005|-0.93|44,181
6645|LITRAK|4.210|4.240|4.400|+0.190|+4.51|366
0182|LKL|0.115|0.110|0.110|-0.005|-4.35|2,244
7126|LONBISC|0.390|0.390|0.395|+0.005|+1.28|26,537
7126WA|LONBISC-WA|0.030|0.030|0.030|0.000|0.00|4,860
8621|LPI|15.920|15.920|15.820|-0.100|-0.63|339
9881|LSTEEL|0.285|0.275|0.265|-0.020|-7.02|220
7085|LTKM|1.180|1.180|1.170|-0.010|-0.85|382
5068|LUSTER|0.080|0.080|0.080|0.000|0.00|2,225
5068WA|LUSTER-WA|0.030|0.025|0.030|0.000|0.00|80
5068WB|LUSTER-WB|0.035|0.000|0.000|0.000|0.00|0
5143|LUXCHEM|0.520|0.515|0.525|+0.005|+0.96|1,440
0075|LYC|0.325|0.315|0.315|-0.010|-3.08|4,360
9199|LYSAGHT|2.670|2.560|2.560|-0.110|-4.12|20
5078|M&G|0.095|0.095|0.095|0.000|0.00|1,120
0017|M3TECH|0.050|0.050|0.055|+0.005|+10.00|1,189
0017WA|M3TECH-WA|0.005|0.000|0.000|0.000|0.00|0
1198|MAA|1.020|1.030|1.030|+0.010|+0.98|7,334
7617|MAGNA|0.890|0.000|0.000|0.000|0.00|0
7617WB|MAGNA-WB|0.190|0.000|0.000|0.000|0.00|0
7087|MAGNI|4.630|4.600|4.610|-0.020|-0.43|951
3859|MAGNUM|2.380|2.380|2.400|+0.020|+0.84|4,380
8583|MAHSING|0.930|0.930|0.935|+0.005|+0.54|2,862
858318|MAHSING-C18|0.030|0.000|0.000|0.000|0.00|0
858319|MAHSING-C19|0.020|0.000|0.000|0.000|0.00|0
8583WC|MAHSING-WC|0.020|0.015|0.010|-0.010|-50.00|1,601
5264|MALAKOF|0.910|0.915|0.920|+0.010|+1.10|19,069
526415|MALAKOFC15|0.025|0.000|0.000|0.000|0.00|0
526417|MALAKOFC17|0.090|0.000|0.000|0.000|0.00|0
526418|MALAKOFC18|0.055|0.055|0.055|0.000|0.00|500
526419|MALAKOFC19|0.115|0.115|0.115|0.000|0.00|230
526420|MALAKOFC20|0.085|0.085|0.085|0.000|0.00|176
526421|MALAKOFC21|0.080|0.075|0.075|-0.005|-6.25|200
526422|MALAKOFC22|0.045|0.045|0.045|0.000|0.00|25,000
526423|MALAKOFC23|0.150|0.155|0.155|+0.005|+3.33|4,798
4936|MALPAC|0.850|0.000|0.000|0.000|0.00|0
6181|MALTON|0.490|0.490|0.505|+0.015|+3.06|39,799
1058|MANULFE|2.650|2.480|2.480|-0.170|-6.42|10
3514|MARCO|0.120|0.125|0.120|0.000|0.00|2,900
5098|MASTEEL|0.485|0.490|0.490|+0.005|+1.03|28,141
7029|MASTER|0.790|0.780|0.800|+0.010|+1.27|5,855
0189|MATANG|0.070|0.070|0.070|0.000|0.00|40,057
5236|MATRIX|1.890|1.950|1.900|+0.010|+0.53|1,994
5236WA|MATRIX-WA|0.115|0.115|0.110|-0.005|-4.35|1,841
6012|MAXIS|5.360|5.360|5.370|+0.010|+0.19|27,699
601210|MAXIS-C10|0.060|0.060|0.055|-0.005|-8.33|4
6012C8|MAXIS-C8|0.065|0.000|0.000|0.000|0.00|0
6012C9|MAXIS-C9|0.040|0.000|0.000|0.000|0.00|0
5189|MAXWELL|0.010|0.000|0.000|0.000|0.00|0
5189WA|MAXWELL-WA|0.005|0.000|0.000|0.000|0.00|0
1155|MAYBANK|9.270|9.280|9.200|-0.070|-0.76|100,003
115543|MAYBANKC43|0.040|0.040|0.040|0.000|0.00|3,000
115546|MAYBANKC46|0.005|0.000|0.000|0.000|0.00|0
115547|MAYBANKC47|0.035|0.000|0.000|0.000|0.00|0
115548|MAYBANKC48|0.030|0.000|0.000|0.000|0.00|0
115549|MAYBANKC49|0.095|0.000|0.000|0.000|0.00|0
115550|MAYBANKC50|0.070|0.075|0.070|0.000|0.00|10,200
115551|MAYBANKC51|0.075|0.000|0.000|0.000|0.00|0
115552|MAYBANKC52|0.035|0.035|0.035|0.000|0.00|7,300
115553|MAYBANKC53|0.150|0.000|0.000|0.000|0.00|0
5077|MAYBULK|0.535|0.540|0.535|0.000|0.00|3,303
5886|MBG|0.805|0.000|0.000|0.000|0.00|0
5152|MBL|1.250|1.270|1.270|+0.020|+1.60|1,557
5152WA|MBL-WA|0.445|0.450|0.450|+0.005|+1.12|8
5983|MBMR|2.760|2.800|2.760|0.000|0.00|1,378
1171|MBSB|0.955|0.955|0.940|-0.015|-1.57|23,847
117115|MBSB-C15|0.010|0.000|0.000|0.000|0.00|0
117116|MBSB-C16|0.060|0.000|0.000|0.000|0.00|0
117117|MBSB-C17|0.035|0.000|0.000|0.000|0.00|0
117118|MBSB-C18|0.025|0.000|0.000|0.000|0.00|0
117119|MBSB-C19|0.045|0.000|0.000|0.000|0.00|0
117120|MBSB-C20|0.015|0.000|0.000|0.000|0.00|0
117121|MBSB-C21|0.030|0.000|0.000|0.000|0.00|0
7189|MBWORLD|1.620|1.610|1.600|-0.020|-1.23|450
7004|MCEHLDG|0.630|0.000|0.000|0.000|0.00|0
0167|MCLEAN|0.090|0.095|0.095|+0.005|+5.56|130
0167WB|MCLEAN-WB|0.025|0.000|0.000|0.000|0.00|0
5182|MCT|0.520|0.525|0.525|+0.005|+0.96|60
4502|MEDIA|0.480|0.485|0.480|0.000|0.00|7,699
5090|MEDIAC|0.220|0.220|0.215|-0.005|-2.27|6,040
0081|MEGASUN|0.120|0.125|0.125|+0.005|+4.17|1
0081WA|MEGASUN-WA|0.010|0.010|0.010|0.000|0.00|900
5129|MELATI|0.455|0.470|0.470|+0.015|+3.30|90
3778|MELEWAR|0.140|0.145|0.140|0.000|0.00|110
3778WB|MELEWAR-WB|0.045|0.000|0.000|0.000|0.00|0
1694|MENANG|0.375|0.380|0.380|+0.005|+1.33|50
1694WB|MENANG-WB|0.005|0.000|0.000|0.000|0.00|0
0577C2|MENGNIU-C2|0.275|0.000|0.000|0.000|0.00|0
5223|MENTIGA|0.575|0.535|0.535|-0.040|-6.96|10
8192|MERCURY|0.810|0.000|0.000|0.000|0.00|0
5006|MERGE|1.530|1.550|1.650|+0.120|+7.84|4,683
5040|MERIDIAN|0.295|0.295|0.295|0.000|0.00|150
5040WA|MERIDIAN-WA|0.070|0.070|0.070|0.000|0.00|500
5040WB|MERIDIAN-WB|0.025|0.020|0.020|-0.005|-20.00|500
5040WC|MERIDIAN-WC|0.030|0.000|0.000|0.000|0.00|0
7234|MESB|0.295|0.300|0.300|+0.005|+1.69|450
7234WA|MESB-WA|0.100|0.090|0.105|+0.005|+5.00|2,100
0826EA|METFAPA|1.000|0.000|0.000|0.000|0.00|0
0825EA|METFSID|0.807|0.000|0.000|0.000|0.00|0
0827EA|METFUS50|1.100|0.000|0.000|0.000|0.00|0
6149|METROD|1.700|0.000|0.000|0.000|0.00|0
3069|MFCB|3.850|3.800|3.840|-0.010|-0.26|2,316
3069WA|MFCB-WA|1.680|1.640|1.670|-0.010|-0.60|1,438
03015|MFGROUP|0.220|0.000|0.000|0.000|0.00|0
3662|MFLOUR|0.760|0.765|0.825|+0.065|+8.55|368,752
3662LA|MFLOUR-LA|1.490|1.520|1.600|+0.110|+7.38|9,014
3662WC|MFLOUR-WC|0.390|0.395|0.485|+0.095|+24.36|205,289
7595|MGB|0.750|0.750|0.750|0.000|0.00|13
7595WA|MGB-WA|0.250|0.235|0.235|-0.015|-6.00|20
0155|MGRC|0.270|0.000|0.000|0.000|0.00|0
5186|MHB|0.810|0.805|0.815|+0.005|+0.62|1,878
5026|MHC|0.610|0.000|0.000|0.000|0.00|0
03005|MHCARE|0.520|0.000|0.000|0.000|0.00|0
5286|MI|2.250|2.250|2.150|-0.100|-4.44|2,625
5286CA|MI-CA|0.090|0.000|0.000|0.000|0.00|0
5286CB|MI-CB|0.035|0.000|0.000|0.000|0.00|0
5286CC|MI-CC|0.050|0.000|0.000|0.000|0.00|0
5286CD|MI-CD|0.140|0.000|0.000|0.000|0.00|0
5286CE|MI-CE|0.150|0.000|0.000|0.000|0.00|0
5286CF|MI-CF|0.085|0.000|0.000|0.000|0.00|0
0126|MICROLN|0.410|0.000|0.000|0.000|0.00|0
5001|MIECO|0.265|0.260|0.260|-0.005|-1.89|3,906
0112|MIKROMB|0.255|0.000|0.000|0.000|0.00|0
7935|MILUX|0.730|0.000|0.000|0.000|0.00|0
5166|MINDA|0.045|0.050|0.045|0.000|0.00|1,099
7219|MINETEC|0.055|0.060|0.065|+0.010|+18.18|13,161
7219WA|MINETEC-WA|0.005|0.000|0.000|0.000|0.00|0
5576|MINHO|0.290|0.285|0.285|-0.005|-1.72|884
5576WC|MINHO-WC|0.070|0.000|0.000|0.000|0.00|0
3816|MISC|6.690|6.690|6.640|-0.050|-0.75|4,754
381619|MISC-C19|0.140|0.150|0.140|0.000|0.00|2,190
381620|MISC-C20|0.075|0.075|0.075|0.000|0.00|700
381621|MISC-C21|0.160|0.000|0.000|0.000|0.00|0
381622|MISC-C22|0.100|0.000|0.000|0.000|0.00|0
9571|MITRA|0.395|0.405|0.410|+0.015|+3.80|83,910
9571WD|MITRA-WD|0.045|0.040|0.045|0.000|0.00|3,269
9571WE|MITRA-WE|0.095|0.095|0.095|0.000|0.00|14
8141|MJPERAK|0.210|0.215|0.220|+0.010|+4.76|4,989
6114|MKH|1.290|1.280|1.310|+0.020|+1.55|1,838
8893|MKLAND|0.185|0.190|0.190|+0.005|+2.70|461
0085|MLAB|0.040|0.040|0.040|0.000|0.00|2,500
0085WA|MLAB-WA|0.010|0.005|0.010|0.000|0.00|28,855
0085WB|MLAB-WB|0.005|0.005|0.005|0.000|0.00|320
0034|MMAG|0.225|0.000|0.000|0.000|0.00|0
0034PA|MMAG-PA|0.085|0.085|0.085|0.000|0.00|2,800
0034WB|MMAG-WB|0.060|0.000|0.000|0.000|0.00|0
2194|MMCCORP|0.990|1.000|1.020|+0.030|+3.03|37,227
219412|MMCCORPC12|0.050|0.055|0.055|+0.005|+10.00|3,000
0113|MMSV|0.940|0.925|0.905|-0.035|-3.72|1,089
0103|MNC|0.035|0.035|0.035|0.000|0.00|150
0103WA|MNC-WA|0.010|0.000|0.000|0.000|0.00|0
6459|MNRB|1.030|1.030|1.030|0.000|0.00|5,048
0156|MPAY|0.135|0.135|0.130|-0.005|-3.70|17,450
6548|MPCORP|0.045|0.000|0.000|0.000|0.00|0
5237|MPHBCAP|1.060|1.040|1.060|0.000|0.00|583
3867|MPI|10.000|9.830|9.820|-0.180|-1.80|48
5123|MQREIT|1.090|1.100|1.120|+0.030|+2.75|14,477
0070|MQTECH|0.025|0.025|0.025|0.000|0.00|450
0070WA|MQTECH-WA|0.010|0.000|0.000|0.000|0.00|0
1651|MRCB|0.885|0.885|0.905|+0.020|+2.26|422,510
165136|MRCB-C36|0.065|0.070|0.080|+0.015|+23.08|7,300
165137|MRCB-C37|0.100|0.100|0.120|+0.020|+20.00|7,700
165138|MRCB-C38|0.075|0.080|0.085|+0.010|+13.33|7,000
165139|MRCB-C39|0.150|0.150|0.160|+0.010|+6.67|56,020
165140|MRCB-C40|0.170|0.000|0.000|0.000|0.00|0
165141|MRCB-C41|0.180|0.205|0.205|+0.025|+13.89|1,500
165142|MRCB-C42|0.055|0.000|0.000|0.000|0.00|0
165143|MRCB-C43|0.110|0.110|0.120|+0.010|+9.09|90,010
165144|MRCB-C44|0.095|0.090|0.105|+0.010|+10.53|78,570
1651WB|MRCB-WB|0.250|0.240|0.260|+0.010|+4.00|27,781
5916|MSC|0.900|0.895|0.895|-0.005|-0.56|356
5202|MSM|1.800|1.800|1.790|-0.010|-0.56|132
5011|MSNIAGA|1.620|0.000|0.000|0.000|0.00|0
5150|MSPORTS|0.010|0.000|0.000|0.000|0.00|0
5924|MTDACPI|0.170|0.165|0.175|+0.005|+2.94|377
0092|MTOUCHE|0.055|0.060|0.060|+0.005|+9.09|55,553
0092WB|MTOUCHE-WB|0.010|0.005|0.005|-0.005|-50.00|680
0092WC|MTOUCHE-WC|0.015|0.010|0.010|-0.005|-33.33|1,220
0043|MTRONIC|0.080|0.075|0.080|0.000|0.00|42,935
0043OR|MTRONIC-OR|0.005|0.005|0.005|0.000|0.00|162,849
3883|MUDA|1.870|1.860|1.860|-0.010|-0.53|1,655
5085|MUDAJYA|0.350|0.355|0.355|+0.005|+1.43|26,246
9539|MUH|0.450|0.000|0.000|0.000|0.00|0
5703|MUHIBAH|2.930|2.890|2.950|+0.020|+0.68|354
5703CJ|MUHIBAH-CJ|0.080|0.075|0.075|-0.005|-6.25|200
3891|MUIIND|0.165|0.165|0.165|0.000|0.00|1,075
3913|MUIPROP|0.170|0.170|0.170|0.000|0.00|5,710
3905|MULPHA|2.400|2.370|2.390|-0.010|-0.42|235
5087|MYCRON|0.275|0.270|0.270|-0.005|-1.82|490
5087WA|MYCRON-WA|0.080|0.000|0.000|0.000|0.00|0
0138|MYEG|1.410|1.410|1.460|+0.050|+3.55|632,485
013848|MYEG-C48|0.005|0.000|0.000|0.000|0.00|0
013849|MYEG-C49|0.010|0.000|0.000|0.000|0.00|0
013850|MYEG-C50|0.030|0.000|0.000|0.000|0.00|0
013851|MYEG-C51|0.005|0.000|0.000|0.000|0.00|0
013852|MYEG-C52|0.005|0.000|0.000|0.000|0.00|0
013853|MYEG-C53|0.030|0.030|0.030|0.000|0.00|130
013854|MYEG-C54|0.010|0.000|0.000|0.000|0.00|0
013855|MYEG-C55|0.125|0.130|0.140|+0.015|+12.00|43,321
013856|MYEG-C56|0.415|0.410|0.430|+0.015|+3.61|1,725
013857|MYEG-C57|0.220|0.220|0.235|+0.015|+6.82|7,550
013858|MYEG-C58|0.145|0.140|0.150|+0.005|+3.45|41,550
013859|MYEG-C59|0.210|0.210|0.220|+0.010|+4.76|30,734
013860|MYEG-C60|0.260|0.265|0.275|+0.015|+5.77|4
013861|MYEG-C61|0.145|0.145|0.155|+0.010|+6.90|11,083
013862|MYEG-C62|0.210|0.195|0.210|0.000|0.00|1,754
013863|MYEG-C63|0.165|0.155|0.170|+0.005|+3.03|35,150
013864|MYEG-C64|0.125|0.120|0.135|+0.010|+8.00|13,050
013865|MYEG-C65|0.125|0.130|0.135|+0.010|+8.00|65,968
013866|MYEG-C66|0.145|0.140|0.155|+0.010|+6.90|12,414
013867|MYEG-C67|0.095|0.090|0.095|0.000|0.00|8,000
0821EA|MYETFDJ|1.075|1.075|1.050|-0.025|-2.33|660
0824EA|MYETFID|1.120|1.090|1.110|-0.010|-0.89|1,380
03010|MYKRIS|0.320|0.000|0.000|0.000|0.00|0
5275|MYNEWS|1.370|1.370|1.380|+0.010|+0.73|272
0041|MYSCM|0.240|0.240|0.240|0.000|0.00|1,425
0108|N2N|0.835|0.840|0.830|-0.005|-0.60|3,944
0108WB|N2N-WB|0.250|0.250|0.250|0.000|0.00|172
0206|NADIBHD|0.260|0.260|0.270|+0.010|+3.85|15,705
5073|NAIM|1.160|1.170|1.160|0.000|0.00|40,507
9806|NATWIDE|0.300|0.000|0.000|0.000|0.00|0
4707|NESTLE|146.800|147.000|145.000|-1.800|-1.23|382
4707CE|NESTLE-CE|0.030|0.000|0.000|0.000|0.00|0
0020|NETX|0.015|0.020|0.015|0.000|0.00|34,104
0020WB|NETX-WB|0.005|0.000|0.000|0.000|0.00|0
0096|NEXGRAM|0.020|0.015|0.020|0.000|0.00|1,400
0096WA|NEXGRAM-WA|0.005|0.005|0.005|0.000|0.00|800
0096WB|NEXGRAM-WB|0.005|0.000|0.000|0.000|0.00|0
0096WC|NEXGRAM-WC|0.005|0.000|0.000|0.000|0.00|0
7241|NGGB|0.480|0.480|0.485|+0.005|+1.04|6,612
7241WA|NGGB-WA|0.180|0.180|0.185|+0.005|+2.78|19,865
7060|NHFATT|2.680|0.000|0.000|0.000|0.00|0
7139|NICE|0.035|0.030|0.035|0.000|0.00|10,044
7139WB|NICE-WB|0.010|0.010|0.010|0.000|0.00|2,000
7215|NIHSIN|0.285|0.285|0.295|+0.010|+3.51|60,697
0083|NOTION|0.570|0.570|0.575|+0.005|+0.88|4,650
0083WC|NOTION-WC|0.250|0.000|0.000|0.000|0.00|0
0201|NOVA|0.470|0.460|0.455|-0.015|-3.19|240
0026|NOVAMSC|0.125|0.125|0.125|0.000|0.00|62,728
5047|NPC|1.780|1.790|1.700|-0.080|-4.49|21
03006|NPS|0.310|0.000|0.000|0.000|0.00|0
2038|NSOP|3.200|0.000|0.000|0.000|0.00|0
5066|NTPM|0.495|0.495|0.485|-0.010|-2.02|6,621
5025|NWP|0.075|0.080|0.080|+0.005|+6.67|3,700
4944|NYLEX|0.655|0.655|0.660|+0.005|+0.76|400
5533|OCB|0.450|0.000|0.000|0.000|0.00|0
0172|OCK|0.580|0.580|0.585|+0.005|+0.86|30,935
0172WA|OCK-WA|0.100|0.100|0.100|0.000|0.00|23,931
0049|OCNCASH|0.445|0.440|0.445|0.000|0.00|878
7071|OCR|0.270|0.270|0.270|0.000|0.00|39,221
7071PA|OCR-PA|0.025|0.025|0.025|0.000|0.00|4,000
7071WC|OCR-WC|0.030|0.030|0.030|0.000|0.00|592
7071WD|OCR-WD|0.075|0.070|0.075|0.000|0.00|28,837
7107|OFI|0.770|0.770|0.770|0.000|0.00|607
5827|OIB|2.020|0.000|0.000|0.000|0.00|0
7140|OKA|0.670|0.670|0.680|+0.010|+1.49|497
3018|OLYMPIA|0.110|0.110|0.115|+0.005|+4.55|60
9008|OMESTI|0.400|0.395|0.400|0.000|0.00|2,500
0035|OPCOM|0.665|0.670|0.705|+0.040|+6.02|43,398
0040|OPENSYS|0.335|0.330|0.325|-0.010|-2.99|2,023
4006|ORIENT|6.440|6.440|6.420|-0.020|-0.31|1,045
0079|ORION|0.210|0.210|0.205|-0.005|-2.38|123,547
0079WA|ORION-WA|0.135|0.130|0.130|-0.005|-3.70|48,633
5065|ORNA|0.985|0.985|0.980|-0.005|-0.51|380
5053|OSK|0.935|0.940|0.945|+0.010|+1.07|2,970
5053WC|OSK-WC|0.040|0.035|0.035|-0.005|-12.50|1,137
0053|OSKVI|0.470|0.475|0.460|-0.010|-2.13|82
0153|OVERSEA|0.115|0.120|0.120|+0.005|+4.35|140
5260|OWG|0.605|0.605|0.605|0.000|0.00|1,206
5260WA|OWG-WA|0.180|0.175|0.180|0.000|0.00|2,348
6009|P&O|1.000|1.000|1.000|0.000|0.00|228
7225|PA|0.050|0.055|0.055|+0.005|+10.00|2,570
7225WB|PA-WB|0.040|0.000|0.000|0.000|0.00|0
7052|PADINI|3.590|3.580|3.610|+0.020|+0.56|500
7052C1|PADINI-C1|0.095|0.000|0.000|0.000|0.00|0
7052CV|PADINI-CV|0.005|0.000|0.000|0.000|0.00|0
7052CW|PADINI-CW|0.005|0.000|0.000|0.000|0.00|0
7052CX|PADINI-CX|0.105|0.000|0.000|0.000|0.00|0
7052CY|PADINI-CY|0.070|0.000|0.000|0.000|0.00|0
7052CZ|PADINI-CZ|0.125|0.000|0.000|0.000|0.00|0
3719|PANAMY|37.700|37.700|37.280|-0.420|-1.11|81
8419|PANSAR|0.800|0.800|0.800|0.000|0.00|500
8419WA|PANSAR-WA|0.305|0.285|0.285|-0.020|-6.56|30
5125|PANTECH|0.515|0.515|0.520|+0.005|+0.97|10,837
5125WA|PANTECH-WA|0.120|0.115|0.120|0.000|0.00|575
5125WB|PANTECH-WB|0.130|0.115|0.125|-0.005|-3.85|20
5022|PAOS|0.365|0.000|0.000|0.000|0.00|0
5022WA|PAOS-WA|0.070|0.065|0.065|-0.005|-7.14|4,000
9407|PARAGON|0.305|0.305|0.305|0.000|0.00|90
1724|PARAMON|2.020|2.050|2.040|+0.020|+0.99|1,191
5657|PARKSON|0.255|0.255|0.255|0.000|0.00|12,934
0022|PARLO|0.080|0.080|0.080|0.000|0.00|350
6912|PASDEC|0.390|0.000|0.000|0.000|0.00|0
6912WA|PASDEC-WA|0.070|0.000|0.000|0.000|0.00|0
0177|PASUKGB|0.050|0.050|0.050|0.000|0.00|10
5212|PAVREIT|1.820|1.820|1.810|-0.010|-0.55|25,873
5041|PBA|1.180|1.170|1.190|+0.010|+0.85|129
1295|PBBANK|23.160|23.260|22.480|-0.680|-2.94|102,890
129527|PBBANK-C27|0.010|0.010|0.015|+0.005|+50.00|4,872
129528|PBBANK-C28|0.105|0.000|0.000|0.000|0.00|0
129529|PBBANK-C29|0.085|0.065|0.060|-0.025|-29.41|12,503
129530|PBBANK-C30|0.075|0.060|0.060|-0.015|-20.00|110,430
129531|PBBANK-C31|0.090|0.095|0.080|-0.010|-11.11|101,152
6068|PCCS|0.445|0.465|0.470|+0.025|+5.62|162,230
6068WA|PCCS-WA|0.135|0.145|0.170|+0.035|+25.93|124,739
5183|PCHEM|9.160|9.150|9.120|-0.040|-0.44|51,675
518324|PCHEM-C24|0.015|0.000|0.000|0.000|0.00|0
518325|PCHEM-C25|0.045|0.045|0.045|0.000|0.00|4,000
518326|PCHEM-C26|0.090|0.000|0.000|0.000|0.00|0
518327|PCHEM-C27|0.130|0.000|0.000|0.000|0.00|0
518328|PCHEM-C28|0.115|0.120|0.120|+0.005|+4.35|2,000
518329|PCHEM-C29|0.145|0.140|0.140|-0.005|-3.45|200
518330|PCHEM-C30|0.185|0.180|0.180|-0.005|-2.70|6,079
518331|PCHEM-C31|0.090|0.000|0.000|0.000|0.00|0
6254|PDZ|0.035|0.035|0.035|0.000|0.00|3,305
6254WB|PDZ-WB|0.010|0.010|0.010|0.000|0.00|1,500
5622|PEB|0.900|0.855|0.860|-0.040|-4.44|233
5271|PECCA|1.060|1.070|1.090|+0.030|+2.83|9,009
5231|PELIKAN|0.355|0.350|0.355|0.000|0.00|1,718
5133|PENERGY|1.040|1.070|1.030|-0.010|-0.96|6,181
9997|PENSONI|0.400|0.400|0.400|0.000|0.00|4,400
9997WB|PENSONI-WB|0.110|0.000|0.000|0.000|0.00|0
7160|PENTA|3.510|3.520|3.630|+0.120|+3.42|15,644
7108|PERDANA|0.410|0.415|0.405|-0.005|-1.22|182,394
0047|PERISAI|0.005|0.000|0.000|0.000|0.00|0
7080|PERMAJU|0.510|0.505|0.510|0.000|0.00|100,235
5436|PERSTIM|4.910|4.910|4.910|0.000|0.00|73
8311|PESONA|0.240|0.240|0.245|+0.005|+2.08|15,846
8311WC|PESONA-WC|0.045|0.050|0.050|+0.005|+11.11|4,781
5219|PESTECH|1.020|1.020|1.030|+0.010|+0.98|1,460
5681|PETDAG|25.000|25.200|24.800|-0.200|-0.80|2,555
5681CX|PETDAG-CX|0.055|0.000|0.000|0.000|0.00|0
6033|PETGAS|17.620|17.700|17.540|-0.080|-0.45|1,375
6033CS|PETGAS-CS|0.010|0.000|0.000|0.000|0.00|0
3042|PETRONM|6.610|6.620|6.510|-0.100|-1.51|1,289
3042CS|PETRONM-CS|0.035|0.000|0.000|0.000|0.00|0
3042CT|PETRONM-CT|0.150|0.000|0.000|0.000|0.00|0
3611|PGLOBE|1.000|1.050|1.050|+0.050|+5.00|20
3611WA|PGLOBE-WA|0.075|0.000|0.000|0.000|0.00|0
7081|PHARMA|2.270|2.280|2.270|0.000|0.00|862
4464|PHB|0.025|0.020|0.025|0.000|0.00|31,050
7201|PICORP|0.135|0.140|0.140|+0.005|+3.70|2,602
7095|PIE|1.560|1.570|1.570|+0.010|+0.64|2,814
0006|PINEAPP|0.320|0.000|0.000|0.000|0.00|0
1902|PINEPAC|0.330|0.330|0.335|+0.005|+1.52|683
0527C2|PINGAN-C2|0.100|0.000|0.000|0.000|0.00|0
0527C3|PINGAN-C3|0.455|0.495|0.495|+0.040|+8.79|17,614
7163|PJBUMI|0.315|0.000|0.000|0.000|0.00|0
7163WA|PJBUMI-WA|0.050|0.000|0.000|0.000|0.00|0
0171|PLABS|0.310|0.000|0.000|0.000|0.00|0
7055|PLB|1.170|0.000|0.000|0.000|0.00|0
5075|PLENITU|1.510|1.460|1.450|-0.060|-3.97|150
9695|PLS|0.970|0.970|0.960|-0.010|-1.03|5,100
7172|PMBTECH|3.350|3.380|3.310|-0.040|-1.19|455
7172LA|PMBTECH-LA|3.620|0.000|0.000|0.000|0.00|0
7172WA|PMBTECH-WA|1.560|0.000|0.000|0.000|0.00|0
4081|PMCORP|0.140|0.140|0.140|0.000|0.00|300
8869|PMETAL|4.510|4.540|4.500|-0.010|-0.22|9,848
886915|PMETAL-C15|0.050|0.060|0.055|+0.005|+10.00|2,212
886918|PMETAL-C18|0.120|0.000|0.000|0.000|0.00|0
886919|PMETAL-C19|0.070|0.000|0.000|0.000|0.00|0
886920|PMETAL-C20|0.050|0.000|0.000|0.000|0.00|0
886921|PMETAL-C21|0.035|0.000|0.000|0.000|0.00|0
886922|PMETAL-C22|0.035|0.000|0.000|0.000|0.00|0
886923|PMETAL-C23|0.180|0.000|0.000|0.000|0.00|0
886924|PMETAL-C24|0.095|0.080|0.080|-0.015|-15.79|206
886925|PMETAL-C25|0.155|0.000|0.000|0.000|0.00|0
886926|PMETAL-C26|0.125|0.125|0.125|0.000|0.00|400
886927|PMETAL-C27|0.125|0.135|0.130|+0.005|+4.00|8
886928|PMETAL-C28|0.155|0.155|0.155|0.000|0.00|500
8869WC|PMETAL-WC|4.050|4.060|4.080|+0.030|+0.74|915
1287|PMHLDG|0.040|0.045|0.045|+0.005|+12.50|3,800
6637|PNEPCB|0.520|0.515|0.515|-0.005|-0.96|1,067
5080|POHKONG|0.490|0.500|0.485|-0.005|-1.02|407
7088|POHUAT|1.530|1.540|1.530|0.000|0.00|634
7088WB|POHUAT-WB|0.510|0.530|0.530|+0.020|+3.92|139
8117|POLY|0.465|0.000|0.000|0.000|0.00|0
03007|POLYMER|0.170|0.000|0.000|0.000|0.00|0
4634|POS|1.830|1.850|1.830|0.000|0.00|8,164
463422|POS-C22|0.005|0.000|0.000|0.000|0.00|0
463423|POS-C23|0.005|0.000|0.000|0.000|0.00|0
463424|POS-C24|0.005|0.000|0.000|0.000|0.00|0
463425|POS-C25|0.005|0.000|0.000|0.000|0.00|0
463426|POS-C26|0.005|0.000|0.000|0.000|0.00|0
463427|POS-C27|0.010|0.000|0.000|0.000|0.00|0
463428|POS-C28|0.005|0.000|0.000|0.000|0.00|0
463429|POS-C29|0.035|0.000|0.000|0.000|0.00|0
463430|POS-C30|0.040|0.000|0.000|0.000|0.00|0
463431|POS-C31|0.070|0.070|0.070|0.000|0.00|2,791
463432|POS-C32|0.045|0.000|0.000|0.000|0.00|0
463433|POS-C33|0.105|0.100|0.100|-0.005|-4.76|500
463434|POS-C34|0.085|0.000|0.000|0.000|0.00|0
4065|PPB|18.320|18.360|18.400|+0.080|+0.44|4,955
4065CJ|PPB-CJ|0.115|0.000|0.000|0.000|0.00|0
7190|PPG|0.395|0.000|0.000|0.000|0.00|0
8273|PPHB|0.605|0.605|0.620|+0.015|+2.48|782
5204|PRESBHD|0.525|0.540|0.560|+0.035|+6.67|301,443
9873|PRESTAR|0.680|0.700|0.685|+0.005|+0.74|4,189
7168|PRG|0.740|0.000|0.000|0.000|0.00|0
7168WA|PRG-WA|0.335|0.335|0.330|-0.005|-1.49|690
0123|PRIVA|0.065|0.065|0.065|0.000|0.00|1,020
8346|PRKCORP|0.415|0.415|0.415|0.000|0.00|100
8966|PRLEXUS|0.550|0.550|0.550|0.000|0.00|710
8966WA|PRLEXUS-WA|0.085|0.080|0.080|-0.005|-5.88|230
5070|PRTASCO|0.265|0.265|0.270|+0.005|+1.89|7,661
5070WA|PRTASCO-WA|0.060|0.060|0.060|0.000|0.00|9
7145|PSIPTEK|0.125|0.125|0.125|0.000|0.00|8,898
7145WA|PSIPTEK-WA|0.025|0.020|0.025|0.000|0.00|7,230
9598|PTARAS|2.160|0.000|0.000|0.000|0.00|0
0038|PTB|0.135|0.000|0.000|0.000|0.00|0
0186|PTRANS|0.235|0.230|0.240|+0.005|+2.13|364,078
0186WA|PTRANS-WA|0.060|0.060|0.060|0.000|0.00|362,646
0007|PUC|0.095|0.095|0.095|0.000|0.00|83,722
0007WA|PUC-WA|0.065|0.060|0.060|-0.005|-7.69|4,221
6807|PUNCAK|0.360|0.360|0.375|+0.015|+4.17|4,719
7134|PWF|0.760|0.750|0.780|+0.020|+2.63|280
7134WA|PWF-WA|0.230|0.210|0.205|-0.025|-10.87|141
7123|PWORTH|0.050|0.050|0.055|+0.005|+10.00|540,583
7237|PWROOT|1.270|1.270|1.260|-0.010|-0.79|1,939
7237WA|PWROOT-WA|0.260|0.255|0.250|-0.010|-3.85|1,000
0196|QES|0.245|0.245|0.245|0.000|0.00|51,486
7084|QL|6.880|6.920|6.920|+0.040|+0.58|2,414
7084CL|QL-CL|0.050|0.000|0.000|0.000|0.00|0
7084CM|QL-CM|0.055|0.000|0.000|0.000|0.00|0
7084CN|QL-CN|0.080|0.000|0.000|0.000|0.00|0
7084CO|QL-CO|0.130|0.000|0.000|0.000|0.00|0
7544|QUALITY|0.815|0.825|0.825|+0.010|+1.23|5
7498|RALCO|0.260|0.260|0.260|0.000|0.00|4
7498WB|RALCO-WB|0.005|0.005|0.005|0.000|0.00|1,500
5272|RANHILL|1.310|1.310|1.310|0.000|0.00|13,023
7765|RAPID|5.940|5.870|5.640|-0.300|-5.05|21,005
9296|RCECAP|1.630|1.630|1.620|-0.010|-0.61|1,283
5256|REACH|0.300|0.310|0.310|+0.010|+3.33|29,355
5256WA|REACH-WA|0.060|0.060|0.060|0.000|0.00|28,118
03002|REDIDEA|0.280|0.000|0.000|0.000|0.00|0
0032|REDTONE|0.300|0.320|0.310|+0.010|+3.33|56,788
0032LA|REDTONE-LA|0.110|0.000|0.000|0.000|0.00|0
7232|RESINTC|0.310|0.000|0.000|0.000|0.00|0
0173|REV|0.200|0.210|0.210|+0.010|+5.00|1,693
0200|REVENUE|1.200|1.200|1.210|+0.010|+0.83|5,556
0200WA|REVENUE-WA|0.395|0.395|0.395|0.000|0.00|8,345
9946|REX|0.420|0.000|0.000|0.000|0.00|0
0106|REXIT|0.715|0.720|0.710|-0.005|-0.70|953
0037|RGB|0.210|0.210|0.210|0.000|0.00|10,452
9954|RGTBHD|0.180|0.180|0.175|-0.005|-2.78|5,546
9954WB|RGTBHD-WB|0.105|0.110|0.110|+0.005|+4.76|3,173
0202|RGTECH|0.235|0.235|0.235|0.000|0.00|196
1066|RHBBANK|5.700|5.740|5.620|-0.080|-1.40|19,277
106610|RHBBANKC10|0.090|0.000|0.000|0.000|0.00|0
106611|RHBBANKC11|0.040|0.000|0.000|0.000|0.00|0
106612|RHBBANKC12|0.085|0.080|0.080|-0.005|-5.88|500
106613|RHBBANKC13|0.070|0.000|0.000|0.000|0.00|0
5278|RHONEMA|0.750|0.725|0.770|+0.020|+2.67|190
9741|ROHAS|0.650|0.655|0.650|0.000|0.00|2,829
5113|RSAWIT|0.190|0.190|0.190|0.000|0.00|501
5270|RSENA|0.505|0.000|0.000|0.000|0.00|0
7803|RUBEREX|0.440|0.000|0.000|0.000|0.00|0
2542|RVIEW|3.020|0.000|0.000|0.000|0.00|0
5134|SAB|3.810|3.810|3.810|0.000|0.00|30
8567|SALCON|0.275|0.280|0.285|+0.010|+3.64|6,080
8567WB|SALCON-WB|0.090|0.085|0.090|0.000|0.00|6,145
0183|SALUTE|0.370|0.365|0.370|0.000|0.00|700
9822|SAM|7.790|7.790|7.920|+0.130|+1.67|432
5147|SAMCHEM|0.595|0.600|0.600|+0.005|+0.84|10,607
9113|SANBUMI|0.315|0.315|0.330|+0.015|+4.76|42,125
0541C9|SANDS-C9|0.115|0.000|0.000|0.000|0.00|0
0133|SANICHI|0.055|0.055|0.055|0.000|0.00|707
0133WC|SANICHI-WC|0.005|0.000|0.000|0.000|0.00|0
0133WD|SANICHI-WD|0.005|0.000|0.000|0.000|0.00|0
0133WE|SANICHI-WE|0.015|0.015|0.015|0.000|0.00|166
7811|SAPIND|0.760|0.740|0.735|-0.025|-3.29|80
5218|SAPNRG|0.335|0.335|0.345|+0.010|+2.99|921,443
5218PA|SAPNRG-PA|0.330|0.340|0.335|+0.005|+1.52|1,040
5218WA|SAPNRG-WA|0.130|0.130|0.135|+0.005|+3.85|488,924
521869|SAPNRGC69|0.005|0.000|0.000|0.000|0.00|0
521870|SAPNRGC70|0.060|0.000|0.000|0.000|0.00|0
521871|SAPNRGC71|0.005|0.000|0.000|0.000|0.00|0
521872|SAPNRGC72|0.005|0.000|0.000|0.000|0.00|0
521873|SAPNRGC73|0.030|0.030|0.030|0.000|0.00|200
521874|SAPNRGC74|0.030|0.030|0.030|0.000|0.00|2,510
521875|SAPNRGC75|0.080|0.080|0.085|+0.005|+6.25|14,655
521876|SAPNRGC76|0.075|0.075|0.080|+0.005|+6.67|2,999
4596|SAPRES|0.615|0.610|0.590|-0.025|-4.07|20
5252|SASBADI|0.230|0.235|0.235|+0.005|+2.17|22,827
5157|SAUDEE|0.320|0.000|0.000|0.000|0.00|0
5157WA|SAUDEE-WA|0.100|0.000|0.000|0.000|0.00|0
2569|SBAGAN|2.960|0.000|0.000|0.000|0.00|0
5207|SBCCORP|0.480|0.465|0.465|-0.015|-3.13|1,593
5170|SCABLE|0.350|0.345|0.355|+0.005|+1.43|11,918
0109|SCBUILD|0.030|0.030|0.030|0.000|0.00|21,000
0109WB|SCBUILD-WB|0.005|0.005|0.005|0.000|0.00|50,083
0158|SCC|0.515|0.505|0.510|-0.005|-0.97|260
7247|SCGM|1.040|1.030|1.040|0.000|0.00|2,741
7247WA|SCGM-WA|0.065|0.000|0.000|0.000|0.00|0
0161|SCH|0.130|0.125|0.125|-0.005|-3.85|4,000
0161WA|SCH-WA|0.040|0.040|0.040|0.000|0.00|2,999
9237|SCIB|0.585|0.580|0.575|-0.010|-1.71|1,939
0099|SCICOM|1.090|1.090|1.090|0.000|0.00|711
4731|SCIENTX|8.550|8.500|8.500|-0.050|-0.58|534
4731CF|SCIENTX-CF|0.060|0.065|0.065|+0.005|+8.33|111
7239|SCNWOLF|0.175|0.175|0.175|0.000|0.00|50
7158|SCOMI|0.050|0.050|0.055|+0.005|+10.00|47,300
7158WB|SCOMI-WB|0.010|0.015|0.015|+0.005|+50.00|8,977
7045|SCOMIES|0.085|0.090|0.090|+0.005|+5.88|54,573
0001|SCOMNET|0.790|0.795|0.790|0.000|0.00|6,305
0028|SCOPE|0.230|0.230|0.225|-0.005|-2.17|11,095
0028WA|SCOPE-WA|0.090|0.090|0.090|0.000|0.00|1,390
2224|SDRED|0.660|0.660|0.660|0.000|0.00|2,678
7073|SEACERA|0.345|0.350|0.330|-0.015|-4.35|322,351
7073WB|SEACERA-WB|0.005|0.000|0.000|0.000|0.00|0
7073WC|SEACERA-WC|0.045|0.045|0.040|-0.005|-11.11|20,162
4286|SEAL|0.340|0.000|0.000|0.000|0.00|0
5145|SEALINK|0.205|0.210|0.235|+0.030|+14.63|383,384
5163|SEB|0.380|0.000|0.000|0.000|0.00|0
0178|SEDANIA|0.135|0.135|0.130|-0.005|-3.70|1,101
7053|SEEHUP|0.910|0.000|0.000|0.000|0.00|0
03009|SEERS|0.100|0.000|0.000|0.000|0.00|0
9792|SEG|0.630|0.625|0.625|-0.005|-0.79|3,650
5250|SEM|1.480|1.480|1.450|-0.030|-2.03|715
5205|SENDAI|0.475|0.480|0.490|+0.015|+3.16|126,909
5279|SERBADK|3.770|3.820|3.790|+0.020|+0.53|4,213
5279CP|SERBADK-CP|0.060|0.000|0.000|0.000|0.00|0
5279CQ|SERBADK-CQ|0.170|0.000|0.000|0.000|0.00|0
5279CR|SERBADK-CR|0.125|0.125|0.125|0.000|0.00|500
5279CS|SERBADK-CS|0.090|0.000|0.000|0.000|0.00|0
7180|SERNKOU|0.525|0.520|0.510|-0.015|-2.86|800
7180WA|SERNKOU-WA|0.275|0.000|0.000|0.000|0.00|0
0055|SERSOL|0.105|0.000|0.000|0.000|0.00|0
0055WA|SERSOL-WA|0.040|0.000|0.000|0.000|0.00|0
5517|SHANG|5.570|5.500|5.510|-0.060|-1.08|2,666
4316|SHCHAN|0.440|0.000|0.000|0.000|0.00|0
7412|SHH|0.485|0.000|0.000|0.000|0.00|0
6017|SHL|2.400|2.390|2.340|-0.060|-2.50|30
5181|SIGGAS|0.935|0.930|0.930|-0.005|-0.53|3,985
7246|SIGN|0.490|0.480|0.485|-0.005|-1.02|767
7246WA|SIGN-WA|0.085|0.000|0.000|0.000|0.00|0
4197|SIME|2.230|2.240|2.220|-0.010|-0.45|33,755
419727|SIME-C27|0.005|0.000|0.000|0.000|0.00|0
419728|SIME-C28|0.015|0.000|0.000|0.000|0.00|0
419729|SIME-C29|0.040|0.000|0.000|0.000|0.00|0
419730|SIME-C30|0.035|0.000|0.000|0.000|0.00|0
419731|SIME-C31|0.035|0.000|0.000|0.000|0.00|0
419732|SIME-C32|0.095|0.075|0.090|-0.005|-5.26|9,000
419733|SIME-C33|0.055|0.055|0.055|0.000|0.00|4
419734|SIME-C34|0.150|0.090|0.090|-0.060|-40.00|2,006
5285|SIMEPLT|5.020|5.000|5.080|+0.060|+1.20|30,609
5285CI|SIMEPLT-CI|0.035|0.000|0.000|0.000|0.00|0
5285CJ|SIMEPLT-CJ|0.090|0.090|0.090|0.000|0.00|25,954
5285CK|SIMEPLT-CK|0.115|0.000|0.000|0.000|0.00|0
5288|SIMEPROP|1.110|1.090|1.120|+0.010|+0.90|11,166
5288CJ|SIMEPROP-CJ|0.020|0.000|0.000|0.000|0.00|0
5288CK|SIMEPROP-CK|0.045|0.045|0.045|0.000|0.00|6,000
5288CL|SIMEPROP-CL|0.060|0.065|0.065|+0.005|+8.33|2,639
5288CM|SIMEPROP-CM|0.135|0.135|0.130|-0.005|-3.70|5,996
8532|SINOTOP|0.270|0.290|0.290|+0.020|+7.41|200
9431|SJC|0.540|0.000|0.000|0.000|0.00|0
7115|SKBSHUT|0.580|0.000|0.000|0.000|0.00|0
7155|SKPRES|1.340|1.340|1.340|0.000|0.00|12,848
7155CN|SKPRES-CN|0.040|0.000|0.000|0.000|0.00|0
7155CO|SKPRES-CO|0.040|0.040|0.040|0.000|0.00|6,600
7155CP|SKPRES-CP|0.050|0.000|0.000|0.000|0.00|0
7155CQ|SKPRES-CQ|0.115|0.110|0.110|-0.005|-4.35|20,000
03008|SLIC|0.420|0.000|0.000|0.000|0.00|0
7248|SLP|1.220|1.180|1.220|0.000|0.00|110
9776|SMCAP|0.180|0.180|0.190|+0.010|+5.56|43,425
9776WC|SMCAP-WC|0.095|0.090|0.090|-0.005|-5.26|999
0203|SMETRIC|0.540|0.540|0.535|-0.005|-0.93|230
4375|SMI|0.170|0.170|0.170|0.000|0.00|7,082
7132|SMISCOR|0.480|0.400|0.400|-0.080|-16.67|500
0117|SMRT|0.120|0.120|0.120|0.000|0.00|2,251
0169|SMTRACK|0.095|0.095|0.095|0.000|0.00|225
7943|SNC|0.235|0.000|0.000|0.000|0.00|0
5213|SNTORIA|0.400|0.000|0.000|0.000|0.00|0
5213WA|SNTORIA-WA|0.005|0.000|0.000|0.000|0.00|0
5213WB|SNTORIA-WB|0.050|0.045|0.045|-0.005|-10.00|340
5242|SOLID|0.310|0.000|0.000|0.000|0.00|0
5242WA|SOLID-WA|0.070|0.000|0.000|0.000|0.00|0
0093|SOLUTN|0.085|0.090|0.085|0.000|0.00|390
0093WA|SOLUTN-WA|0.025|0.000|0.000|0.000|0.00|0
5126|SOP|2.470|2.510|2.440|-0.030|-1.21|3
0656CG|SP500-CG|0.820|0.905|0.925|+0.105|+12.80|1,664
0656CH|SP500-CH|1.450|0.000|0.000|0.000|0.00|0
0656CI|SP500-CI|0.860|0.985|0.985|+0.125|+14.53|56
0656HG|SP500-HG|0.160|0.145|0.120|-0.040|-25.00|3,616
0656HH|SP500-HH|0.265|0.235|0.245|-0.020|-7.55|161
0656HI|SP500-HI|0.800|0.735|0.730|-0.070|-8.75|2,037
1783|SPB|6.250|6.250|6.250|0.000|0.00|303
7103|SPRITZER|2.190|2.150|2.190|0.000|0.00|33
8664|SPSETIA|2.270|2.240|2.200|-0.070|-3.08|18,043
866410|SPSETIA-C10|0.010|0.000|0.000|0.000|0.00|0
866411|SPSETIA-C11|0.065|0.000|0.000|0.000|0.00|0
866412|SPSETIA-C12|0.095|0.085|0.080|-0.015|-15.79|2,100
866413|SPSETIA-C13|0.065|0.060|0.060|-0.005|-7.69|200
866414|SPSETIA-C14|0.130|0.120|0.110|-0.020|-15.38|362
866415|SPSETIA-C15|0.150|0.000|0.000|0.000|0.00|0
866416|SPSETIA-C16|0.075|0.000|0.000|0.000|0.00|0
8664PA|SPSETIA-PA|0.900|0.900|0.900|0.000|0.00|100
8664PB|SPSETIA-PB|0.770|0.000|0.000|0.000|0.00|0
0129|SRIDGE|0.205|0.210|0.205|0.000|0.00|2,416
0129WA|SRIDGE-WA|0.055|0.000|0.000|0.000|0.00|0
5665|SSTEEL|0.830|0.840|0.855|+0.025|+3.01|3,178
5665LB|SSTEEL-LB|0.760|0.000|0.000|0.000|0.00|0
6084|STAR|0.755|0.755|0.745|-0.010|-1.32|1,659
0140|STERPRO|0.185|0.190|0.190|+0.005|+2.70|270
0140WA|STERPRO-WA|0.035|0.030|0.030|-0.005|-14.29|750
7143|STONE|0.055|0.055|0.045|-0.010|-18.18|5,331
7143WA|STONE-WA|0.005|0.005|0.005|0.000|0.00|500
0080|STRAITS|0.270|0.270|0.265|-0.005|-1.85|85,200
0080WA|STRAITS-WA|0.170|0.170|0.165|-0.005|-2.94|81,991
6904|SUBUR|0.545|0.000|0.000|0.000|0.00|0
7207|SUCCESS|0.670|0.660|0.670|0.000|0.00|1,014
9865|SUIWAH|2.690|2.690|2.750|+0.060|+2.23|78
1201|SUMATEC|0.005|0.010|0.010|+0.005|+100.00|16,358
1201WA|SUMATEC-WA|0.010|0.010|0.005|-0.005|-50.00|6,101
5263|SUNCON|1.910|1.920|1.940|+0.030|+1.57|1,512
5263CU|SUNCON-CU|0.055|0.000|0.000|0.000|0.00|0
5263CV|SUNCON-CV|0.045|0.000|0.000|0.000|0.00|0
5263CW|SUNCON-CW|0.100|0.105|0.105|+0.005|+5.00|200
5176|SUNREIT|1.800|1.800|1.800|0.000|0.00|14,797
3743|SUNSURIA|0.675|0.675|0.675|0.000|0.00|50
3743WA|SUNSURIA-WA|0.045|0.000|0.000|0.000|0.00|0
5211|SUNWAY|1.660|1.670|1.690|+0.030|+1.81|49,578
5211WB|SUNWAY-WB|0.300|0.300|0.350|+0.050|+16.67|67,979
0148|SUNZEN|0.160|0.160|0.165|+0.005|+3.13|45,439
0148WA|SUNZEN-WA|0.045|0.000|0.000|0.000|0.00|0
0148WB|SUNZEN-WB|0.055|0.050|0.050|-0.005|-9.09|10
7235|SUPERLN|1.110|1.110|1.080|-0.030|-2.70|5,095
7106|SUPERMX|1.470|1.480|1.510|+0.040|+2.72|45,859
710648|SUPERMX-C48|0.005|0.000|0.000|0.000|0.00|0
710654|SUPERMX-C54|0.040|0.000|0.000|0.000|0.00|0
710655|SUPERMX-C55|0.025|0.000|0.000|0.000|0.00|0
710656|SUPERMX-C56|0.090|0.000|0.000|0.000|0.00|0
710657|SUPERMX-C57|0.070|0.065|0.070|0.000|0.00|900
710658|SUPERMX-C58|0.040|0.040|0.045|+0.005|+12.50|41,000
710659|SUPERMX-C59|0.065|0.065|0.070|+0.005|+7.69|10,291
710660|SUPERMX-C60|0.030|0.000|0.000|0.000|0.00|0
710661|SUPERMX-C61|0.025|0.000|0.000|0.000|0.00|0
710662|SUPERMX-C62|0.060|0.060|0.060|0.000|0.00|4,500
710663|SUPERMX-C63|0.055|0.055|0.055|0.000|0.00|1,000
710664|SUPERMX-C64|0.075|0.075|0.075|0.000|0.00|1,000
710665|SUPERMX-C65|0.080|0.000|0.000|0.000|0.00|0
710666|SUPERMX-C66|0.070|0.070|0.070|0.000|0.00|204
710667|SUPERMX-C67|0.100|0.100|0.100|0.000|0.00|14,000
03018|SUPREME|0.680|0.000|0.000|0.000|0.00|0
6521|SURIA|1.380|1.360|1.400|+0.020|+1.45|134
5135|SWKPLNT|1.550|0.000|0.000|0.000|0.00|0
7186|SWSCAP|0.655|0.660|0.660|+0.005|+0.76|32
7186WB|SWSCAP-WB|0.075|0.000|0.000|0.000|0.00|0
9717|SYCAL|0.255|0.270|0.275|+0.020|+7.84|9,739
7082|SYF|0.220|0.220|0.220|0.000|0.00|1,050
7082WB|SYF-WB|0.005|0.010|0.010|+0.005|+100.00|1,001
1538|SYMLIFE|0.420|0.420|0.425|+0.005|+1.19|1,789
1538WB|SYMLIFE-WB|0.030|0.030|0.030|0.000|0.00|1,890
5173|SYSCORP|0.315|0.315|0.315|0.000|0.00|2,806
0050|SYSTECH|0.240|0.235|0.230|-0.010|-4.17|1,791
7228|T7GLOBAL|0.535|0.535|0.540|+0.005|+0.93|20,599
4898|TA|0.620|0.625|0.645|+0.025|+4.03|1,755
5012|TAANN|2.400|2.400|2.300|-0.100|-4.17|1,062
5012CM|TAANN-CM|0.080|0.000|0.000|0.000|0.00|0
4022|TADMAX|0.205|0.210|0.205|0.000|0.00|5,210
7211|TAFI|0.290|0.000|0.000|0.000|0.00|0
5158|TAGB|0.250|0.245|0.250|0.000|0.00|10,546
6139|TAKAFUL|4.980|4.990|5.300|+0.320|+6.43|15,297
6139CC|TAKAFUL-CC|0.110|0.120|0.165|+0.055|+50.00|25,217
6139CD|TAKAFUL-CD|0.160|0.205|0.225|+0.065|+40.63|14,900
2259|TALAMT|0.045|0.045|0.040|-0.005|-11.11|64,325
8524|TALIWRK|0.890|0.890|0.890|0.000|0.00|1,633
8524CE|TALIWRK-CE|0.140|0.000|0.000|0.000|0.00|0
5191|TAMBUN|0.775|0.775|0.770|-0.005|-0.65|1,813
2429|TANCO|0.055|0.050|0.050|-0.005|-9.09|22,652
2429WB|TANCO-WB|0.020|0.000|0.000|0.000|0.00|0
5149|TAS|0.295|0.295|0.300|+0.005|+1.69|5,225
5140|TASCO|1.660|1.680|1.650|-0.010|-0.60|3,500
4448|TASEK|4.960|5.150|5.050|+0.090|+1.81|304
4448P|TASEK-PA|10.100|0.000|0.000|0.000|0.00|0
7097|TAWIN|0.510|0.510|0.510|0.000|0.00|716
4405|TCHONG|1.510|1.510|1.510|0.000|0.00|1,752
0132|TDEX|0.080|0.070|0.070|-0.010|-12.50|300
2054|TDM|0.170|0.170|0.170|0.000|0.00|19,609
0084|TECFAST|0.320|0.325|0.325|+0.005|+1.56|1,957
7439|TECGUAN|1.390|1.340|1.330|-0.060|-4.32|1,481
5289|TECHBND|0.795|0.780|0.770|-0.025|-3.14|820
7200|TEKSENG|0.235|0.235|0.235|0.000|0.00|840
7200WA|TEKSENG-WA|0.040|0.035|0.035|-0.005|-12.50|500
5347|TENAGA|12.660|12.700|12.620|-0.040|-0.32|36,000
534749|TENAGA-C49|0.005|0.000|0.000|0.000|0.00|0
534750|TENAGA-C50|0.035|0.000|0.000|0.000|0.00|0
534751|TENAGA-C51|0.030|0.035|0.030|0.000|0.00|1,240
534752|TENAGA-C52|0.040|0.000|0.000|0.000|0.00|0
534753|TENAGA-C53|0.045|0.045|0.045|0.000|0.00|450
534754|TENAGA-C54|0.085|0.085|0.080|-0.005|-5.88|4,600
534755|TENAGA-C55|0.095|0.090|0.090|-0.005|-5.26|17,000
534756|TENAGA-C56|0.190|0.190|0.185|-0.005|-2.63|12,298
0546C7|TENCENT-C7|0.165|0.000|0.000|0.000|0.00|0
7252|TEOSENG|1.220|1.210|1.200|-0.020|-1.64|8,645
7252WA|TEOSENG-WA|0.230|0.230|0.205|-0.025|-10.87|500
8702|TEXCHEM|0.700|0.000|0.000|0.000|0.00|0
0089|TEXCYCL|0.530|0.525|0.525|-0.005|-0.94|192
0145|TFP|0.105|0.000|0.000|0.000|0.00|0
9369|TGL|1.000|0.000|0.000|0.000|0.00|0
7034|TGUAN|2.530|2.510|2.500|-0.030|-1.19|533
7034LA|TGUAN-LA|2.570|0.000|0.000|0.000|0.00|0
7034WA|TGUAN-WA|1.030|0.000|0.000|0.000|0.00|0
9075|THETA|0.395|0.000|0.000|0.000|0.00|0
7206|THHEAVY|0.060|0.060|0.060|0.000|0.00|13,010
7206PB|THHEAVY-PB|0.075|0.000|0.000|0.000|0.00|0
5112|THPLANT|0.520|0.515|0.520|0.000|0.00|1,824
7889|THRIVEN|0.230|0.235|0.240|+0.010|+4.35|17,274
7889WB|THRIVEN-WB|0.065|0.070|0.075|+0.010|+15.38|7,893
7374|TIENWAH|1.380|1.360|1.360|-0.020|-1.45|50
7079|TIGER|0.070|0.070|0.070|0.000|0.00|42,818
7079WC|TIGER-WC|0.020|0.000|0.000|0.000|0.00|0
5031|TIMECOM|8.700|8.500|8.700|0.000|0.00|5,962
7854|TIMWELL|0.650|0.605|0.605|-0.045|-6.92|126
5239|TITIJYA|0.300|0.300|0.300|0.000|0.00|16,090
5239PA|TITIJYA-PA|0.030|0.000|0.000|0.000|0.00|0
4863|TM|3.200|3.210|3.150|-0.050|-1.56|45,381
486328|TM-C28|0.005|0.005|0.005|0.000|0.00|470
486330|TM-C30|0.045|0.000|0.000|0.000|0.00|0
486331|TM-C31|0.050|0.000|0.000|0.000|0.00|0
486333|TM-C33|0.065|0.000|0.000|0.000|0.00|0
486334|TM-C34|0.085|0.000|0.000|0.000|0.00|0
486335|TM-C35|0.110|0.115|0.110|0.000|0.00|600
486336|TM-C36|0.235|0.000|0.000|0.000|0.00|0
486337|TM-C37|0.360|0.000|0.000|0.000|0.00|0
486338|TM-C38|0.185|0.000|0.000|0.000|0.00|0
486339|TM-C39|0.245|0.240|0.230|-0.015|-6.12|600
486340|TM-C40|0.165|0.000|0.000|0.000|0.00|0
486341|TM-C41|0.090|0.000|0.000|0.000|0.00|0
0101|TMCLIFE|0.725|0.725|0.725|0.000|0.00|728
0101WB|TMCLIFE-WB|0.010|0.010|0.010|0.000|0.00|1,367
8397|TNLOGIS|0.605|0.605|0.600|-0.005|-0.83|160
7218|TOCEAN|0.615|0.650|0.645|+0.030|+4.88|196
7230|TOMEI|0.540|0.000|0.000|0.000|0.00|0
7285|TOMYPAK|0.485|0.485|0.485|0.000|0.00|1,536
7285WA|TOMYPAK-WA|0.130|0.120|0.120|-0.010|-7.69|2,099
5010|TONGHER|3.550|3.600|3.600|+0.050|+1.41|118
7113|TOPGLOV|4.620|4.660|4.620|0.000|0.00|47,876
711341|TOPGLOV-C41|0.005|0.005|0.005|0.000|0.00|4,094
711342|TOPGLOV-C42|0.025|0.000|0.000|0.000|0.00|0
711343|TOPGLOV-C43|0.035|0.000|0.000|0.000|0.00|0
711344|TOPGLOV-C44|0.035|0.030|0.030|-0.005|-14.29|2,671
711345|TOPGLOV-C45|0.090|0.095|0.090|0.000|0.00|9,020
711346|TOPGLOV-C46|0.085|0.080|0.080|-0.005|-5.88|1,755
711347|TOPGLOV-C47|0.090|0.105|0.105|+0.015|+16.67|202
711348|TOPGLOV-C48|0.070|0.075|0.080|+0.010|+14.29|3,200
711349|TOPGLOV-C49|0.145|0.150|0.145|0.000|0.00|31,280
711350|TOPGLOV-C50|0.105|0.110|0.105|0.000|0.00|3,511
711351|TOPGLOV-C51|0.145|0.150|0.150|+0.005|+3.45|27,300
711352|TOPGLOV-C52|0.210|0.210|0.210|0.000|0.00|4,500
03013|TOPVISN|0.400|0.000|0.000|0.000|0.00|0
7173|TOYOINK|0.620|0.620|0.620|0.000|0.00|107
7173WB|TOYOINK-WB|0.085|0.085|0.085|0.000|0.00|590
7176|TPC|0.415|0.415|0.410|-0.005|-1.20|945
7176WA|TPC-WA|0.220|0.200|0.205|-0.015|-6.82|1,914
5054|TRC|0.620|0.625|0.645|+0.025|+4.03|11,498
0199|TRIMODE|0.435|0.440|0.430|-0.005|-1.15|400
0118|TRIVE|0.015|0.015|0.020|+0.005|+33.33|4,995
0118WB|TRIVE-WB|0.005|0.000|0.000|0.000|0.00|0
5401|TROP|0.865|0.865|0.875|+0.010|+1.16|944
5401WA|TROP-WA|0.020|0.000|0.000|0.000|0.00|0
9059|TSH|1.050|1.040|1.020|-0.030|-2.86|882
5042|TSRCAP|0.400|0.000|0.000|0.000|0.00|0
5042WB|TSRCAP-WB|0.045|0.000|0.000|0.000|0.00|0
5230|TUNEPRO|0.670|0.680|0.675|+0.005|+0.75|3,950
5167|TURBO|0.765|0.000|0.000|0.000|0.00|0
4359|TURIYA|0.150|0.000|0.000|0.000|0.00|0
5111|TWRREIT|0.895|0.900|0.895|0.000|0.00|50
7100|UCHITEC|2.670|2.670|2.640|-0.030|-1.12|1,351
7100CE|UCHITEC-CE|0.025|0.000|0.000|0.000|0.00|0
7100CF|UCHITEC-CF|0.095|0.000|0.000|0.000|0.00|0
0005|UCREST|0.260|0.260|0.255|-0.005|-1.92|77,287
5148|UEMS|0.820|0.825|0.845|+0.025|+3.05|42,115
514864|UEMS-C64|0.040|0.000|0.000|0.000|0.00|0
514865|UEMS-C65|0.070|0.075|0.075|+0.005|+7.14|5,195
514866|UEMS-C66|0.055|0.055|0.060|+0.005|+9.09|4,100
7133|ULICORP|0.425|0.420|0.435|+0.010|+2.35|4,710
2593|UMCCA|5.440|5.400|5.500|+0.060|+1.10|1,190
7137|UMS|2.000|1.980|1.980|-0.020|-1.00|50
7227|UMSNGB|0.995|0.000|0.000|0.000|0.00|0
4588|UMW|5.730|5.730|5.680|-0.050|-0.87|1,300
458811|UMW-C11|0.035|0.000|0.000|0.000|0.00|0
458812|UMW-C12|0.210|0.000|0.000|0.000|0.00|0
458813|UMW-C13|0.185|0.185|0.185|0.000|0.00|4
458814|UMW-C14|0.185|0.175|0.175|-0.010|-5.41|1,000
458815|UMW-C15|0.190|0.000|0.000|0.000|0.00|0
458816|UMW-C16|0.105|0.000|0.000|0.000|0.00|0
458817|UMW-C17|0.100|0.100|0.095|-0.005|-5.00|700
7091|UNIMECH|1.080|1.090|1.070|-0.010|-0.93|910
5005|UNISEM|2.650|2.650|2.680|+0.030|+1.13|222
500515|UNISEM-C15|0.060|0.000|0.000|0.000|0.00|0
03017|UNIWALL|0.320|0.360|0.360|+0.040|+12.50|10
5200|UOADEV|2.150|2.150|2.140|-0.010|-0.47|3,379
5110|UOAREIT|1.400|1.410|1.390|-0.010|-0.71|689
7757|UPA|2.240|0.000|0.000|0.000|0.00|0
2089|UTDPLT|27.320|27.480|27.480|+0.160|+0.59|47
5754|UTUSAN|0.150|0.170|0.170|+0.020|+13.33|50
7250|UZMA|0.920|0.925|0.930|+0.010|+1.09|15,435
0060|VC|0.180|0.170|0.170|-0.010|-5.56|7,242
5243|VELESTO|0.285|0.290|0.290|+0.005|+1.75|84,666
524325|VELESTO-C25|0.025|0.000|0.000|0.000|0.00|0
524326|VELESTO-C26|0.120|0.000|0.000|0.000|0.00|0
524327|VELESTO-C27|0.095|0.100|0.100|+0.005|+5.26|2,000
5243WA|VELESTO-WA|0.115|0.115|0.120|+0.005|+4.35|21,532
4995|VERSATL|0.365|0.360|0.360|-0.005|-1.37|30
7240|VERTICE|0.895|0.860|0.895|0.000|0.00|310
7240WA|VERTICE-WA|0.500|0.000|0.000|0.000|0.00|0
0120|VIS|0.410|0.410|0.415|+0.005|+1.22|21,076
0120WB|VIS-WB|0.140|0.145|0.145|+0.005|+3.57|9,212
0097|VITROX|7.180|7.120|7.180|0.000|0.00|1,029
0097CM|VITROX-CM|0.060|0.055|0.055|-0.005|-8.33|59
0069|VIVOCOM|0.020|0.020|0.020|0.000|0.00|11,660
0069WC|VIVOCOM-WC|0.005|0.000|0.000|0.000|0.00|0
0069WD|VIVOCOM-WD|0.005|0.000|0.000|0.000|0.00|0
0069WE|VIVOCOM-WE|0.005|0.010|0.010|+0.005|+100.00|60
7070|VIZIONE|0.960|0.960|0.960|0.000|0.00|10,252
7070LA|VIZIONE-LA|0.070|0.000|0.000|0.000|0.00|0
7070WC|VIZIONE-WC|0.380|0.420|0.405|+0.025|+6.58|323
6963|VS|1.070|1.070|1.050|-0.020|-1.87|179,840
696310|VS-C10|0.105|0.105|0.100|-0.005|-4.76|57,712
696311|VS-C11|0.205|0.000|0.000|0.000|0.00|0
696312|VS-C12|0.090|0.090|0.085|-0.005|-5.56|6,000
696313|VS-C13|0.115|0.110|0.110|-0.005|-4.35|19,550
696314|VS-C14|0.075|0.000|0.000|0.000|0.00|0
696315|VS-C15|0.165|0.170|0.160|-0.005|-3.03|30,390
6963C7|VS-C7|0.005|0.000|0.000|0.000|0.00|0
6963C8|VS-C8|0.180|0.000|0.000|0.000|0.00|0
6963C9|VS-C9|0.150|0.150|0.145|-0.005|-3.33|43,330
0066|VSOLAR|0.205|0.205|0.200|-0.005|-2.44|155,555
5162|VSTECS|0.985|0.990|0.990|+0.005|+0.51|100
7203|WANGZNG|1.120|0.000|0.000|0.000|0.00|0
5016|WARISAN|2.100|2.100|2.100|0.000|0.00|2
5142|WASEONG|0.775|0.775|0.760|-0.015|-1.94|5,269
7226|WATTA|0.800|0.800|0.805|+0.005|+0.63|570
3565|WCEHB|0.530|0.550|0.560|+0.030|+5.66|11,470
9679|WCT|0.830|0.840|0.840|+0.010|+1.20|27,856
967915|WCT-C15|0.015|0.000|0.000|0.000|0.00|0
967916|WCT-C16|0.040|0.040|0.040|0.000|0.00|2,500
9679WE|WCT-WE|0.070|0.075|0.080|+0.010|+14.29|14,874
0197|WEGMANS|0.325|0.320|0.325|0.000|0.00|518
0197WA|WEGMANS-WA|0.135|0.135|0.135|0.000|0.00|3,283
7231|WELLCAL|1.260|1.240|1.240|-0.020|-1.59|475
0162|WIDAD|0.325|0.325|0.315|-0.010|-3.08|63,942
0162WA|WIDAD-WA|0.095|0.100|0.090|-0.005|-5.26|80,145
7692|WIDETEC|0.560|0.000|0.000|0.000|0.00|0
0008|WILLOW|0.480|0.450|0.455|-0.025|-5.21|500
0141|WINTONI|0.035|0.000|0.000|0.000|0.00|0
6378|WMG|0.125|0.130|0.130|+0.005|+4.00|150
7050|WONG|0.570|0.560|0.585|+0.015|+2.63|735
7025|WOODLAN|0.730|0.000|0.000|0.000|0.00|0
5246|WPRTS|3.760|3.730|3.640|-0.120|-3.19|12,082
5246CX|WPRTS-CX|0.050|0.000|0.000|0.000|0.00|0
5246CY|WPRTS-CY|0.130|0.115|0.115|-0.015|-11.54|292
5246CZ|WPRTS-CZ|0.150|0.000|0.000|0.000|0.00|0
5009|WTHORSE|1.070|1.050|1.020|-0.050|-4.67|185
4243|WTK|0.605|0.620|0.665|+0.060|+9.92|44,422
7245|WZSATU|0.285|0.285|0.290|+0.005|+1.75|7,599
7245WA|WZSATU-WA|0.115|0.120|0.125|+0.010|+8.70|2,238
5156|XDL|0.090|0.095|0.095|+0.005|+5.56|145,393
5156WD|XDL-WD|0.015|0.015|0.015|0.000|0.00|2,940
7121|XIANLNG|0.430|0.430|0.435|+0.005|+1.16|1,120
0581C1|XIAOMI-C1|0.010|0.010|0.010|0.000|0.00|1,300
0581C2|XIAOMI-C2|0.140|0.000|0.000|0.000|0.00|0
0095|XINGHE|0.030|0.030|0.035|+0.005|+16.67|12,014
5267|XINHWA|0.800|0.785|0.800|0.000|0.00|1,935
5155|XINQUAN|0.055|0.000|0.000|0.000|0.00|0
5155WA|XINQUAN-WA|0.005|0.000|0.000|0.000|0.00|0
5155WB|XINQUAN-WB|0.015|0.000|0.000|0.000|0.00|0
0165|XOX|0.050|0.055|0.050|0.000|0.00|2,562
7003|Y&G|0.910|0.000|0.000|0.000|0.00|0
7003WA|Y&G-WA|0.100|0.000|0.000|0.000|0.00|0
0025|YBS|0.130|0.130|0.135|+0.005|+3.85|9,950
5584|YEELEE|1.910|1.900|1.880|-0.030|-1.57|431
7122|YFG|0.005|0.000|0.000|0.000|0.00|0
0086|YGL|0.115|0.000|0.000|0.000|0.00|0
5048|YILAI|0.625|0.000|0.000|0.000|0.00|0
7293|YINSON|4.600|4.600|4.580|-0.020|-0.43|44,564
7293CT|YINSON-CT|0.040|0.035|0.030|-0.010|-25.00|2,999
7293CV|YINSON-CV|0.055|0.000|0.000|0.000|0.00|0
7293CW|YINSON-CW|0.110|0.000|0.000|0.000|0.00|0
7293CX|YINSON-CX|0.150|0.000|0.000|0.000|0.00|0
7020|YKGI|0.115|0.115|0.120|+0.005|+4.35|7,161
7020WB|YKGI-WB|0.015|0.015|0.015|0.000|0.00|855
7014|YLI|0.280|0.000|0.000|0.000|0.00|0
3158|YNHPROP|1.190|1.170|1.220|+0.030|+2.52|51,773
5159|YOCB|1.170|1.190|1.180|+0.010|+0.85|1,023
7066|YONGTAI|0.355|0.360|0.355|0.000|0.00|22,508
7066PA|YONGTAI-PA|0.210|0.210|0.210|0.000|0.00|1,007
7066WA|YONGTAI-WA|0.090|0.090|0.090|0.000|0.00|1,753
7178|YSPSAH|2.850|2.820|2.820|-0.030|-1.05|20
4677|YTL|1.060|1.050|1.050|-0.010|-0.94|28,301
467723|YTL-C23|0.055|0.000|0.000|0.000|0.00|0
467724|YTL-C24|0.070|0.000|0.000|0.000|0.00|0
467725|YTL-C25|0.150|0.150|0.150|0.000|0.00|2,000
2577|YTLLAND|0.385|0.000|0.000|0.000|0.00|0
2577LA|YTLLAND-LA|0.360|0.000|0.000|0.000|0.00|0
6742|YTLPOWR|0.860|0.860|0.855|-0.005|-0.58|4,505
6742C5|YTLPOWR-C5|0.005|0.000|0.000|0.000|0.00|0
6742C6|YTLPOWR-C6|0.045|0.000|0.000|0.000|0.00|0
6742C7|YTLPOWR-C7|0.150|0.000|0.000|0.000|0.00|0
6742C8|YTLPOWR-C8|0.095|0.000|0.000|0.000|0.00|0
5109|YTLREIT|1.280|1.290|1.290|+0.010|+0.78|1,474
7028|ZECON|0.265|0.270|0.290|+0.025|+9.43|92,772
2283|ZELAN|0.085|0.085|0.095|+0.010|+11.76|91,641
5131|ZHULIAN|1.380|1.380|1.380|0.000|0.00|665
0012|3A|0.935|0.940|0.930|-0.005|-0.53|1,886
